# Project Zomboid Skinned Mesh
# File Version:
1.0
# Model Name:
Cone.000
# Vertex Stride Element Count:
3
# Vertex Stride Size (in bytes):
76
# Vertex Stride Data:
# (Int)    Offset
# (String) Type
0
VertexArray
12
NormalArray
24
TextureCoordArray
# Vertex Count:
521
# Vertex Buffer:
0.00012017, 0.44361937, -0.03354796
0.00549333, -0.61168247, -0.79107028
0.06648371, 0.02619117
0.00011848, 0.46203625, -0.03311163
0.00537126, 0.64845729, -0.76119268
0.06648287, 0.02158695
0.02349721, 0.46180445, -0.02323788
0.55275124, 0.64302498, -0.53001493
0.07817224, 0.02164489
0.02349891, 0.44338757, -0.02367421
0.55287331, -0.61711478, -0.55989259
0.24223155, 0.04194182
0.02349721, 0.46180445, -0.02323788
0.55275124, 0.64302498, -0.53001493
0.25143999, 0.04183275
0.03304476, 0.46124834, 0.00027054
0.7762993, 0.63002414, 0.02035585
0.25116199, 0.03595561
0.02316827, 0.46069372, 0.0236427
0.54506058, 0.61702323, 0.56758326
0.25088465, 0.03011256
0.02316996, 0.4422769, 0.02320637
0.54515213, -0.64311653, 0.53773612
0.24167627, 0.03022164
0.02316996, 0.4422769, 0.02320637
0.54515213, -0.64311653, 0.53773612
0.07800862, 0.02652675
0.02316827, 0.46069372, 0.0236427
0.54506058, 0.61702323, 0.56758326
0.07800779, 0.02192253
-0.00034672, 0.46046543, 0.0331875
-0.00549333, 0.61168247, 0.79107028
0.06625026, 0.02197963
-0.02372546, 0.46069723, 0.02331375
-0.55287331, 0.61711478, 0.55986208
0.0545609, 0.02192169
-0.02372377, 0.44228035, 0.02287742
-0.55275124, -0.64302498, 0.53001493
0.05456173, 0.02652591
-0.02372377, 0.44228035, 0.02287742
-0.55275124, -0.64302498, 0.53001493
0.24167794, 0.0303039
-0.02372546, 0.46069723, 0.02331375
-0.55287331, 0.61711478, 0.55986208
0.25088638, 0.03019482
-0.03327298, 0.46125329, -0.00019467
-0.77639091, 0.63011569, 0.00946074
0.25116444, 0.0360719
-0.03327298, 0.46125329, -0.00019467
-0.77639091, 0.63011569, 0.00946074
0.12295637, 0.04227269
-0.00034672, 0.46046543, 0.0331875
-0.00549333, 0.61168247, 0.79107028
0.1394195, 0.03392708
0.00011848, 0.46203625, -0.03311163
0.00537126, 0.64845729, -0.76119268
0.1396521, 0.05050182
-0.02339482, 0.44339108, -0.02400316
-0.54506058, -0.61702323, -0.56758326
0.05472621, 0.02624828
-0.02339652, 0.46180797, -0.02356683
-0.54515213, 0.64311653, -0.53773612
0.05472538, 0.02164406
-0.02339652, 0.46180797, -0.02356683
-0.54515213, 0.64311653, -0.53773612
0.25144178, 0.04191494
-0.02339482, 0.44339108, -0.02400316
-0.54506058, -0.61702323, -0.56758326
0.24223334, 0.04202402
0.02316996, 0.4422769, 0.02320637
0.54515213, -0.64311653, 0.53773612
0.15117785, 0.03642237
-0.03327129, 0.44283646, -0.000631
-0.7762993, -0.63002414, -0.02035585
0.1229572, 0.04238176
-0.02339482, 0.44339108, -0.02400316
-0.54506058, -0.61702323, -0.56758326
0.12789544, 0.04822481
-0.0, 0.49305803, 0.0
0.03555406, 0.23319194, 0.97177041
0.56260854, 0.11942399
0.012389, 0.49038607, 0.012389
0.32248908, 0.88991976, 0.32248908
0.7866683, 0.14737898
0.017521, 0.49038607, 1e-08
0.45606861, 0.88991976, 0.0
0.69111198, 0.14737898
0.019608, 0.48210603, 0.01960801
0.65181434, 0.38755456, 0.65181434
0.78666914, 0.16415501
0.02773, 0.48210603, 1e-08
0.92181158, 0.38755456, 0.0
0.69111276, 0.16415501
0.018224, 0.34385502, 0.018224
0.70632041, -0.04696799, 0.70632041
0.78666914, 0.39187199
0.025773, 0.34385502, 1e-08
0.99887079, -0.0469985, 0.0
0.69111276, 0.39187199
0.015404, 0.29449701, 0.015404
0.70479447, -0.08050783, 0.70479447
0.78666914, 0.49187702
0.02178401, 0.29449701, 0.0
0.9967345, -0.08050783, 0.0
0.69111276, 0.49187702
0.011792, 0.23125704, 0.011792
0.70522171, -0.07257301, 0.70522171
0.78666914, 0.594888
0.01667701, 0.23125702, -0.0
0.99734491, -0.07257301, 0.0
0.69111198, 0.594888
0.008556, 0.16030604, 0.008556
0.70671713, -0.03244118, 0.70671713
0.78666914, 0.67469999
0.012099, 0.16030601, -0.0
0.99945068, -0.03244118, 0.0
0.69111198, 0.67469999
0.008556, 0.01531702, 0.00855599
0.70708334, 0.0, 0.70708334
0.78666914, 0.97549723
0.012099, 0.01531702, -0.0
1.0, 0.0, 0.0
0.69111198, 0.97549723
0.018371, 0.01223201, 0.018371
0.15338603, 0.97616506, 0.15338603
0.78666914, 0.98174824
0.025981, 0.01223204, -1e-08
0.21692556, 0.97616506, 0.0
0.69111276, 0.98174824
0.018371, 6e-08, 0.01837099
0.70708334, 0.0, 0.70708334
0.78666914, 0.99950099
0.025981, 3e-08, -1e-08
1.0, 0.0, 0.0
0.69111276, 0.99950099
1e-08, 3e-08, -1e-08
0.0, -0.2425306, 0.9701224
0.5, 0.99950099
-0.0, 0.49038607, 0.017521
0.0, 0.88991976, 0.45606861
0.88222468, 0.14737898
0.0, 0.48210603, 0.02773
0.0, 0.38755456, 0.92181158
0.88222551, 0.16415501
0.0, 0.34385496, 0.02577301
0.0, -0.0469985, 0.99887079
0.88222551, 0.39187199
0.0, 0.29449701, 0.021784
0.0, -0.08050783, 0.9967345
0.88222551, 0.49187702
0.0, 0.23125701, 0.016677
0.13333537, -0.07458724, 0.98825037
0.88222551, 0.594888
-0.0, 0.16030604, 0.01209899
0.38239694, -0.02996918, 0.92349011
0.88222623, 0.67469999
0.0, 0.01531702, 0.012099
0.38258004, 0.0, 0.92391735
0.88222623, 0.97549723
0.0, 0.01223204, 0.02598099
0.08948027, 0.97225869, 0.21607104
0.88222623, 0.98174824
0.0, 3e-08, 0.025981
0.38270211, 0.0, 0.92385632
0.88222623, 0.99950099
0.018371, 6e-08, 0.01837099
0.0, -1.0, 0.0
0.02221814, 0.99950099
0.0, 3e-08, 0.025981
0.0, -1.0, 0.0
0.11777529, 0.99950099
-0.012389, 0.49038607, 0.012389
-0.18561357, 0.87441635, 0.44822535
0.97778112, 0.14737898
-0.019608, 0.48210603, 0.01960801
-0.35670033, 0.3620716, 0.86117131
0.97778189, 0.16415501
-0.018224, 0.34385502, 0.018224
-0.3823359, -0.04339732, 0.92297131
0.97778189, 0.39187199
-0.015404, 0.29449701, 0.015404
-0.38157293, -0.07443465, 0.9213233
0.97778189, 0.49187702
-0.011792, 0.23125704, 0.011792
-0.38163397, -0.07437361, 0.92129278
0.97778189, 0.594888
0.0, 0.23125701, 0.016677
-0.3820307, -0.05948057, 0.92220831
0.11777452, 0.594888
-0.008556, 0.16030601, 0.008556
-0.70671713, -0.03244118, 0.70671713
0.21333167, 0.67469999
-0.0, 0.16030604, 0.01209899
-0.38239694, -0.0299997, 0.92349011
0.11777529, 0.67469999
-0.011792, 0.23125704, 0.011792
-0.79711294, -0.06918546, 0.59981078
0.21333089, 0.594888
-0.008556, 0.01531702, 0.00855499
-0.70711386, 0.0, 0.70708334
0.21333167, 0.97549723
0.0, 0.01531702, 0.012099
-0.38267159, 0.0, 0.92385632
0.11777529, 0.97549723
-0.018371, 0.01223204, 0.018371
-0.15338603, 0.97616506, 0.15338603
0.21333167, 0.98174824
0.0, 0.01223204, 0.02598099
-0.08948027, 0.97225869, 0.21604052
0.11777529, 0.98174824
-0.018371, 3e-08, 0.01837099
-0.70708334, 0.0, 0.70708334
0.21333167, 0.99950099
-0.017521, 0.49038607, 0.0
-0.45606861, 0.88991976, 6.104e-05
0.30888647, 0.14737898
-0.012389, 0.49038607, 0.012389
-0.4481338, 0.87444687, 0.18561357
0.21333012, 0.14737898
-0.02773, 0.48210603, 1e-08
-0.92181158, 0.38755456, 0.0
0.30888724, 0.16415501
-0.019608, 0.48210603, 0.01960801
-0.86117131, 0.3620716, 0.35670033
0.21333089, 0.16415501
-0.025773, 0.34385502, 1e-08
-0.99887079, -0.0469985, 0.0
0.30888724, 0.39187199
-0.018224, 0.34385502, 0.018224
-0.92300183, -0.04342784, 0.38230535
0.21333089, 0.39187199
-0.021784, 0.29449701, 0.0
-0.9967345, -0.08050783, 0.0
0.30888724, 0.49187702
-0.015404, 0.29449701, 0.015404
-0.9213233, -0.07440413, 0.38157293
0.21333089, 0.49187702
-0.016677, 0.23125704, 0.0
-0.99734491, -0.07257301, 0.0
0.30888724, 0.594888
-0.012099, 0.16030604, -0.0
-0.99945068, -0.03244118, 0.0
0.30888724, 0.67469999
-0.012099, 0.01531702, -1e-08
-0.99996948, 0.0, 0.0
0.30888802, 0.97549723
-0.025981, 0.01223204, -1e-08
-0.21692556, 0.97616506, 0.0
0.30888724, 0.98174824
-0.025981, 3e-08, -0.0
-1.0, 0.0, 0.0
0.30888724, 0.99950099
-0.012389, 0.49038601, -0.012389
-0.32248908, 0.88991976, -0.32248908
0.40444285, 0.14737898
-0.019608, 0.48210603, -0.01960799
-0.65181434, 0.38755456, -0.65181434
0.40444362, 0.16415501
-0.018224, 0.34385502, -0.01822399
-0.70632041, -0.04696799, -0.70632041
0.40444362, 0.39187199
-0.015404, 0.29449701, -0.015404
-0.70479447, -0.08050783, -0.70479447
0.40444362, 0.49187702
-0.011792, 0.23125702, -0.011792
-0.70522171, -0.07257301, -0.70522171
0.40444362, 0.594888
-0.008556, 0.16030604, -0.00855601
-0.70671713, -0.03244118, -0.70671713
0.40444362, 0.67469999
-0.008556, 0.01531705, -0.00855601
-0.70708334, 0.0, -0.70708334
0.40444362, 0.97549723
-0.018371, 0.01223204, -0.01837201
-0.15338603, 0.97616506, -0.15338603
0.40444362, 0.98174824
-0.018371, 3e-08, -0.01837201
-0.70708334, 0.0, -0.70711386
0.40444362, 0.99950099
0.0, 0.49038607, -0.01752099
0.0, 0.88991976, -0.45606861
0.49999923, 0.14737898
0.0, 0.48210603, -0.02772999
0.0, 0.38755456, -0.92181158
0.5, 0.16415501
-0.0, 0.34385502, -0.025773
0.0, -0.0469985, -0.99887079
0.5, 0.39187199
0.0, 0.29449701, -0.02178399
0.0, -0.08050783, -0.9967345
0.49999923, 0.49187702
0.0, 0.23125702, -0.016677
0.0, -0.07257301, -0.99734491
0.49999923, 0.594888
0.0, 0.16030601, -0.012099
0.0, -0.03244118, -0.99945068
0.49999923, 0.67469999
0.0, 0.01531705, -0.01209901
0.0, 0.0, -1.0
0.49999923, 0.97549723
0.0, 0.01223201, -0.025981
0.0, 0.97616506, -0.21692556
0.49999923, 0.98174824
0.0, 3e-08, -0.025981
0.0, 0.0, -1.0
0.49999923, 0.99950099
0.01238899, 0.49038601, -0.01238899
0.32248908, 0.88995028, -0.32242805
0.5955556, 0.14737898
0.019608, 0.48210603, -0.01960799
0.65181434, 0.38755456, -0.65181434
0.59555638, 0.16415501
0.018224, 0.34385502, -0.01822399
0.70632041, -0.04696799, -0.70632041
0.59555638, 0.39187199
0.015404, 0.29449701, -0.015404
0.70479447, -0.08050783, -0.70479447
0.5955556, 0.49187702
0.01179201, 0.23125701, -0.011792
0.70522171, -0.07257301, -0.70522171
0.5955556, 0.594888
0.008556, 0.16030604, -0.008556
0.70671713, -0.03244118, -0.70671713
0.5955556, 0.67469999
0.008556, 0.01531705, -0.00855601
0.70708334, 0.0, -0.70708334
0.5955556, 0.97549723
0.018371, 0.01223204, -0.018371
0.15338603, 0.97616506, -0.15338603
0.5955556, 0.98174824
0.01837101, 0.0, -0.018371
0.70708334, 0.0, -0.70708334
0.5955556, 0.99950099
0.00347131, 0.50000423, -0.04853906
0.61986142, 0.13666189, 0.77269816
0.63174826, 0.05401903
0.0012575, 0.51981467, -0.04659053
0.55537581, 0.62947476, -0.54338205
0.64165348, 0.0530448
0.0011274, 0.5198983, -0.03911865
0.5429548, 0.6761986, 0.49787897
0.6416952, 0.04930884
0.00325353, 0.48070401, -0.0331483
0.86049992, 0.3000885, 0.41160312
0.66378313, 0.02093112
0.00321788, 0.50188136, -0.03423886
0.29526657, 0.01702933, 0.95522934
0.64263862, 0.02034211
-0.00396755, 0.50186276, -0.03436376
-0.30842006, 0.01559496, 0.95110935
0.64245433, 0.02213609
0.00396727, 0.2050415, -0.0333148
0.58983123, -0.59675896, -0.54399246
0.98010856, 0.03384495
0.00371701, 0.20539926, -0.01897119
0.68208867, -0.71126437, 0.16974396
0.97998345, 0.02667314
-0.00346843, 0.20538075, -0.01909609
-0.68388927, -0.71480453, 0.14600055
0.97639072, 0.0267356
-0.00321817, 0.20502296, -0.0334397
-0.56749171, -0.59974974, -0.56410414
0.48425758, 0.04646933
-0.00346843, 0.20538075, -0.01909609
-0.68388927, -0.71480453, 0.14600055
0.48443651, 0.03929758
-0.00350408, 0.22655803, -0.02018664
-0.87582016, 0.29563281, 0.38142034
0.4950251, 0.03984284
-0.00167155, 0.5198071, -0.04664145
-0.53938413, 0.62663656, -0.56242561
0.97728914, 0.04050827
-0.00180165, 0.51989073, -0.03916957
-0.56340218, 0.67336041, 0.4786523
0.97722411, 0.03677231
0.0011274, 0.5198983, -0.03911865
0.5429548, 0.6761986, 0.49787897
0.9786886, 0.03674686
0.00321788, 0.50188136, -0.03423886
0.29526657, 0.01702933, 0.95522934
0.63268679, 0.04686892
0.00325353, 0.48070401, -0.0331483
0.86049992, 0.3000885, 0.41160312
0.62209815, 0.04632366
7.293e-05, 0.24358557, -0.02679525
0.00549333, -0.61168247, -0.79107028
0.06648371, 0.04801422
7.158e-05, 0.25827539, -0.02644722
0.00537126, 0.64845729, -0.76119268
0.06648287, 0.04341
0.0187191, 0.2580905, -0.01857165
0.55275124, 0.64302498, -0.53001493
0.07817224, 0.04346794
0.0187191, 0.2580905, -0.01857165
0.55275124, 0.64302498, -0.53001493
0.20779401, 0.04183275
0.02633448, 0.25764692, 0.00017932
0.7762993, 0.63002414, 0.02035585
0.2075159, 0.03595561
0.02633583, 0.24295716, -0.00016871
0.77642143, -0.63011569, -0.00946074
0.19830751, 0.03606468
0.01845673, 0.25720453, 0.0188216
0.54506058, 0.61702323, 0.56758326
0.20723861, 0.03011256
0.01845673, 0.25720453, 0.0188216
0.54506058, 0.61702323, 0.56758326
0.07800779, 0.04374558
-0.00029948, 0.25702244, 0.02643479
-0.00549333, 0.61168247, 0.79107028
0.06625026, 0.04380268
-0.00029813, 0.24233264, 0.02608677
-0.00537126, -0.64845729, 0.76119268
0.0662511, 0.0484069
-0.01894701, 0.25720733, 0.01855922
-0.55287331, 0.61711478, 0.55989259
0.0545609, 0.04374474
-0.01894566, 0.24251753, 0.01821119
-0.55275124, -0.64302498, 0.53001493
0.05456173, 0.04834896
-0.01894566, 0.24251753, 0.01821119
-0.55275124, -0.64302498, 0.53001493
0.19803196, 0.0303039
-0.01894701, 0.25720733, 0.01855922
-0.55287331, 0.61711478, 0.55989259
0.2072404, 0.03019482
-0.02656237, 0.25765088, -0.00019175
-0.77639091, 0.63011569, 0.00946074
0.2075184, 0.0360719
-0.02656237, 0.25765088, -0.00019175
-0.77639091, 0.63011569, 0.00946074
0.12295637, 0.04227269
-0.00029948, 0.25702244, 0.02643479
-0.00549333, 0.61168247, 0.79107028
0.1394195, 0.03392708
0.02633448, 0.25764692, 0.00017932
0.7762993, 0.63002414, 0.02035585
0.15611526, 0.04215634
-0.01868463, 0.25809324, -0.01883403
-0.54515213, 0.64311653, -0.53773612
0.05472538, 0.0434671
-0.02656103, 0.24296111, -0.00053978
-0.7762993, -0.63002414, -0.02035585
0.19830996, 0.03618097
-0.01868463, 0.25809324, -0.01883403
-0.54515213, 0.64311653, -0.53773612
0.20779568, 0.04191494
0.01845807, 0.24251473, 0.01847357
0.54515213, -0.64311653, 0.53773612
0.15117785, 0.03642237
-0.02656103, 0.24296111, -0.00053978
-0.7762993, -0.63002414, -0.02035585
0.1229572, 0.04238176
-0.01868328, 0.24340348, -0.01918206
-0.54506058, -0.61702323, -0.56758326
0.12789544, 0.04822481
0.00371929, 0.35252285, -0.04092693
0.8811304, -0.29813531, -0.36695457
0.55800754, 0.05021298
0.00346744, 0.35364026, -0.02660502
0.86049992, 0.3000885, 0.41160312
0.55856627, 0.04305202
0.0035031, 0.33246297, -0.02551447
0.8602252, -0.25278482, 0.44276252
0.54797763, 0.04250675
-0.00350157, 0.37357306, -0.04213929
-0.85119176, 0.24854274, -0.46226385
0.56853265, 0.05081916
-0.00346615, 0.35250428, -0.04105183
-0.86629844, -0.30265206, -0.39732048
0.55799824, 0.05027544
-0.00371799, 0.35362169, -0.02672992
-0.87582016, 0.29563281, 0.38142034
0.55855697, 0.04311448
-0.00082319, 0.23831156, -0.05626897
-0.55162203, 0.42185736, -0.71950436
0.50090188, 0.05788398
-0.00080907, 0.22989908, -0.05583327
-0.54365671, -0.53956723, -0.64284188
0.49669564, 0.05766618
-0.00325359, 0.22609173, -0.03452715
-0.86629844, -0.30265206, -0.39732048
0.49479198, 0.04701304
-0.00346615, 0.35250428, -0.04105183
-0.86629844, -0.30265206, -0.39732048
0.79158872, 0.02622795
0.00371929, 0.35252285, -0.04092693
0.8811304, -0.29813531, -0.36695457
0.79177302, 0.02443397
0.00375471, 0.3314541, -0.03983948
0.86544389, 0.25296792, -0.43241677
0.81280917, 0.02502
-0.00325359, 0.22609173, -0.03452715
-0.86629844, -0.30265206, -0.39732048
0.91780561, 0.02974415
0.00393184, 0.22611028, -0.03440224
0.8811304, -0.29813531, -0.36695457
0.91798991, 0.02795005
0.00396727, 0.2050415, -0.0333148
0.58983123, -0.59675896, -0.54399246
0.93902582, 0.02853608
0.00347131, 0.50000423, -0.04853906
0.61986142, 0.13666189, 0.77269816
0.64451975, 0.02033186
-0.00371413, 0.49998567, -0.04866397
-0.61616868, 0.13776055, 0.77544481
0.64433545, 0.02212596
-0.00167155, 0.5198071, -0.04664145
-0.53938413, 0.62663656, -0.56242561
0.62460345, 0.02105641
-0.00332444, 0.26822925, -0.03670204
-0.86629844, -0.30265206, -0.39732048
0.8757332, 0.02857208
0.00386099, 0.26824778, -0.03657714
0.8811304, -0.29816583, -0.36695457
0.87591749, 0.02677798
0.00389642, 0.24717903, -0.03548969
0.86544389, 0.25296792, -0.43241677
0.89695376, 0.02736402
-0.0033953, 0.31036678, -0.03887694
-0.86629844, -0.30265206, -0.39732048
0.83366078, 0.02740002
0.00379014, 0.31038532, -0.03875203
0.8811304, -0.29813531, -0.36695457
0.83384508, 0.02560604
0.00382556, 0.28931653, -0.03766458
0.86544389, 0.25296792, -0.43241677
0.85488147, 0.02619207
-0.00082319, 0.23831156, -0.05626897
-0.55162203, 0.42185736, -0.71950436
0.9056738, 0.02879238
0.0021956, 0.23831934, -0.05621649
0.57414472, 0.42475662, -0.69994199
0.90575117, 0.02803874
0.00220972, 0.22990687, -0.05578078
0.56843776, -0.53669852, -0.62352365
0.91415066, 0.02827275
0.00368136, 0.22657658, -0.02006173
0.86049992, 0.3000885, 0.41160312
0.91751713, 0.0279994
0.0036457, 0.24775384, -0.02115228
0.8602252, -0.25278482, 0.44276252
0.89637274, 0.02741039
-0.00353973, 0.24773531, -0.02127718
-0.87380594, -0.2572405, 0.41264078
0.89618844, 0.02920437
-0.00123418, 0.48272419, -0.06888264
-0.54365671, -0.53956723, -0.64284188
0.97750783, 0.05162889
0.0017846, 0.48273197, -0.06883016
0.56843776, -0.53669852, -0.62352365
0.9790172, 0.0516026
0.00350673, 0.47893542, -0.04745162
0.8811304, -0.29813531, -0.36695457
0.97987831, 0.04091334
0.00361005, 0.26893112, -0.02224283
0.86049992, 0.3000885, 0.41160312
0.87522811, 0.02682137
0.0035744, 0.29010841, -0.02333337
0.8602252, -0.25278482, 0.44276252
0.85408372, 0.02623236
-0.00361103, 0.29008988, -0.02345828
-0.87380594, -0.2572405, 0.41264078
0.85389942, 0.02802634
0.00350673, 0.47893542, -0.04745162
0.8811304, -0.29813531, -0.36695457
0.62121385, 0.05347532
0.0017846, 0.48273197, -0.06883016
0.56843776, -0.53669852, -0.62352365
0.62311208, 0.06416458
0.00177049, 0.49114448, -0.06926586
0.5741142, 0.42475662, -0.69994199
0.62731832, 0.06438243
0.00353875, 0.3112857, -0.02442392
0.86049992, 0.3000885, 0.41160312
0.83293909, 0.02564335
0.0035031, 0.33246297, -0.02551447
0.8602252, -0.25278482, 0.44276252
0.8117947, 0.02505434
-0.00368234, 0.33244446, -0.02563937
-0.87380594, -0.2572405, 0.41264078
0.8116104, 0.02684832
-0.00371413, 0.49998567, -0.04866397
-0.72096926, 0.33991516, 0.60383922
0.63173896, 0.0540815
-0.0036787, 0.47891688, -0.04757652
-0.86629844, -0.30265206, -0.39732048
0.62120456, 0.05353779
-0.0039319, 0.48068547, -0.03327321
-0.87582016, 0.29563281, 0.38142034
0.62208885, 0.04638612
-0.00364328, 0.45784813, -0.04648907
-0.85119176, 0.24854274, -0.46226385
0.61067015, 0.05299401
-0.00389625, 0.45950818, -0.03218267
-0.87380594, -0.2572405, 0.41264078
0.6115002, 0.04584086
-0.00360785, 0.43677932, -0.04540163
-0.86629844, -0.30265206, -0.39732048
0.60013574, 0.0524503
-0.0038606, 0.43833089, -0.03109212
-0.87582016, 0.29563281, 0.38142034
0.60091156, 0.0452956
-0.00357242, 0.41571057, -0.04431418
-0.85119176, 0.24854274, -0.46226385
0.5896014, 0.05190659
-0.00382495, 0.4171536, -0.03000157
-0.87380594, -0.2572405, 0.41264078
0.59032291, 0.04475033
-0.003537, 0.39464182, -0.04322673
-0.86629844, -0.30265206, -0.39732048
0.57906705, 0.05136287
-0.00378929, 0.39597631, -0.02891102
-0.87582016, 0.29563281, 0.38142034
0.57973427, 0.04420501
-0.00375364, 0.37479898, -0.02782047
-0.87380594, -0.2572405, 0.41264078
0.56914562, 0.04365975
0.00396727, 0.2050415, -0.0333148
0.58983123, -0.59675896, -0.54399246
0.48426688, 0.04640692
0.00393184, 0.22611028, -0.03440224
0.8811304, -0.29813531, -0.36695457
0.49480122, 0.04695064
0.00368136, 0.22657658, -0.02006173
0.86049992, 0.3000885, 0.41160312
0.4950344, 0.03978038
0.00389642, 0.24717903, -0.03548969
0.86544389, 0.25296792, -0.43241677
0.50533563, 0.04749435
0.0036457, 0.24775384, -0.02115228
0.8602252, -0.25278482, 0.44276252
0.50562304, 0.04032564
0.00386099, 0.26824778, -0.03657714
0.8811304, -0.29816583, -0.36695457
0.51587003, 0.04803813
0.00361005, 0.26893112, -0.02224283
0.86049992, 0.3000885, 0.41160312
0.51621169, 0.0408709
0.00382556, 0.28931653, -0.03766458
0.86544389, 0.25296792, -0.43241677
0.52640438, 0.04858184
0.0035744, 0.29010841, -0.02333337
0.8602252, -0.25278482, 0.44276252
0.52680033, 0.04141617
0.00379014, 0.31038532, -0.03875203
0.8811304, -0.29813531, -0.36695457
0.53693879, 0.04912555
0.00353875, 0.3112857, -0.02442392
0.86049992, 0.3000885, 0.41160312
0.53738898, 0.04196143
0.00375471, 0.3314541, -0.03983948
0.86544389, 0.25296792, -0.43241677
0.54747313, 0.04966927
0.00368386, 0.3735916, -0.04201438
0.86544389, 0.25296792, -0.43241677
0.56854194, 0.05075669
0.00343179, 0.37481755, -0.02769556
0.8602252, -0.25278482, 0.44276252
0.56915492, 0.04359728
0.00364843, 0.39466035, -0.04310182
0.8811304, -0.29813531, -0.36695457
0.57907629, 0.05130041
0.00339614, 0.39599484, -0.02878612
0.86049992, 0.3000885, 0.41160312
0.57974356, 0.0441426
0.00361301, 0.41572911, -0.04418927
0.86544389, 0.25296792, -0.43241677
0.58961064, 0.05184412
0.00336049, 0.41717213, -0.02987666
0.8602252, -0.25278482, 0.44276252
0.59033221, 0.04468787
0.00357758, 0.43679786, -0.04527672
0.8811304, -0.29813531, -0.36695457
0.60014504, 0.05238783
0.00332484, 0.43834943, -0.03096721
0.86049992, 0.3000885, 0.41160312
0.60092086, 0.04523313
0.00354216, 0.45786664, -0.04636417
0.86544389, 0.25296792, -0.43241677
0.61067945, 0.05293161
0.00328918, 0.45952672, -0.03205776
0.8602252, -0.25278482, 0.44276252
0.6115095, 0.04577839
-0.00343072, 0.33143556, -0.03996439
-0.85119176, 0.24854274, -0.46226385
0.54746389, 0.04973173
-0.00368234, 0.33244446, -0.02563937
-0.87380594, -0.2572405, 0.41264078
0.54796833, 0.04256916
-0.0033953, 0.31036678, -0.03887694
-0.86629844, -0.30265206, -0.39732048
0.53692949, 0.04918802
-0.00364669, 0.31126714, -0.02454883
-0.87582016, 0.29563281, 0.38142034
0.53737968, 0.0420239
-0.00335987, 0.289298, -0.03778949
-0.85119176, 0.24854274, -0.46226385
0.52639514, 0.04864424
-0.00361103, 0.29008988, -0.02345828
-0.87380594, -0.2572405, 0.41264078
0.52679104, 0.04147863
-0.00332444, 0.26822925, -0.03670204
-0.86629844, -0.30265206, -0.39732048
0.51586074, 0.04810053
-0.00357538, 0.26891258, -0.02236773
-0.87582016, 0.29563281, 0.38142034
0.51620239, 0.04093337
-0.00328902, 0.24716048, -0.0356146
-0.85119176, 0.24854274, -0.46226385
0.50532633, 0.04755682
-0.00353973, 0.24773531, -0.02127718
-0.87380594, -0.2572405, 0.41264078
0.50561374, 0.04038811
0.00346744, 0.35364026, -0.02660502
0.86049992, 0.3000885, 0.41160312
0.79065007, 0.02446532
0.00343179, 0.37481755, -0.02769556
0.8602252, -0.25278482, 0.44276252
0.76950568, 0.02387631
-0.00375364, 0.37479898, -0.02782047
-0.87380594, -0.2572405, 0.41264078
0.76932138, 0.02567029
0.00177049, 0.49114448, -0.06926586
0.5741142, 0.42475662, -0.69994199
0.97901016, 0.05182046
-0.0012483, 0.49113667, -0.06931834
-0.55165255, 0.42185736, -0.71950436
0.9775008, 0.05184668
-0.00371413, 0.49998567, -0.04866397
-0.72096926, 0.33991516, 0.60383922
0.97626781, 0.04151952
0.00336049, 0.41717213, -0.02987666
0.8602252, -0.25278482, 0.44276252
0.72721666, 0.02269816
-0.00382495, 0.4171536, -0.03000157
-0.87380594, -0.2572405, 0.41264078
0.72703236, 0.02449226
-0.00378929, 0.39597631, -0.02891102
-0.87582016, 0.29563281, 0.38142034
0.74817675, 0.02508128
-0.0012483, 0.49113667, -0.06931834
-0.55165255, 0.42185736, -0.71950436
0.62731445, 0.06440866
-0.00123418, 0.48272419, -0.06888264
-0.54365671, -0.53956723, -0.64284188
0.62310821, 0.06419086
0.00328918, 0.45952672, -0.03205776
0.8602252, -0.25278482, 0.44276252
0.68492764, 0.02152014
-0.00389625, 0.45950818, -0.03218267
-0.87380594, -0.2572405, 0.41264078
0.68474334, 0.02331424
-0.0038606, 0.43833089, -0.03109212
-0.87582016, 0.29563281, 0.38142034
0.70588773, 0.02390325
-0.0012483, 0.49113667, -0.06931834
-0.55165255, 0.42185736, -0.71950436
0.65323991, 0.02176023
0.00177049, 0.49114448, -0.06926586
0.5741142, 0.42475662, -0.69994199
0.65331751, 0.02100658
0.0017846, 0.48273197, -0.06883016
0.56843776, -0.53669852, -0.62352365
0.66171688, 0.02124059
-0.003537, 0.39464182, -0.04322673
-0.86629844, -0.30265206, -0.39732048
0.74951619, 0.025056
0.00364843, 0.39466035, -0.04310182
0.8811304, -0.29813531, -0.36695457
0.74970073, 0.02326202
0.00368386, 0.3735916, -0.04201438
0.86544389, 0.25296792, -0.43241677
0.77073675, 0.02384794
-0.00357242, 0.41571057, -0.04431418
-0.85119176, 0.24854274, -0.46226385
0.72848004, 0.02446997
-0.00360785, 0.43677932, -0.04540163
-0.86629844, -0.30265206, -0.39732048
0.70744413, 0.02388394
0.00357758, 0.43679786, -0.04527672
0.8811304, -0.29813531, -0.36695457
0.70762843, 0.02208996
0.0011274, 0.5198983, -0.03911865
0.5429548, 0.6761986, 0.49787897
0.62459153, 0.02035522
-0.00364328, 0.45784813, -0.04648907
-0.85119176, 0.24854274, -0.46226385
0.68640798, 0.02329791
-0.0036787, 0.47891688, -0.04757652
-0.86629844, -0.30265206, -0.39732048
0.66537172, 0.02271187
0.00350673, 0.47893542, -0.04745162
0.8811304, -0.29813531, -0.36695457
0.66555601, 0.02091789
0.00106082, 0.33923674, -0.00590669
0.54448074, -0.43968016, 0.71425521
0.80496281, 0.02547264
0.00104909, 0.34918112, -0.00670715
0.54530472, 0.53282267, 0.64705342
0.79503387, 0.02519476
-0.00196969, 0.34917331, -0.00675961
-0.57020783, 0.5299539, 0.62767416
0.79495651, 0.02594852
0.00104909, 0.34918112, -0.00670715
0.54530472, 0.53282267, 0.64705342
0.5563367, 0.03310311
0.00106082, 0.33923674, -0.00590669
0.54448074, -0.43968016, 0.71425521
0.55136448, 0.03270286
-0.00371799, 0.35362169, -0.02672992
-0.87582016, 0.29563281, 0.38142034
0.97626591, 0.03055251
-0.00196969, 0.34917331, -0.00675961
-0.57020783, 0.5299539, 0.62767416
0.97714007, 0.02056736
0.00104909, 0.34918112, -0.00670715
0.54530472, 0.53282267, 0.64705342
0.97864944, 0.02054113
-0.00195797, 0.33922896, -0.00595915
-0.56669819, -0.4425489, 0.69493699
0.55136061, 0.03272909
-0.00196969, 0.34917331, -0.00675961
-0.57020783, 0.5299539, 0.62767416
0.55633277, 0.03312933
0.00106082, 0.33923674, -0.00590669
0.54448074, -0.43968016, 0.71425521
0.97865534, 0.02014089
-0.00195797, 0.33922896, -0.00595915
-0.56669819, -0.4425489, 0.69493699
0.97714591, 0.02016711
-0.00368234, 0.33244446, -0.02563937
-0.87380594, -0.2572405, 0.41264078
0.97628379, 0.03000718
0.001263, 0.22211742, -0.00016386
0.54530472, 0.53282267, 0.64708394
0.92190093, 0.02872896
-0.00175578, 0.22210965, -0.00021634
-0.57020783, 0.5299539, 0.62767416
0.92182356, 0.0294826
-0.00174405, 0.21216524, 0.00058413
-0.56669819, -0.4425489, 0.69493699
0.9317525, 0.02976048
0.001263, 0.22211742, -0.00016386
0.54530472, 0.53282267, 0.64708394
0.49280483, 0.02983141
0.00127473, 0.21217303, 0.0006366
0.54448074, -0.43968016, 0.71425521
0.48783261, 0.02943122
0.00371701, 0.20539926, -0.01897119
0.68208867, -0.71126437, 0.16974396
0.48444575, 0.03923512
-0.00175578, 0.22210965, -0.00021634
-0.57020783, 0.5299539, 0.62767416
0.977247, 0.01729572
0.001263, 0.22211742, -0.00016386
0.54530472, 0.53282267, 0.64708394
0.97875643, 0.01726943
0.00368136, 0.22657658, -0.02006173
0.86049992, 0.3000885, 0.41160312
0.97996557, 0.0272184
-0.00174405, 0.21216524, 0.00058413
-0.56669819, -0.4425489, 0.69493699
0.48782873, 0.02945745
-0.00175578, 0.22210965, -0.00021634
-0.57020783, 0.5299539, 0.62767416
0.49280095, 0.0298577
0.00127473, 0.21217303, 0.0006366
0.54448074, -0.43968016, 0.71425521
0.97876227, 0.01686925
-0.00174405, 0.21216524, 0.00058413
-0.56669819, -0.4425489, 0.69493699
0.9772529, 0.01689547
0.0011917, 0.26447195, -0.00234495
0.54530472, 0.53282267, 0.64708394
0.87961191, 0.02755094
-0.00182709, 0.2644642, -0.00239743
-0.57020783, 0.5299539, 0.62767416
0.87953454, 0.02830458
-0.00181536, 0.25451976, -0.00159697
-0.56669819, -0.4425489, 0.69493699
0.88946348, 0.02858245
0.0011917, 0.26447195, -0.00234495
0.54530472, 0.53282267, 0.64708394
0.51398212, 0.030922
0.00120343, 0.25452757, -0.0015445
0.54448074, -0.43968016, 0.71425521
0.5090099, 0.03052175
-0.00182709, 0.2644642, -0.00239743
-0.57020783, 0.5299539, 0.62767416
0.97721136, 0.01838624
0.0011917, 0.26447195, -0.00234495
0.54530472, 0.53282267, 0.64708394
0.97872078, 0.01836002
0.00361005, 0.26893112, -0.02224283
0.86049992, 0.3000885, 0.41160312
0.97992992, 0.02830893
-0.00181536, 0.25451976, -0.00159697
-0.56669819, -0.4425489, 0.69493699
0.50900596, 0.03054798
-0.00182709, 0.2644642, -0.00239743
-0.57020783, 0.5299539, 0.62767416
0.51397818, 0.03094822
0.0036457, 0.24775384, -0.02115228
0.8602252, -0.25278482, 0.44276252
0.97994775, 0.02776366
0.00120343, 0.25452757, -0.0015445
0.54448074, -0.43968016, 0.71425521
0.97872663, 0.01795977
-0.00181536, 0.25451976, -0.00159697
-0.56669819, -0.4425489, 0.69493699
0.9772172, 0.017986
0.00113212, 0.29688215, -0.00372559
0.54448074, -0.43968016, 0.71425521
0.84725183, 0.02665067
0.00112039, 0.30682656, -0.00452605
0.54530472, 0.53282267, 0.64708394
0.83732289, 0.02637291
-0.00189839, 0.30681872, -0.00457852
-0.57020783, 0.52992338, 0.62767416
0.83724552, 0.02712655
0.00112039, 0.30682656, -0.00452605
0.54530472, 0.53282267, 0.64708394
0.53515941, 0.03201258
0.00113212, 0.29688215, -0.00372559
0.54448074, -0.43968016, 0.71425521
0.53018719, 0.03161228
-0.00364669, 0.31126714, -0.02454883
-0.87582016, 0.29563281, 0.38142034
0.97630155, 0.02946192
-0.00189839, 0.30681872, -0.00457852
-0.57020783, 0.52992338, 0.62767416
0.97717571, 0.01947683
0.00112039, 0.30682656, -0.00452605
0.54530472, 0.53282267, 0.64708394
0.97868514, 0.0194506
-0.00188666, 0.29687434, -0.00377807
-0.56669819, -0.4425489, 0.69493699
0.53018326, 0.0316385
-0.00189839, 0.30681872, -0.00457852
-0.57020783, 0.52992338, 0.62767416
0.53515548, 0.03203881
0.0035744, 0.29010841, -0.02333337
0.8602252, -0.25278482, 0.44276252
0.9799121, 0.02885419
0.00113212, 0.29688215, -0.00372559
0.54448074, -0.43968016, 0.71425521
0.97869098, 0.0190503
-0.00188666, 0.29687434, -0.00377807
-0.56669819, -0.4425489, 0.69493699
0.97718155, 0.01907653
0.00098951, 0.38159129, -0.00808779
0.54448074, -0.43968016, 0.71425521
0.7626738, 0.02429461
0.00097779, 0.3915357, -0.00888825
0.54530472, 0.53282267, 0.64705342
0.75274485, 0.02401674
-0.002041, 0.39152789, -0.00894072
-0.57020783, 0.5299539, 0.62767416
0.75266749, 0.0247705
0.00097779, 0.3915357, -0.00888825
0.54530472, 0.53282267, 0.64705342
0.57751399, 0.03419363
0.00098951, 0.38159129, -0.00808779
0.54448074, -0.43968016, 0.71425521
0.57254177, 0.03379345
-0.00378929, 0.39597631, -0.02891102
-0.87582016, 0.29563281, 0.38142034
0.97623026, 0.03164303
-0.002041, 0.39152789, -0.00894072
-0.57020783, 0.5299539, 0.62767416
0.97710443, 0.02165788
0.00097779, 0.3915357, -0.00888825
0.54530472, 0.53282267, 0.64705342
0.97861379, 0.02163166
-0.00202927, 0.38158348, -0.00814025
-0.56669819, -0.4425489, 0.69493699
0.57253784, 0.03381968
-0.002041, 0.39152789, -0.00894072
-0.57020783, 0.5299539, 0.62767416
0.57751006, 0.03421986
0.00098951, 0.38159129, -0.00808779
0.54448074, -0.43968016, 0.71425521
0.97861969, 0.02123147
-0.00202927, 0.38158348, -0.00814025
-0.56669819, -0.4425489, 0.69493699
0.97711027, 0.0212577
-0.00375364, 0.37479898, -0.02782047
-0.87380594, -0.2572405, 0.41264078
0.97624809, 0.03109777
0.00091821, 0.42394587, -0.01026887
0.54448074, -0.43968016, 0.71425521
0.72038478, 0.02311659
0.00090648, 0.43389028, -0.01106933
0.54530472, 0.53282267, 0.64705342
0.71045583, 0.02283871
-0.0021123, 0.43388247, -0.01112181
-0.57020783, 0.5299539, 0.62767416
0.71037847, 0.02359247
0.00090648, 0.43389028, -0.01106933
0.54530472, 0.53282267, 0.64705342
0.59869128, 0.03528416
0.00091821, 0.42394587, -0.01026887
0.54448074, -0.43968016, 0.71425521
0.59371907, 0.03488398
-0.0021123, 0.43388247, -0.01112181
-0.57020783, 0.5299539, 0.62767416
0.97706878, 0.02274841
0.00090648, 0.43389028, -0.01106933
0.54530472, 0.53282267, 0.64705342
0.97857815, 0.02272218
0.00332484, 0.43834943, -0.03096721
0.86049992, 0.3000885, 0.41160312
0.97978735, 0.03267115
-0.00210057, 0.42393807, -0.01032136
-0.56669819, -0.4425489, 0.69493699
0.59371513, 0.0349102
-0.0021123, 0.43388247, -0.01112181
-0.57020783, 0.5299539, 0.62767416
0.59868735, 0.03531039
0.00336049, 0.41717213, -0.02987666
0.8602252, -0.25278482, 0.44276252
0.97980517, 0.03212589
0.00091821, 0.42394587, -0.01026887
0.54448074, -0.43968016, 0.71425521
0.97858405, 0.022322
-0.00210057, 0.42393807, -0.01032136
-0.56669819, -0.4425489, 0.69493699
0.97707462, 0.02234823
0.00084691, 0.46630046, -0.01244997
0.54448074, -0.43968016, 0.71425521
0.67809576, 0.02193856
0.00083518, 0.47624487, -0.01325043
0.54530472, 0.53282267, 0.64708394
0.66816682, 0.02166069
-0.0021836, 0.47623706, -0.01330291
-0.57020783, 0.5299539, 0.62767416
0.66808945, 0.02241445
0.00083518, 0.47624487, -0.01325043
0.54530472, 0.53282267, 0.64708394
0.61986858, 0.03637469
0.00084691, 0.46630046, -0.01244997
0.54448074, -0.43968016, 0.71425521
0.61489636, 0.0359745
-0.0021836, 0.47623706, -0.01330291
-0.57020783, 0.5299539, 0.62767416
0.97703314, 0.023839
0.00083518, 0.47624487, -0.01325043
0.54530472, 0.53282267, 0.64708394
0.97854251, 0.02381271
0.00325353, 0.48070401, -0.0331483
0.86049992, 0.3000885, 0.41160312
0.97975171, 0.03376168
-0.00217188, 0.46629265, -0.01250246
-0.56669819, -0.4425489, 0.69493699
0.61489242, 0.03600073
-0.0021836, 0.47623706, -0.01330291
-0.57020783, 0.5299539, 0.62767416
0.61986464, 0.03640097
0.00328918, 0.45952672, -0.03205776
0.8602252, -0.25278482, 0.44276252
0.97976953, 0.03321642
0.00084691, 0.46630046, -0.01244997
0.54448074, -0.43968016, 0.71425521
0.97854835, 0.02341253
-0.00217188, 0.46629265, -0.01250246
-0.56669819, -0.4425489, 0.69493699
0.97703898, 0.02343875
0.00389642, 0.24717903, -0.03548969
0.86544389, 0.25296792, -0.43241677
0.98007315, 0.03493237
0.0021956, 0.23831934, -0.05621649
0.57414472, 0.42475662, -0.69994199
0.97922271, 0.04529577
-0.00082319, 0.23831156, -0.05626897
-0.55162203, 0.42185736, -0.71950436
0.97771335, 0.045322
0.00220972, 0.22990687, -0.05578078
0.56843776, -0.53669852, -0.62352365
0.49669957, 0.0576399
0.0021956, 0.23831934, -0.05621649
0.57414472, 0.42475662, -0.69994199
0.50090581, 0.05785775
-0.00325359, 0.22609173, -0.03452715
-0.86629844, -0.30265206, -0.39732048
0.97649813, 0.03445107
-0.00080907, 0.22989908, -0.05583327
-0.54365671, -0.53956723, -0.64284188
0.97772038, 0.04510421
0.00220972, 0.22990687, -0.05578078
0.56843776, -0.53669852, -0.62352365
0.97922975, 0.04507792
-0.00089403, 0.28044903, -0.05844387
-0.55162203, 0.42185736, -0.71950436
0.86360139, 0.02762043
0.00212475, 0.28045681, -0.05839138
0.57414472, 0.42475662, -0.69994199
0.86367899, 0.02686667
0.00213887, 0.27204436, -0.05795568
0.56846827, -0.53669852, -0.62352365
0.87207836, 0.02710068
-0.00089403, 0.28044903, -0.05844387
-0.55162203, 0.42185736, -0.71950436
0.52197063, 0.05897141
-0.00087991, 0.27203655, -0.05800816
-0.54365671, -0.53956723, -0.64284188
0.51776439, 0.05875361
0.00212475, 0.28045681, -0.05839138
0.57414472, 0.42475662, -0.69994199
0.97918731, 0.0463832
-0.00089403, 0.28044903, -0.05844387
-0.55162203, 0.42185736, -0.71950436
0.97767794, 0.04640943
-0.00335987, 0.289298, -0.03778949
-0.85119176, 0.24854274, -0.46226385
0.97644496, 0.03608227
0.00213887, 0.27204436, -0.05795568
0.56846827, -0.53669852, -0.62352365
0.51776832, 0.05872738
0.00212475, 0.28045681, -0.05839138
0.57414472, 0.42475662, -0.69994199
0.5219745, 0.05894518
-0.00087991, 0.27203655, -0.05800816
-0.54365671, -0.53956723, -0.64284188
0.97768497, 0.04619163
0.00213887, 0.27204436, -0.05795568
0.56846827, -0.53669852, -0.62352365
0.97919434, 0.04616541
0.00386099, 0.26824778, -0.03657714
0.8811304, -0.29816583, -0.36695457
0.98005539, 0.03547615
-0.00096489, 0.3225866, -0.06061876
-0.55165255, 0.42185736, -0.71950436
0.82152933, 0.02644837
0.00205389, 0.32259443, -0.06056628
0.5741142, 0.42475662, -0.69991148
0.82160658, 0.02569473
0.00206801, 0.31418189, -0.06013058
0.56843776, -0.53669852, -0.62352365
0.83000594, 0.02592862
-0.00096489, 0.3225866, -0.06061876
-0.55165255, 0.42185736, -0.71950436
0.54303938, 0.06005889
-0.00095077, 0.31417412, -0.06018306
-0.54365671, -0.53956723, -0.64284188
0.5388332, 0.05984104
0.00205389, 0.32259443, -0.06056628
0.5741142, 0.42475662, -0.69991148
0.97915184, 0.04747069
-0.00096489, 0.3225866, -0.06061876
-0.55165255, 0.42185736, -0.71950436
0.97764248, 0.04749691
-0.00343072, 0.33143556, -0.03996439
-0.85119176, 0.24854274, -0.46226385
0.97640955, 0.03716975
0.00206801, 0.31418189, -0.06013058
0.56843776, -0.53669852, -0.62352365
0.53883708, 0.05981481
0.00205389, 0.32259443, -0.06056628
0.5741142, 0.42475662, -0.69991148
0.54304332, 0.06003267
-0.0033953, 0.31036678, -0.03887694
-0.86629844, -0.30265206, -0.39732048
0.97642726, 0.03662604
-0.00095077, 0.31417412, -0.06018306
-0.54365671, -0.53956723, -0.64284188
0.97764957, 0.04727906
0.00206801, 0.31418189, -0.06013058
0.56843776, -0.53669852, -0.62352365
0.97915894, 0.04725283
-0.00103574, 0.36472413, -0.06279365
-0.55165255, 0.42185736, -0.71950436
0.77945679, 0.0252763
0.00198304, 0.36473194, -0.06274118
0.5741142, 0.42475662, -0.69994199
0.77953428, 0.02452266
0.00199716, 0.3563194, -0.06230548
0.56846827, -0.53669852, -0.62352365
0.78793377, 0.02475667
-0.00103574, 0.36472413, -0.06279365
-0.55165255, 0.42185736, -0.71950436
0.56410819, 0.06114638
-0.00102162, 0.35631159, -0.06235795
-0.54365671, -0.53956723, -0.64284188
0.55990189, 0.06092846
0.00198304, 0.36473194, -0.06274118
0.5741142, 0.42475662, -0.69994199
0.97911644, 0.04855812
-0.00103574, 0.36472413, -0.06279365
-0.55165255, 0.42185736, -0.71950436
0.97760701, 0.0485844
-0.00350157, 0.37357306, -0.04213929
-0.85119176, 0.24854274, -0.46226385
0.97637415, 0.03825718
0.00199716, 0.3563194, -0.06230548
0.56846827, -0.53669852, -0.62352365
0.55990583, 0.06090224
0.00198304, 0.36473194, -0.06274118
0.5741142, 0.42475662, -0.69994199
0.56411207, 0.06112009
-0.00102162, 0.35631159, -0.06235795
-0.54365671, -0.53956723, -0.64284188
0.9776141, 0.04836649
0.00199716, 0.3563194, -0.06230548
0.56846827, -0.53669852, -0.62352365
0.97912347, 0.04834026
0.00371929, 0.35252285, -0.04092693
0.8811304, -0.29813531, -0.36695457
0.97998458, 0.037651
-0.00110659, 0.40686166, -0.06496856
-0.55165255, 0.42185736, -0.71950436
0.73738474, 0.02410436
0.00191219, 0.40686947, -0.06491607
0.57414472, 0.42475662, -0.69991148
0.7374621, 0.0233506
0.00192631, 0.39845696, -0.06448036
0.56843776, -0.53669852, -0.62352365
0.74586171, 0.0235846
-0.00110659, 0.40686166, -0.06496856
-0.55165255, 0.42185736, -0.71950436
0.58517694, 0.06223381
-0.00109247, 0.39844918, -0.06453285
-0.54365671, -0.53956723, -0.64284188
0.5809707, 0.06201595
0.00191219, 0.40686947, -0.06491607
0.57414472, 0.42475662, -0.69991148
0.97908103, 0.0496456
-0.00110659, 0.40686166, -0.06496856
-0.55165255, 0.42185736, -0.71950436
0.97757161, 0.04967183
-0.00357242, 0.41571057, -0.04431418
-0.85119176, 0.24854274, -0.46226385
0.97633874, 0.03934461
0.00192631, 0.39845696, -0.06448036
0.56843776, -0.53669852, -0.62352365
0.58097458, 0.06198967
0.00191219, 0.40686947, -0.06491607
0.57414472, 0.42475662, -0.69991148
0.58518082, 0.06220758
-0.003537, 0.39464182, -0.04322673
-0.86629844, -0.30265206, -0.39732048
0.97635639, 0.0388009
-0.00109247, 0.39844918, -0.06453285
-0.54365671, -0.53956723, -0.64284188
0.97757864, 0.04945397
0.00192631, 0.39845696, -0.06448036
0.56843776, -0.53669852, -0.62352365
0.97908807, 0.04942769
-0.00116332, 0.44058669, -0.06670774
-0.54365671, -0.53956723, -0.64284188
0.70371169, 0.0231663
-0.00117744, 0.4489992, -0.06714344
-0.55165255, 0.42185736, -0.71950436
0.69531232, 0.02293229
0.00184134, 0.44900694, -0.06709097
0.57414472, 0.42475662, -0.69994199
0.69538993, 0.02217853
-0.00117744, 0.4489992, -0.06714344
-0.55165255, 0.42185736, -0.71950436
0.6062457, 0.06332123
-0.00116332, 0.44058669, -0.06670774
-0.54365671, -0.53956723, -0.64284188
0.60203946, 0.06310338
0.00354216, 0.45786664, -0.04636417
0.86544389, 0.25296792, -0.43241677
0.97989601, 0.04036963
0.00184134, 0.44900694, -0.06709097
0.57414472, 0.42475662, -0.69994199
0.97904557, 0.05073303
-0.00117744, 0.4489992, -0.06714344
-0.55165255, 0.42185736, -0.71950436
0.9775362, 0.05075926
0.00185546, 0.44059443, -0.06665526
0.56843776, -0.53669852, -0.62349313
0.60204333, 0.06307715
0.00184134, 0.44900694, -0.06709097
0.57414472, 0.42475662, -0.69994199
0.60624957, 0.06329501
-0.00116332, 0.44058669, -0.06670774
-0.54365671, -0.53956723, -0.64284188
0.97754323, 0.0505414
0.00185546, 0.44059443, -0.06665526
0.56843776, -0.53669852, -0.62349313
0.97905266, 0.05051517
0.00357758, 0.43679786, -0.04527672
0.8811304, -0.29813531, -0.36695457
0.97991371, 0.03982586
-0.00396755, 0.50186276, -0.03436376
-0.30561236, 0.11288796, 0.9454329
0.6326775, 0.04693139
-0.00180165, 0.51989073, -0.03916957
-0.56340218, 0.67336041, 0.4786523
0.64169151, 0.04933429
0.02349891, 0.44338757, -0.02367421
0.55287331, -0.61711478, -0.55989259
0.07817307, 0.02624911
0.03304644, 0.44283152, -0.00016579
0.77639091, -0.63011569, -0.00946074
0.24195355, 0.03606468
-0.00034503, 0.44204855, 0.03275118
-0.00537126, -0.64845729, 0.76119268
0.0662511, 0.02658385
-0.03327129, 0.44283646, -0.000631
-0.7762993, -0.63002414, -0.02035585
0.24195606, 0.03618097
0.03304476, 0.46124834, 0.00027054
0.7762993, 0.63002414, 0.02035585
0.15611526, 0.04215634
0.02349721, 0.46180445, -0.02323788
0.55275124, 0.64302498, -0.53001493
0.15134147, 0.04803348
-0.02339652, 0.46180797, -0.02356683
-0.54515213, 0.64311653, -0.53773612
0.12789461, 0.04811573
-0.02372546, 0.46069723, 0.02331375
-0.55287331, 0.61711478, 0.55986208
0.12773013, 0.03639555
0.02316827, 0.46069372, 0.0236427
0.54506058, 0.61702323, 0.56758326
0.15117702, 0.0363133
0.00012017, 0.44361937, -0.03354796
0.00549333, -0.61168247, -0.79107028
0.13965294, 0.0506109
0.02349891, 0.44338757, -0.02367421
0.55287331, -0.61711478, -0.55989259
0.1513423, 0.04814255
0.03304644, 0.44283152, -0.00016579
0.77639091, -0.63011569, -0.00946074
0.1561161, 0.04226542
-0.00034503, 0.44204855, 0.03275118
-0.00537126, -0.64845729, 0.76119268
0.13942033, 0.03403616
-0.02372377, 0.44228035, 0.02287742
-0.55275124, -0.64302498, 0.53001493
0.12773097, 0.03650463
-0.0039319, 0.48068547, -0.03327321
-0.87582016, 0.29563281, 0.38142034
0.66359872, 0.02272522
-0.00321817, 0.20502296, -0.0334397
-0.56749171, -0.59974974, -0.56410414
0.97651583, 0.03390735
0.0012575, 0.51981467, -0.04659053
0.55537581, 0.62947476, -0.54338205
0.97875369, 0.04048282
0.01872045, 0.24340068, -0.01891967
0.55287331, -0.61711478, -0.55989259
0.07817307, 0.04807216
0.01872045, 0.24340068, -0.01891967
0.55287331, -0.61711478, -0.55989259
0.19858557, 0.04194182
0.01845807, 0.24251473, 0.01847357
0.54515213, -0.64311653, 0.53773612
0.19803017, 0.03022164
0.01845807, 0.24251473, 0.01847357
0.54515213, -0.64311653, 0.53773612
0.07800862, 0.0483498
0.0187191, 0.2580905, -0.01857165
0.55275124, 0.64302498, -0.53001493
0.15134147, 0.04803348
7.158e-05, 0.25827539, -0.02644722
0.00537126, 0.64845729, -0.76119268
0.1396521, 0.05050182
-0.01868463, 0.25809324, -0.01883403
-0.54515213, 0.64311653, -0.53773612
0.12789461, 0.04811573
-0.01894701, 0.25720733, 0.01855922
-0.55287331, 0.61711478, 0.55989259
0.12773013, 0.03639555
0.01845673, 0.25720453, 0.0188216
0.54506058, 0.61702323, 0.56758326
0.15117702, 0.0363133
-0.01868328, 0.24340348, -0.01918206
-0.54506058, -0.61702323, -0.56758326
0.05472621, 0.04807121
-0.01868328, 0.24340348, -0.01918206
-0.54506058, -0.61702323, -0.56758326
0.1985873, 0.04202402
7.293e-05, 0.24358557, -0.02679525
0.00549333, -0.61168247, -0.79107028
0.13965294, 0.0506109
0.01872045, 0.24340068, -0.01891967
0.55287331, -0.61711478, -0.55989259
0.1513423, 0.04814255
0.02633583, 0.24295716, -0.00016871
0.77642143, -0.63011569, -0.00946074
0.1561161, 0.04226542
-0.00029813, 0.24233264, 0.02608677
-0.00537126, -0.64845729, 0.76119268
0.13942033, 0.03403616
-0.01894566, 0.24251753, 0.01821119
-0.55275124, -0.64302498, 0.53001493
0.12773097, 0.03650463
-0.00343072, 0.33143556, -0.03996439
-0.85119176, 0.24854274, -0.46226385
0.81262487, 0.02681398
-0.00321817, 0.20502296, -0.0334397
-0.56749171, -0.59974974, -0.56410414
0.93884152, 0.03033006
0.0012575, 0.51981467, -0.04659053
0.55537581, 0.62947476, -0.54338205
0.62467849, 0.02032518
-0.00328902, 0.24716048, -0.0356146
-0.85119176, 0.24854274, -0.46226385
0.89676934, 0.02915812
-0.00335987, 0.289298, -0.03778949
-0.85119176, 0.24854274, -0.46226385
0.85469693, 0.02798605
-0.00080907, 0.22989908, -0.05583327
-0.54365671, -0.53956723, -0.64284188
0.91407317, 0.02902639
-0.00350408, 0.22655803, -0.02018664
-0.87582016, 0.29563281, 0.38142034
0.91733283, 0.0297935
-0.0036787, 0.47891688, -0.04757652
-0.86629844, -0.30265206, -0.39732048
0.97628558, 0.04097581
-0.00357538, 0.26891258, -0.02236773
-0.87582016, 0.29563281, 0.38142034
0.87504381, 0.02861536
-0.00364669, 0.31126714, -0.02454883
-0.87582016, 0.29563281, 0.38142034
0.83275479, 0.02743733
-0.00371799, 0.35362169, -0.02672992
-0.87582016, 0.29563281, 0.38142034
0.79046577, 0.0262593
0.00347131, 0.50000423, -0.04853906
0.71129489, 0.33698538, 0.61680961
0.97986054, 0.04145706
0.00339614, 0.39599484, -0.02878612
0.86049992, 0.3000885, 0.41160312
0.74836105, 0.0232873
0.00332484, 0.43834943, -0.03096721
0.86049992, 0.3000885, 0.41160312
0.70607215, 0.02210927
-0.00123418, 0.48272419, -0.06888264
-0.54365671, -0.53956723, -0.64284188
0.66163951, 0.02199423
-0.00350157, 0.37357306, -0.04213929
-0.85119176, 0.24854274, -0.46226385
0.77055246, 0.02564204
0.00361301, 0.41572911, -0.04418927
0.86544389, 0.25296792, -0.43241677
0.72866458, 0.02267599
-0.00180165, 0.51989073, -0.03916957
-0.56340218, 0.67336041, 0.4786523
0.62451619, 0.02108657
0.00354216, 0.45786664, -0.04636417
0.86544389, 0.25296792, -0.43241677
0.68659228, 0.02150393
-0.00195797, 0.33922896, -0.00595915
-0.56669819, -0.4425489, 0.69493699
0.80488545, 0.0262264
0.00346744, 0.35364026, -0.02660502
0.86049992, 0.3000885, 0.41160312
0.97985864, 0.03049004
0.0035031, 0.33246297, -0.02551447
0.8602252, -0.25278482, 0.44276252
0.97987646, 0.02994478
0.00127473, 0.21217303, 0.0006366
0.54448074, -0.43968016, 0.71425521
0.93182987, 0.02900684
-0.00350408, 0.22655803, -0.02018664
-0.87582016, 0.29563281, 0.38142034
0.97637284, 0.02728087
0.00120343, 0.25452757, -0.0015445
0.54448074, -0.43968016, 0.71425521
0.88954085, 0.02782881
-0.00357538, 0.26891258, -0.02236773
-0.87582016, 0.29563281, 0.38142034
0.97633719, 0.02837139
-0.00353973, 0.24773531, -0.02127718
-0.87380594, -0.2572405, 0.41264078
0.97635508, 0.02782613
-0.00188666, 0.29687434, -0.00377807
-0.56669819, -0.4425489, 0.69493699
0.84717447, 0.02740443
0.00353875, 0.3112857, -0.02442392
0.86049992, 0.3000885, 0.41160312
0.97989428, 0.02939945
-0.00361103, 0.29008988, -0.02345828
-0.87380594, -0.2572405, 0.41264078
0.97631943, 0.02891666
-0.00202927, 0.38158348, -0.00814025
-0.56669819, -0.4425489, 0.69493699
0.76259643, 0.02504838
0.00339614, 0.39599484, -0.02878612
0.86049992, 0.3000885, 0.41160312
0.97982299, 0.03158063
0.00343179, 0.37481755, -0.02769556
0.8602252, -0.25278482, 0.44276252
0.97984082, 0.0310353
-0.00210057, 0.42393807, -0.01032136
-0.56669819, -0.4425489, 0.69493699
0.72030741, 0.02387035
-0.0038606, 0.43833089, -0.03109212
-0.87582016, 0.29563281, 0.38142034
0.97619462, 0.03273362
-0.00382495, 0.4171536, -0.03000157
-0.87380594, -0.2572405, 0.41264078
0.97621244, 0.03218836
-0.00217188, 0.46629265, -0.01250246
-0.56669819, -0.4425489, 0.69493699
0.67801839, 0.0226922
-0.0039319, 0.48068547, -0.03327321
-0.87582016, 0.29563281, 0.38142034
0.97615898, 0.03382415
-0.00389625, 0.45950818, -0.03218267
-0.87380594, -0.2572405, 0.41264078
0.9761768, 0.03327888
-0.00328902, 0.24716048, -0.0356146
-0.85119176, 0.24854274, -0.46226385
0.97648036, 0.03499484
0.00393184, 0.22611028, -0.03440224
0.8811304, -0.29813531, -0.36695457
0.98009086, 0.03438866
-0.00087991, 0.27203655, -0.05800816
-0.54365671, -0.53956723, -0.64284188
0.87200099, 0.02785444
0.00382556, 0.28931653, -0.03766458
0.86544389, 0.25296792, -0.43241677
0.98003769, 0.03601986
-0.00332444, 0.26822925, -0.03670204
-0.86629844, -0.30265206, -0.39732048
0.97646272, 0.03553855
-0.00095077, 0.31417412, -0.06018306
-0.54365671, -0.53956723, -0.64284188
0.82992858, 0.02668238
0.00375471, 0.3314541, -0.03983948
0.86544389, 0.25296792, -0.43241677
0.98000228, 0.03710729
0.00379014, 0.31038532, -0.03875203
0.8811304, -0.29813531, -0.36695457
0.98001999, 0.03656358
-0.00102162, 0.35631159, -0.06235795
-0.54365671, -0.53956723, -0.64284188
0.78785652, 0.02551031
0.00368386, 0.3735916, -0.04201438
0.86544389, 0.25296792, -0.43241677
0.97996682, 0.03819472
-0.00346615, 0.35250428, -0.04105183
-0.86629844, -0.30265206, -0.39732048
0.97639185, 0.03771347
-0.00109247, 0.39844918, -0.06453285
-0.54365671, -0.53956723, -0.64284188
0.74578398, 0.02433836
0.00361301, 0.41572911, -0.04418927
0.86544389, 0.25296792, -0.43241677
0.97993141, 0.03928214
0.00364843, 0.39466035, -0.04310182
0.8811304, -0.29813531, -0.36695457
0.97994912, 0.03873843
0.00185546, 0.44059443, -0.06665526
0.56843776, -0.53669852, -0.62349313
0.70378929, 0.02241254
-0.00364328, 0.45784813, -0.04648907
-0.85119176, 0.24854274, -0.46226385
0.97630328, 0.04043204
-0.00360785, 0.43677932, -0.04540163
-0.86629844, -0.30265206, -0.39732048
0.97632098, 0.03988832
-0.00167155, 0.5198071, -0.04664145
-0.53938413, 0.62663656, -0.56242561
0.64164966, 0.05307025
# Number of Faces:
460
# Face Data:
0, 1, 2
3, 4, 5
5, 6, 7
8, 9, 10
10, 11, 12
13, 14, 15
16, 17, 18
19, 20, 1
15, 21, 22
23, 24, 25
26, 27, 28
27, 26, 26
28, 29, 30
29, 28, 27
30, 31, 32
31, 30, 29
32, 33, 34
33, 32, 31
34, 35, 36
35, 34, 33
36, 37, 38
37, 36, 35
38, 39, 40
39, 38, 37
40, 41, 42
41, 40, 39
42, 43, 44
43, 42, 41
44, 45, 45
45, 44, 43
26, 46, 27
46, 26, 26
27, 47, 29
47, 27, 46
29, 48, 31
48, 29, 47
31, 49, 33
49, 31, 48
33, 50, 35
50, 33, 49
35, 51, 37
51, 35, 50
37, 52, 39
52, 37, 51
39, 53, 41
53, 39, 52
41, 54, 43
54, 41, 53
55, 45, 45
45, 55, 56
26, 57, 46
57, 26, 26
46, 58, 47
58, 46, 57
47, 59, 48
59, 47, 58
48, 60, 49
60, 48, 59
49, 61, 50
61, 49, 60
62, 63, 64
63, 62, 65
64, 66, 67
66, 64, 63
67, 68, 69
68, 67, 66
69, 70, 56
70, 69, 68
56, 45, 45
45, 56, 70
26, 71, 72
71, 26, 26
72, 73, 74
73, 72, 71
74, 75, 76
75, 74, 73
76, 77, 78
77, 76, 75
78, 79, 65
79, 78, 77
65, 80, 63
80, 65, 79
63, 81, 66
81, 63, 80
66, 82, 68
82, 66, 81
68, 83, 70
83, 68, 82
70, 45, 45
45, 70, 83
26, 84, 71
84, 26, 26
71, 85, 73
85, 71, 84
73, 86, 75
86, 73, 85
75, 87, 77
87, 75, 86
77, 88, 79
88, 77, 87
79, 89, 80
89, 79, 88
80, 90, 81
90, 80, 89
81, 91, 82
91, 81, 90
82, 92, 83
92, 82, 91
83, 45, 45
45, 83, 92
26, 93, 84
93, 26, 26
84, 94, 85
94, 84, 93
85, 95, 86
95, 85, 94
86, 96, 87
96, 86, 95
87, 97, 88
97, 87, 96
88, 98, 89
98, 88, 97
89, 99, 90
99, 89, 98
90, 100, 91
100, 90, 99
91, 101, 92
101, 91, 100
92, 45, 45
45, 92, 101
26, 102, 93
102, 26, 26
93, 103, 94
103, 93, 102
94, 104, 95
104, 94, 103
95, 105, 96
105, 95, 104
96, 106, 97
106, 96, 105
97, 107, 98
107, 97, 106
98, 108, 99
108, 98, 107
99, 109, 100
109, 99, 108
100, 110, 101
110, 100, 109
101, 45, 45
45, 101, 110
26, 28, 102
28, 26, 26
102, 30, 103
30, 102, 28
103, 32, 104
32, 103, 30
104, 34, 105
34, 104, 32
105, 36, 106
36, 105, 34
106, 38, 107
38, 106, 36
107, 40, 108
40, 107, 38
108, 42, 109
42, 108, 40
109, 44, 110
44, 109, 42
110, 45, 45
45, 110, 44
111, 112, 113
114, 115, 116
117, 118, 119
120, 121, 122
123, 124, 125
111, 126, 127
128, 129, 130
131, 132, 133
133, 132, 134
135, 136, 137
136, 138, 139
140, 141, 142
143, 144, 145
146, 129, 128
147, 142, 148
149, 150, 151
152, 153, 154
155, 156, 157
158, 159, 160
161, 162, 163
164, 165, 166
167, 168, 169
170, 171, 172
167, 167, 115
173, 174, 175
115, 115, 116
176, 177, 178
179, 180, 181
182, 183, 184
185, 186, 187
188, 189, 190
191, 192, 193
194, 195, 196
195, 197, 198
197, 199, 200
199, 201, 202
201, 203, 204
203, 155, 205
206, 207, 208
207, 209, 210
209, 211, 212
211, 213, 214
215, 216, 214
217, 154, 216
218, 219, 153
220, 221, 219
222, 223, 221
224, 225, 223
226, 227, 225
188, 127, 227
156, 228, 229
228, 230, 231
230, 232, 233
234, 235, 233
236, 237, 235
160, 122, 237
238, 239, 240
241, 242, 243
244, 245, 246
247, 248, 195
249, 250, 251
252, 253, 254
116, 116, 168
255, 256, 257
168, 168, 167
258, 259, 260
116, 115, 261
262, 263, 264
265, 266, 267
268, 269, 154
270, 271, 272
229, 273, 274
275, 276, 277
278, 279, 280
281, 282, 283
284, 285, 286
121, 287, 288
289, 290, 119
291, 292, 293
294, 295, 210
296, 297, 298
237, 299, 300
301, 302, 303
304, 305, 306
307, 308, 214
309, 310, 311
233, 312, 313
314, 315, 316
317, 318, 319
320, 321, 219
322, 323, 324
205, 325, 326
327, 328, 329
330, 331, 332
333, 334, 223
335, 336, 337
202, 338, 339
340, 341, 342
343, 344, 345
346, 347, 227
348, 349, 350
198, 351, 352
353, 354, 355
356, 357, 358
207, 359, 360
361, 362, 363
364, 365, 366
367, 368, 234
369, 370, 371
211, 372, 373
374, 375, 376
377, 378, 379
380, 381, 230
382, 383, 384
215, 385, 386
387, 388, 389
390, 391, 392
393, 394, 156
395, 396, 397
152, 398, 399
400, 401, 402
403, 404, 405
406, 407, 203
408, 409, 410
220, 411, 412
413, 414, 415
416, 417, 418
419, 420, 199
421, 422, 423
224, 424, 425
426, 427, 428
194, 429, 430
431, 0, 2
432, 3, 5
432, 5, 7
433, 8, 10
433, 10, 12
434, 13, 15
435, 436, 18
18, 437, 16
16, 438, 17
17, 439, 435
435, 18, 17
0, 19, 1
434, 15, 22
25, 440, 441
441, 442, 23
23, 443, 444
444, 24, 23
25, 441, 23
126, 111, 113
445, 114, 116
446, 117, 119
160, 120, 122
447, 123, 125
188, 111, 127
448, 128, 130
449, 131, 133
450, 133, 134
451, 135, 137
137, 136, 139
147, 140, 142
145, 452, 453
453, 454, 143
143, 455, 144
144, 456, 145
145, 453, 143
457, 146, 128
458, 147, 148
151, 459, 149
460, 461, 149
149, 462, 463
463, 150, 149
459, 460, 149
217, 152, 154
205, 155, 157
236, 158, 160
464, 161, 163
465, 164, 166
466, 167, 169
467, 170, 172
115, 167, 115
468, 173, 175
116, 115, 116
469, 176, 178
470, 179, 181
471, 182, 184
472, 185, 187
111, 188, 190
473, 191, 193
429, 194, 196
196, 195, 198
198, 197, 200
200, 199, 202
202, 201, 204
204, 203, 205
283, 206, 208
208, 207, 210
210, 209, 212
212, 211, 214
213, 215, 214
215, 217, 216
152, 218, 153
218, 220, 219
220, 222, 221
222, 224, 223
224, 226, 225
226, 188, 227
157, 156, 229
229, 228, 231
231, 230, 233
232, 234, 233
234, 236, 235
236, 160, 237
474, 238, 240
475, 241, 243
476, 244, 246
194, 247, 195
477, 249, 251
478, 252, 254
168, 116, 168
479, 255, 257
167, 168, 167
480, 258, 260
481, 116, 261
482, 262, 264
483, 265, 267
153, 268, 154
484, 270, 272
157, 229, 274
485, 275, 277
486, 278, 280
208, 281, 283
487, 284, 286
122, 121, 288
118, 289, 119
488, 291, 293
212, 294, 210
489, 296, 298
235, 237, 300
490, 301, 303
491, 304, 306
216, 307, 214
492, 309, 311
231, 233, 313
493, 314, 316
494, 317, 319
221, 320, 219
495, 322, 324
204, 205, 326
496, 327, 329
497, 330, 332
225, 333, 223
498, 335, 337
200, 202, 339
499, 340, 342
500, 343, 345
127, 346, 227
501, 348, 350
196, 198, 352
502, 353, 355
503, 356, 358
209, 207, 360
504, 361, 363
505, 364, 366
232, 367, 234
506, 369, 371
213, 211, 373
507, 374, 376
508, 377, 379
228, 380, 230
509, 382, 384
217, 215, 386
510, 387, 389
511, 390, 392
155, 393, 156
512, 395, 397
218, 152, 399
513, 400, 402
514, 403, 405
201, 406, 203
515, 408, 410
222, 220, 412
516, 413, 415
517, 416, 418
197, 419, 199
518, 421, 423
226, 224, 425
519, 426, 428
520, 194, 430
