# Project Zomboid Skinned Mesh
# File Version:
1.0
# Model Name:
HCAA-12
# Vertex Stride Element Count:
3
# Vertex Stride Size (in bytes):
76
# Vertex Stride Data:
# (Int)    Offset
# (String) Type
0
VertexArray
12
NormalArray
24
TextureCoordArray
# Vertex Count:
493
# Vertex Buffer:
-0.01933138, 0.1960623, -0.02447287
-0.7293008, -0.66399121, 0.16486099
0.0, 0.67551133
-0.01933136, 0.53412122, -0.04061115
-0.72917873, 0.67656481, 0.10257271
1.0, 0.86913574
-0.01933139, 0.53282201, -0.10476746
-0.72945338, 0.67146826, -0.13040559
1.0, 0.13086426
-0.01933142, 0.19257554, -0.10500696
-0.98706013, 3.052e-05, -0.16031373
0.0, 0.06625843
-0.01933138, 0.19561809, -0.03060913
-0.8989532, -0.29425946, 0.32441175
0.0, 0.5
-0.01933139, 0.11380848, -0.02855251
-0.90469068, 0.30893886, 0.29337442
0.0, 0.5
-0.01933142, 0.11000986, -0.10501147
-0.98702961, 0.0, -0.16034424
0.0, 0.06468105
-0.01933143, 0.04071495, -0.10502154
-0.98702961, 0.0, -0.16046633
0.0, 0.08488905
-0.01933139, 0.03885946, -0.01776374
-1.0, 0.0, 0.0
0.0, 1.0
-0.01933138, 0.11421825, -0.01312804
-0.7076937, 0.70619833, -0.02059999
0.0, 1.0
-0.01933138, 0.05040354, -0.00204999
-0.9706412, 0.00051881, 0.24051638
0.0, 1.0
-0.01933137, 0.11457223, -0.00200059
-0.7330851, 0.65752131, 0.17377239
0.0, 1.0
-0.0193314, -0.05192032, -0.03049391
-0.98348951, -0.00656148, 0.18070009
0.0, 0.9021797
-0.01933139, -0.0293223, -0.02195796
-0.95376444, -0.17761773, 0.242378
0.0, 1.0
-0.01933143, -0.03587416, -0.10503267
-0.98687702, -0.00137333, -0.1614124
0.0, 0.10722417
-0.01933144, -0.10799136, -0.10334198
-0.98825037, -0.00277718, -0.15271463
0.0, 0.09782028
-0.01933145, -0.3438606, -0.09816285
-0.65794855, -0.70043033, -0.27646717
0.0, 0.0
-0.01933139, -0.34406856, 0.03455071
0.0, -0.48203987, 0.8761254
0.0, 1.0
-0.0193314, -0.07113469, -0.02921043
-0.97872859, 0.0341197, 0.20227668
0.0, 0.92859199
-0.01933145, -0.18349218, -0.101693
-0.99056977, -0.00314341, -0.13681448
0.0, 0.07140803
-0.00795685, 0.19688357, -0.01312804
-0.11746574, -0.62770468, 0.76952422
0.0, 1.0
-0.0009647, 0.19688357, -0.01312805
0.0, -0.6634419, 0.74822229
0.0, 1.0
-0.00096469, 0.53435153, -0.02923896
0.0, 0.73070467, 0.68266857
1.0, 1.0
-0.00795683, 0.53435153, -0.02923896
-0.11734367, 0.69713432, 0.70723593
1.0, 1.0
-0.01648774, 0.19667825, -0.01596425
-0.55446029, -0.58415478, 0.59269994
0.0, 0.91887783
-0.00096471, 0.19561809, -0.03060914
0.0, -0.67183447, 0.74068421
0.0, 0.5
-0.00795687, 0.53259176, -0.11613965
-0.11764885, 0.66551715, -0.73702198
1.0, 0.0
-0.00096473, 0.53259176, -0.11613967
0.0, 0.7001251, -0.71398056
1.0, 0.0
-0.00096476, 0.19211078, -0.116372
0.0, 0.0003357, -0.99996948
0.0, 0.0
-0.0079569, 0.19211078, -0.11637199
-0.16003907, 0.0003357, -0.98709065
0.0, 0.0
-0.01648772, 0.53429395, -0.032082
-0.55436873, 0.63713491, 0.53541672
1.0, 0.96728393
0.00602745, 0.53435153, -0.02923897
0.11734367, 0.69713432, 0.70726645
1.0, 1.0
0.01455835, 0.53429395, -0.03208201
0.55436873, 0.63713491, 0.53541672
1.0, 0.96728393
0.01740197, 0.53412122, -0.04061117
0.72917873, 0.67656481, 0.10257271
1.0, 0.86913574
0.01740194, 0.53282201, -0.10476747
0.72945338, 0.67146826, -0.13040559
1.0, 0.13086426
0.01455831, 0.53264928, -0.11329661
0.55461287, 0.61320841, -0.56245613
1.0, 0.03271604
0.00602741, 0.53259176, -0.11613967
0.11761834, 0.66551715, -0.73702198
1.0, 0.0
-0.01648776, 0.53264928, -0.1132966
-0.55461287, 0.61320841, -0.56245613
1.0, 0.03271604
-0.00096471, 0.11421825, -0.01312805
0.0, 0.99957275, -0.02899258
0.0, 1.0
-0.00096472, 0.11380848, -0.02855252
0.0, 0.72511977, 0.68858916
0.0, 0.5
-0.00096476, 0.10944545, -0.116372
0.0, 0.0, -1.0
0.0, 0.0
-0.00096477, 0.03999384, -0.116372
0.0, 0.0, -1.0
0.0, 0.0
-0.00795691, 0.03999384, -0.11637199
-0.15985595, 0.0, -0.98712116
0.0, 0.0
-0.0079569, 0.10944545, -0.11637199
-0.15997803, 0.0, -0.98709065
0.0, 0.0
-0.00523748, 0.04417106, 0.00594565
-0.18057802, 0.37662894, 0.90856653
0.0, 1.0
-0.00096471, 0.04454373, 0.00594565
0.0, 0.37989441, 0.92501605
0.0, 1.0
-0.0009647, 0.11481502, 0.00594565
0.0, 0.718009, 0.69600511
0.0, 1.0
-0.00795684, 0.11481503, 0.00594565
-0.11890011, 0.68431652, 0.7194128
0.0, 1.0
-0.01648774, 0.1147261, 0.00310341
-0.49601734, 0.64354378, 0.5829035
0.0, 1.0
-0.00795691, -0.03676846, -0.11637199
-0.15964232, -0.01217689, -0.98709065
0.0, 0.0
-0.00096477, -0.03676846, -0.116372
0.0, -0.01223792, -0.99990845
0.0, 0.0
-0.00096478, -0.1148103, -0.11445802
0.0, -0.01995911, -0.99978638
0.0, 0.0
-0.00795692, -0.1148103, -0.11445802
-0.13257241, -0.01815851, -0.99099702
0.0, 0.0
-0.00795686, -0.33544612, 0.04064096
-0.07083346, -0.15952025, 0.98461866
0.0, 1.0
-0.00096472, -0.33544612, 0.04064095
0.0, -0.19244972, 0.98129213
0.0, 1.0
-0.00096473, -0.06177471, -0.02274742
0.0, 0.07309183, 0.99731439
0.0, 1.0
-0.00795687, -0.06177471, -0.02274741
-0.10058901, 0.06036561, 0.99307227
0.0, 1.0
-0.00795692, -0.19285214, -0.11325581
-0.09674367, -0.01702933, -0.99514759
0.0, 0.0
-0.00096478, -0.19285214, -0.11325581
0.0, -0.0184637, -0.99981689
0.0, 0.0
-0.00096479, -0.33523816, -0.11018677
0.0, -0.46629229, -0.88460952
0.0, 0.0
-0.00795693, -0.33523816, -0.11018676
-0.08191168, -0.43259987, -0.89782405
0.0, 0.0
-0.01648782, -0.33689529, -0.10787588
-0.55836666, -0.40284431, -0.7251808
0.0, 0.0
-0.00096479, -0.3438606, -0.09816286
0.0, -0.95175022, -0.30680257
0.0, 0.0
-0.00096472, -0.34406856, 0.0345507
0.0, -0.88830227, 0.45921201
0.0, 1.0
-0.01648776, -0.33760175, 0.03911841
-0.49192786, -0.15933713, 0.8559221
0.0, 1.0
-0.00096473, -0.04510137, -0.02138997
0.0, -0.30011901, 0.95388651
0.0, 1.0
-0.00795687, -0.04510137, -0.02138997
-0.10968352, -0.28943753, 0.95086521
0.0, 1.0
-0.00795686, -0.03314647, -0.01441012
-0.23953979, -0.70781577, 0.66451001
0.0, 1.0
-0.00096472, -0.03314647, -0.01441012
0.0, -0.74407178, 0.66808069
0.0, 1.0
-0.00096472, -0.02734637, -0.00145467
0.0, -0.96395767, 0.2659688
0.0, 1.0
-0.00795686, -0.02734637, -0.00145467
-0.35477766, -0.86614579, 0.35193944
0.0, 1.0
-0.01523603, -0.02323854, -0.0030401
-0.67757195, -0.57127595, 0.46314889
0.0, 1.0
-0.01933138, -0.01596232, -0.00540645
-0.93673515, -0.17645802, 0.30222479
0.0, 1.0
-0.01364413, -0.03012851, -0.01537663
-0.5492416, -0.64076662, 0.53636283
0.0, 0.97319395
-0.01648779, 0.19222698, -0.11353073
-0.70686972, 0.00024415, -0.70732749
0.0, 0.03312922
-0.01648779, 0.10958655, -0.11353186
-0.7068392, 0.0, -0.707358
0.0, 0.03234053
-0.0164878, 0.04017412, -0.11353438
-0.7066561, 0.0, -0.70754111
0.0, 0.04244453
-0.01933138, -0.00765384, -0.00209468
-0.97115999, -0.04174932, 0.23468734
0.0, 1.0
-0.01648775, -0.01617914, 0.00358091
-0.69670707, -0.37165442, 0.61354411
0.0, 1.0
-0.01648774, 0.03363328, 0.00339922
-0.72014529, 0.01968444, 0.69353312
0.0, 1.0
-0.01648774, 0.0405933, 0.00337383
-0.66075623, 0.03219703, 0.7498703
0.0, 1.0
-0.01648774, 0.04600084, 0.0033541
-0.61217076, -0.00128178, 0.79070407
0.0, 1.0
-0.01648781, -0.11310557, -0.11218203
-0.69057286, -0.01113926, -0.72313607
0.0, 0.04891014
-0.01648781, -0.03654489, -0.11353716
-0.70461136, -0.00793481, -0.70952481
0.0, 0.05361211
-0.01648776, -0.0468061, -0.02366595
-0.67244482, -0.11627552, 0.73091829
0.0, 0.95108985
-0.01648776, -0.06411471, -0.02436316
-0.61250651, 0.05685598, 0.78838468
0.0, 0.96429599
-0.01648782, -0.19051215, -0.11164004
-0.67546618, -0.0113834, -0.73729664
0.0, 0.03570402
-0.01048963, 0.04132743, 0.00594566
-0.49610889, 0.5352031, 0.68364513
0.0, 1.0
-0.01224034, 0.03279654, 0.00594566
-0.81814021, 0.10711997, 0.5648976
0.0, 1.0
-0.0100986, -0.02122237, 0.00224549
-0.84859765, -0.45735037, 0.26575518
0.0, 1.0
-0.01224034, -0.01436491, 0.02134589
-0.99584949, -0.09048738, -0.00964385
0.0, 1.0
-0.01224034, 0.01960869, 0.0207071
-0.99725336, 0.07208472, 0.01602222
0.0, 1.0
-0.01224035, -0.01509836, 0.00594566
-0.87221903, -0.23551133, 0.42863247
0.0, 1.0
-0.01224033, -0.01832724, 0.03546004
-0.99572742, -0.08304086, -0.03991821
0.0, 1.0
-0.01224032, 0.02316255, 0.04034656
-0.98934907, 0.12671286, 0.07159642
0.0, 1.0
-0.01224033, -0.02846252, 0.04694154
-0.99133277, -0.10229804, -0.08209479
0.0, 1.0
-0.01224033, 0.01300654, 0.04840365
-0.99407941, 0.08569597, 0.06646931
0.0, 1.0
-0.01224031, -0.0001918, 0.07051876
-0.99392682, 0.09668264, 0.05200354
0.0, 1.0
-0.01224032, -0.04247519, 0.06904663
-0.99279761, -0.105533, -0.05612354
0.0, 1.0
-0.0122403, -0.01137724, 0.09260905
-0.99444562, 0.09637745, 0.04208503
0.0, 1.0
-0.01224031, -0.05055916, 0.09117654
-0.99395734, -0.10525834, -0.03009125
0.0, 1.0
-0.01224029, -0.05483852, 0.11480924
-0.99185157, -0.12475967, 0.02514725
0.0, 1.0
-0.01224029, -0.02131434, 0.11774895
-0.99661243, 0.08182012, 0.00631733
0.0, 1.0
-0.01224028, -0.04932856, 0.127648
-0.71141696, -0.22922452, 0.66429639
0.0, 1.0
-0.01224027, -0.01703608, 0.13672301
-0.74440747, -0.0845973, 0.66231269
0.0, 1.0
-0.00523748, -0.0264729, 0.00594565
-0.21826838, -0.96887112, 0.11670278
0.0, 1.0
-0.00096471, -0.0264729, 0.00594565
0.0, -0.99661243, 0.08215582
0.0, 1.0
-0.0009647, -0.02573743, 0.02155971
0.0, -0.99200416, -0.12604144
0.0, 1.0
-0.00523747, -0.02573743, 0.02155971
-0.24970244, -0.96008182, -0.12582782
0.0, 1.0
-0.00523746, 0.03098121, 0.02049327
-0.24845119, 0.92223883, 0.29618213
0.0, 1.0
-0.0009647, 0.03098121, 0.02049327
0.0, 0.95886105, 0.28385267
0.0, 1.0
-0.0009647, -0.02962369, 0.03412957
0.0, -0.88039798, -0.4741661
0.0, 1.0
-0.00523746, -0.02962369, 0.03412957
-0.23505355, -0.85097814, -0.46964934
0.0, 1.0
-0.00523745, 0.03445899, 0.041677
-0.22107609, 0.90606403, 0.36075929
0.0, 1.0
-0.00096469, 0.03445899, 0.041677
0.0, 0.92242193, 0.38608965
0.0, 1.0
-0.00096469, -0.03982998, 0.04654075
0.0, -0.81005281, -0.58635211
0.0, 1.0
-0.00523746, -0.03982998, 0.04654075
-0.20993683, -0.79406112, -0.57039094
0.0, 1.0
-0.00523745, 0.024374, 0.04880443
-0.19119847, 0.70528275, 0.68260747
0.0, 1.0
-0.00096469, 0.024374, 0.04880443
0.0, 0.73381758, 0.67931151
0.0, 1.0
-0.00096468, -0.05384282, 0.06865084
0.0, -0.89706105, -0.44187748
0.0, 1.0
-0.00523744, -0.05384282, 0.06865084
-0.22501297, -0.87661368, -0.42530596
0.0, 1.0
-0.00523744, 0.01117583, 0.07091454
-0.22373119, 0.85268718, 0.47206029
0.0, 1.0
-0.00096468, 0.01117583, 0.07091454
0.0, 0.87600327, 0.48228401
0.0, 1.0
-0.00096468, -0.06192609, 0.09076096
0.0, -0.96475112, -0.26310006
0.0, 1.0
-0.00523743, -0.06192609, 0.09076096
-0.23749503, -0.93780327, -0.25312051
0.0, 1.0
-0.00523743, -1.03e-05, 0.09302464
-0.23197119, 0.88729513, 0.39854121
0.0, 1.0
-0.00096467, -1.03e-05, 0.09302464
0.0, 0.91341901, 0.40696433
0.0, 1.0
-0.00096466, -0.06616955, 0.11381562
0.0, -0.98727375, 0.15884884
0.0, 1.0
-0.00523742, -0.06616955, 0.11381564
-0.22913297, -0.96246225, 0.1454207
0.0, 1.0
-0.00523741, -0.00998329, 0.11874257
-0.25504318, 0.96285897, 0.0885342
0.0, 1.0
-0.00096466, -0.00998329, 0.11874257
0.0, 0.99563587, 0.09329508
0.0, 1.0
-0.00096466, -0.0602789, 0.12457068
0.0, -0.6223945, 0.78267771
0.0, 1.0
-0.00523741, -0.0602789, 0.12457068
-0.13046663, -0.65846735, 0.74117249
0.0, 1.0
-0.01048955, -0.00882334, 0.13903099
-0.64796901, 0.41731009, 0.63713491
0.0, 1.0
-0.01048957, -0.0575413, 0.12534
-0.59208959, -0.47630239, 0.65001374
0.0, 1.0
-0.00096465, -0.00608573, 0.13980033
0.0, 0.6742149, 0.73848689
0.0, 1.0
-0.0052374, -0.00608575, 0.13980033
-0.20215461, 0.69124424, 0.69374675
0.0, 1.0
-0.01048962, -0.02289429, 0.02150626
-0.82381666, -0.56254768, -0.06955168
0.0, 1.0
-0.01048963, -0.02362927, 0.00594566
-0.84124273, -0.54029971, -0.01757866
0.0, 1.0
-0.01048962, 0.02813809, 0.02054673
-0.8524735, 0.49971008, 0.15341654
0.0, 1.0
-0.01048962, -0.02679957, 0.03446219
-0.8152104, -0.51133764, -0.27188939
0.0, 1.0
-0.01048961, 0.03163489, 0.04134439
-0.72811061, 0.62358469, 0.28449354
0.0, 1.0
-0.01048961, -0.03698812, 0.04664095
-0.7586596, -0.52381968, -0.3872799
0.0, 1.0
-0.0104896, 0.02153214, 0.04870424
-0.77513963, 0.46488845, 0.42777795
0.0, 1.0
-0.0104896, -0.0510009, 0.0687498
-0.77162999, -0.56865138, -0.28495133
0.0, 1.0
-0.01048959, 0.00833393, 0.07081559
-0.78630942, 0.541673, 0.2971282
0.0, 1.0
-0.01048959, -0.05908435, 0.09086485
-0.78719443, -0.59447002, -0.16391492
0.0, 1.0
-0.01048958, -0.00285204, 0.09292075
-0.7954039, 0.55375838, 0.24622333
0.0, 1.0
-0.01048957, -0.06333678, 0.11406402
-0.75368512, -0.64726704, 0.11380352
0.0, 1.0
-0.01048957, -0.01281606, 0.11849417
-0.83913696, 0.54188663, 0.04660176
0.0, 1.0
0.01740196, 0.1960623, -0.02447289
0.7293008, -0.66402173, 0.16486099
0.0, 0.67551133
0.01740195, 0.19561809, -0.03060915
0.8989532, -0.29425946, 0.32441175
0.0, 0.5
0.01740192, 0.19257556, -0.10500698
0.98706013, 3.052e-05, -0.16031373
0.0, 0.06625843
0.01740191, 0.04071495, -0.10502157
0.98702961, 0.0, -0.16046633
0.0, 0.08488905
0.01740191, 0.11000986, -0.10501149
0.98702961, 0.0, -0.16034424
0.0, 0.06468105
0.01740195, 0.11380847, -0.02855253
0.90469068, 0.30893886, 0.2933439
0.0, 0.5
0.01740195, 0.03885946, -0.01776376
1.0, 0.0, 0.0
0.0, 1.0
0.01740196, 0.11421825, -0.01312806
0.7076937, 0.70619833, -0.02059999
0.0, 1.0
0.01740196, 0.11457223, -0.0020006
0.7330851, 0.65752131, 0.17377239
0.0, 1.0
0.01740196, 0.05040353, -0.00205
0.9706412, 0.00051881, 0.24051638
0.0, 1.0
0.01740194, -0.05192032, -0.03049392
0.98348951, -0.00656148, 0.18070009
0.0, 0.9021797
0.01740189, -0.10799136, -0.103342
0.98825037, -0.00277718, -0.15271463
0.0, 0.09782028
0.0174019, -0.03587416, -0.10503268
0.98687702, -0.00137333, -0.1614124
0.0, 0.10722417
0.01740194, -0.0293223, -0.02195797
0.95376444, -0.17761773, 0.242378
0.0, 1.0
0.01740188, -0.3438606, -0.09816287
0.65794855, -0.70043033, -0.27646717
0.0, 0.0
0.01740189, -0.18349218, -0.10169301
0.99056977, -0.00314341, -0.13681448
0.0, 0.07140803
0.01740193, -0.07113469, -0.02921045
0.97872859, 0.0341197, 0.20227668
0.0, 0.92859199
0.01740194, -0.34406856, 0.03455069
0.52067631, 0.02124088, 0.85345012
0.0, 1.0
0.00602744, 0.19688357, -0.01312804
0.11746574, -0.62770468, 0.76952422
0.0, 1.0
0.01455833, 0.19667827, -0.01596427
0.55446029, -0.58415478, 0.59269994
0.0, 0.91887783
0.00602739, 0.19211078, -0.116372
0.16003907, 0.0003357, -0.98709065
0.0, 0.0
0.00602738, 0.10944545, -0.116372
0.15997803, 0.0, -0.98709065
0.0, 0.0
0.00602737, 0.03999384, -0.116372
0.15985595, 0.0, -0.98712116
0.0, 0.0
0.00330806, 0.04417106, 0.00594565
0.18057802, 0.37662894, 0.90856653
0.0, 1.0
0.00602744, 0.11481502, 0.00594565
0.11890011, 0.68431652, 0.7194128
0.0, 1.0
0.01455833, 0.11472609, 0.00310339
0.49601734, 0.64351326, 0.5829035
0.0, 1.0
0.00602737, -0.03676846, -0.116372
0.15964232, -0.01217689, -0.98709065
0.0, 0.0
0.00602736, -0.1148103, -0.11445801
0.13257241, -0.01815851, -0.99099702
0.0, 0.0
0.00602742, -0.33544612, 0.04064095
0.07083346, -0.15952025, 0.98461866
0.0, 1.0
0.00602741, -0.06177471, -0.02274742
0.10058901, 0.06036561, 0.99307227
0.0, 1.0
0.00602736, -0.19285214, -0.11325581
0.09674367, -0.01702933, -0.99514759
0.0, 0.0
0.00602735, -0.33523816, -0.11018677
0.08191168, -0.43256935, -0.89785457
0.0, 0.0
0.01455824, -0.33689529, -0.10787591
0.55836666, -0.40284431, -0.7251808
0.0, 0.0
0.01455832, -0.33760175, 0.03911839
0.49192786, -0.15933713, 0.8559221
0.0, 1.0
0.00602741, -0.04510137, -0.02138997
0.10968352, -0.28943753, 0.95086521
0.0, 1.0
0.00602742, -0.03314647, -0.01441012
0.23953979, -0.70781577, 0.66451001
0.0, 1.0
0.00602743, -0.02734637, -0.00145467
0.35477766, -0.86614579, 0.35193944
0.0, 1.0
0.01330659, -0.02323854, -0.00304011
0.67757195, -0.57127595, 0.46314889
0.0, 1.0
0.01171468, -0.03012851, -0.01537663
0.5492416, -0.64076662, 0.53636283
0.0, 0.97319395
0.01740195, -0.01596232, -0.00540647
0.93673515, -0.17645802, 0.30222479
0.0, 1.0
0.01455828, 0.19222698, -0.11353074
0.70686972, 0.00024415, -0.70732749
0.0, 0.03312922
0.01455827, 0.10958655, -0.11353189
0.7068392, 0.0, -0.707358
0.0, 0.03234053
0.01455827, 0.04017412, -0.11353441
0.70662558, 0.0, -0.70754111
0.0, 0.04244453
0.01740195, -0.00765384, -0.0020947
0.97115999, -0.04174932, 0.23468734
0.0, 1.0
0.01455833, 0.04600084, 0.00335409
0.61217076, -0.00128178, 0.79070407
0.0, 1.0
0.01455833, 0.04059329, 0.00337382
0.66075623, 0.03219703, 0.7498703
0.0, 1.0
0.01455833, 0.03363328, 0.0033992
0.72014529, 0.01968444, 0.69353312
0.0, 1.0
0.01455832, -0.01617914, 0.0035809
0.69670707, -0.37165442, 0.61354411
0.0, 1.0
0.01455826, -0.11310557, -0.11218204
0.69057286, -0.01113926, -0.72316658
0.0, 0.04891014
0.01455826, -0.03654489, -0.11353717
0.70461136, -0.00793481, -0.70952481
0.0, 0.05361211
0.01455831, -0.0468061, -0.02366596
0.67244482, -0.11627552, 0.73091829
0.0, 0.95108985
0.01455831, -0.06411471, -0.02436318
0.61250651, 0.05685598, 0.78838468
0.0, 0.96429599
0.01455825, -0.19051215, -0.11164007
0.67546618, -0.0113834, -0.73729664
0.0, 0.03570402
0.00856021, 0.04132743, 0.00594565
0.49610889, 0.5352031, 0.68364513
0.0, 1.0
0.01031093, 0.03279654, 0.00594565
0.81814021, 0.10711997, 0.5648976
0.0, 1.0
0.00816918, -0.02122237, 0.00224548
0.84859765, -0.45735037, 0.26575518
0.0, 1.0
0.01031093, -0.01436491, 0.02134586
0.99584949, -0.09048738, -0.00964385
0.0, 1.0
0.01031093, -0.01509836, 0.00594565
0.87221903, -0.23551133, 0.42863247
0.0, 1.0
0.01031093, 0.01960869, 0.0207071
0.99725336, 0.07208472, 0.01602222
0.0, 1.0
0.01031094, -0.01832724, 0.03546002
0.99572742, -0.08304086, -0.03991821
0.0, 1.0
0.01031094, 0.02316254, 0.04034654
0.98934907, 0.12671286, 0.07159642
0.0, 1.0
0.01031094, -0.02846252, 0.04694153
0.99133277, -0.10229804, -0.08209479
0.0, 1.0
0.01031095, 0.01300654, 0.04840363
0.99407941, 0.08569597, 0.06646931
0.0, 1.0
0.01031095, -0.0001918, 0.07051875
0.99392682, 0.09668264, 0.05200354
0.0, 1.0
0.01031095, -0.04247519, 0.06904662
0.99279761, -0.105533, -0.05612354
0.0, 1.0
0.01031096, -0.01137724, 0.09260903
0.99444562, 0.09637745, 0.04208503
0.0, 1.0
0.01031096, -0.05055916, 0.09117652
0.99395734, -0.10525834, -0.03009125
0.0, 1.0
0.01031097, -0.05483852, 0.11480923
0.99185157, -0.12475967, 0.02514725
0.0, 1.0
0.01031097, -0.02131434, 0.11774893
0.99661243, 0.08182012, 0.00631733
0.0, 1.0
0.01031097, -0.04932856, 0.12764798
0.71141696, -0.22922452, 0.66429639
0.0, 1.0
0.01031097, -0.01703608, 0.136723
0.74440747, -0.0845973, 0.66231269
0.0, 1.0
0.00330806, -0.0264729, 0.00594565
0.21826838, -0.96887112, 0.11670278
0.0, 1.0
0.00330806, -0.02573743, 0.02155971
0.24970244, -0.96008182, -0.12582782
0.0, 1.0
0.00330806, 0.03098121, 0.02049327
0.24845119, 0.92223883, 0.29618213
0.0, 1.0
0.00330806, -0.02962369, 0.03412957
0.23505355, -0.85097814, -0.46964934
0.0, 1.0
0.00330807, 0.03445899, 0.041677
0.22107609, 0.90606403, 0.36075929
0.0, 1.0
0.00330807, -0.03982998, 0.04654075
0.20993683, -0.79406112, -0.57039094
0.0, 1.0
0.00330808, 0.024374, 0.04880443
0.19119847, 0.70528275, 0.68260747
0.0, 1.0
0.00330807, -0.05384282, 0.06865084
0.22501297, -0.87661368, -0.42530596
0.0, 1.0
0.00330808, 0.01117583, 0.07091452
0.22373119, 0.85268718, 0.47206029
0.0, 1.0
0.00330808, -0.06192609, 0.09076095
0.23749503, -0.93780327, -0.25312051
0.0, 1.0
0.00330809, -1.03e-05, 0.09302463
0.23197119, 0.88729513, 0.39854121
0.0, 1.0
0.00330809, -0.06616955, 0.11381562
0.22913297, -0.96246225, 0.1454207
0.0, 1.0
0.0033081, -0.00998329, 0.11874256
0.25504318, 0.96285897, 0.0885342
0.0, 1.0
0.0033081, -0.0602789, 0.12457067
0.13049714, -0.65846735, 0.74117249
0.0, 1.0
0.00856025, -0.0575413, 0.12533998
0.59208959, -0.47630239, 0.65001374
0.0, 1.0
0.00856026, -0.00882334, 0.13903098
0.64796901, 0.41731009, 0.63713491
0.0, 1.0
0.00330811, -0.00608575, 0.13980031
0.20215461, 0.69124424, 0.69374675
0.0, 1.0
0.00856022, -0.02289429, 0.02150625
0.82381666, -0.56254768, -0.06955168
0.0, 1.0
0.00856021, -0.02362927, 0.00594565
0.84124273, -0.54029971, -0.01757866
0.0, 1.0
0.00856022, 0.02813808, 0.02054672
0.8524735, 0.49971008, 0.15341654
0.0, 1.0
0.00856022, -0.02679957, 0.03446219
0.8152104, -0.51133764, -0.27188939
0.0, 1.0
0.00856022, 0.03163488, 0.04134439
0.72811061, 0.62358469, 0.28449354
0.0, 1.0
0.00856022, -0.03698812, 0.04664094
0.7586596, -0.52381968, -0.3872799
0.0, 1.0
0.00856023, 0.02153214, 0.04870423
0.77513963, 0.46488845, 0.42777795
0.0, 1.0
0.00856023, -0.0510009, 0.06874979
0.77162999, -0.56865138, -0.28495133
0.0, 1.0
0.00856024, 0.00833393, 0.07081558
0.78630942, 0.541673, 0.2971282
0.0, 1.0
0.00856024, -0.05908435, 0.09086484
0.78719443, -0.59447002, -0.16391492
0.0, 1.0
0.00856025, -0.00285204, 0.09292074
0.7954039, 0.55375838, 0.24622333
0.0, 1.0
0.00856025, -0.06333678, 0.11406401
0.75368512, -0.64729756, 0.11380352
0.0, 1.0
0.00856025, -0.01281606, 0.11849415
0.83913696, 0.54188663, 0.04660176
0.0, 1.0
0.05206966, 0.12355949, 0.17559466
0.3785516, -0.62535477, 0.68233281
0.24401668, 1.0
-0.00193183, 0.124162, 0.19005178
0.0, -0.6211127, 0.78368479
0.11164542, 1.0
-0.05593333, 0.1235595, 0.17559467
-0.3785516, -0.62535477, 0.68233281
0.08333342, 1.0
-0.09546515, 0.12191345, 0.13609713
-0.65572071, -0.63689077, 0.40543839
0.16666684, 1.0
-0.10993483, 0.11966489, 0.08214247
-0.75713372, -0.65263832, 0.02719199
0.33931664, 1.0
-0.0954652, 0.11741632, 0.02818781
-0.65572071, -0.66841638, -0.35102388
0.55502141, 1.0
-0.05593338, 0.11577025, -0.01130975
-0.3785516, -0.67995238, -0.62794888
0.75598323, 1.0
-0.00193188, 0.11516774, -0.02576689
0.0, -0.68416393, -0.7293008
0.8883546, 1.0
0.05206963, 0.11577024, -0.01130982
0.3785516, -0.67995238, -0.62794888
0.91666669, 1.0
0.09160148, 0.11741629, 0.02818774
0.65572071, -0.66841638, -0.35102388
0.83333337, 1.0
0.10607117, 0.11966486, 0.0821424
0.75713372, -0.65263832, 0.02719199
0.75, 1.0
0.09160151, 0.12191343, 0.13609713
0.65572071, -0.63689077, 0.40543839
0.44497845, 1.0
0.09160148, 0.19694565, 0.02487334
0.65572071, 0.63689077, -0.40543839
0.83333337, 0.0
0.10607118, 0.19919421, 0.07882801
0.75713372, 0.65263832, -0.02719199
0.75, 0.0
0.05206963, 0.1952996, -0.01462421
0.3785516, 0.62535477, -0.68233281
0.91666669, 0.0
0.05206963, 0.11577024, -0.01130982
0.3785516, -0.67995238, -0.62794888
-0.08333331, 1.0
-0.00193188, 0.11516774, -0.02576689
0.0, -0.68416393, -0.7293008
3e-08, 1.0
-0.00193188, 0.1946971, -0.02908128
0.0, 0.6211127, -0.78368479
3e-08, 0.0
0.05206963, 0.1952996, -0.01462421
0.3785516, 0.62535477, -0.68233281
-0.08333331, 0.0
-0.05593338, 0.11577025, -0.01130975
-0.3785516, -0.67995238, -0.62794888
0.08333334, 1.0
-0.05593337, 0.1952996, -0.01462414
-0.3785516, 0.62535477, -0.68233281
0.08333334, 0.0
-0.0954652, 0.11741632, 0.02818781
-0.65572071, -0.66841638, -0.35102388
0.16666666, 1.0
-0.0954652, 0.19694567, 0.02487342
-0.65572071, 0.63689077, -0.40543839
0.16666666, 0.0
-0.10993483, 0.11966489, 0.08214247
-0.75713372, -0.65263832, 0.02719199
0.24999997, 1.0
-0.10993483, 0.19919424, 0.07882808
-0.75713372, 0.65263832, -0.02719199
0.24999997, 0.0
-0.09546515, 0.12191345, 0.13609713
-0.65572071, -0.63689077, 0.40543839
0.33333331, 1.0
-0.09546515, 0.20144279, 0.13278273
-0.65572071, 0.66841638, 0.35102388
0.33333331, 0.0
-0.05593333, 0.1235595, 0.17559467
-0.3785516, -0.62535477, 0.68233281
0.41666663, 1.0
-0.05593332, 0.20308885, 0.17228027
-0.3785516, 0.67995238, 0.62794888
0.41666663, 0.0
-0.00193183, 0.124162, 0.19005178
0.0, -0.6211127, 0.78368479
0.49999994, 1.0
-0.00193182, 0.20369135, 0.18673739
0.0, 0.68416393, 0.7293008
0.49999994, 0.0
0.05206966, 0.12355949, 0.17559466
0.3785516, -0.62535477, 0.68233281
0.58333325, 1.0
0.05206967, 0.20308885, 0.17228028
0.3785516, 0.67995238, 0.62794888
0.58333325, 0.0
0.09160151, 0.12191343, 0.13609713
0.65572071, -0.63689077, 0.40543839
0.66666657, 1.0
0.09160151, 0.20144278, 0.13278276
0.65572071, 0.66841638, 0.35102388
0.66666657, 0.0
-0.00193188, 0.1946971, -0.02908128
0.0, 0.6211127, -0.78368479
0.88835442, 0.0
-0.05593337, 0.1952996, -0.01462414
-0.3785516, 0.62535477, -0.68233281
0.75598294, 0.0
-0.0954652, 0.19694567, 0.02487342
-0.65572071, 0.63689077, -0.40543839
0.55502105, 0.0
-0.10993483, 0.19919424, 0.07882808
-0.75713372, 0.65263832, -0.02719199
0.33931631, 0.0
-0.09546515, 0.20144279, 0.13278273
-0.65572071, 0.66841638, 0.35102388
0.16666661, 0.0
-0.05593332, 0.20308885, 0.17228027
-0.3785516, 0.67995238, 0.62794888
0.08333325, 0.0
-0.00193182, 0.20369135, 0.18673739
0.0, 0.68416393, 0.7293008
0.11164536, 0.0
0.05206967, 0.20308885, 0.17228028
0.3785516, 0.67995238, 0.62794888
0.24401677, 0.0
0.00861439, 0.11392973, 0.03950024
0.71337014, 0.00079348, -0.70076603
1.0, 1.0
0.00861439, 0.11402037, 0.04283803
0.70043033, -0.00140385, 0.71367532
1.0, 0.0
0.00861442, 0.02827116, 0.04266821
0.56620991, -0.64677876, 0.51091039
0.0, 0.0
0.00861442, 0.02904158, 0.039403
0.59044158, -0.50050354, -0.63310647
0.0, 1.0
-0.01047516, 0.11392972, 0.03950026
-0.71337014, 0.00079348, -0.70076603
0.0, 1.0
-0.01047514, 0.02904157, 0.03940299
-0.59044158, -0.50050354, -0.63310647
1.0, 1.0
-0.01047514, 0.02827116, 0.04266822
-0.56620991, -0.64677876, 0.51091039
1.0, 0.0
-0.01047516, 0.11402036, 0.04283803
-0.70043033, -0.00140385, 0.71367532
0.0, 0.0
0.00861439, 0.11392973, 0.03950024
0.71337014, 0.00079348, -0.70076603
0.0, 1.0
0.00861442, 0.02904158, 0.039403
0.59044158, -0.50050354, -0.63310647
1.0, 1.0
-0.01047514, 0.02904157, 0.03940299
-0.59044158, -0.50050354, -0.63310647
1.0, 0.0
-0.01047516, 0.11392972, 0.03950026
-0.71337014, 0.00079348, -0.70076603
0.0, 0.0
0.00861442, 0.02827116, 0.04266821
0.56620991, -0.64677876, 0.51091039
1.0, 1.0
-0.01047514, 0.02904157, 0.03940299
-0.59044158, -0.50050354, -0.63310647
0.0, 0.0
0.00861442, 0.02827116, 0.04266821
0.56620991, -0.64677876, 0.51091039
0.0, 1.0
0.00861439, 0.11402037, 0.04283803
0.70043033, -0.00140385, 0.71367532
1.0, 1.0
-0.01047516, 0.11402036, 0.04283803
-0.70043033, -0.00140385, 0.71367532
1.0, 0.0
-0.01047514, 0.02827116, 0.04266822
-0.56620991, -0.64677876, 0.51091039
0.0, 0.0
0.00861445, -0.00590705, 0.13970128
0.602588, -0.55906856, 0.56944489
1.0, 1.0
0.00861445, -0.00745046, 0.13274954
0.55842769, -0.59169286, -0.58137763
1.0, 0.0
0.00861447, 0.1205432, 0.15880959
0.58864099, 0.62602621, -0.51139867
0.0, 0.0
0.00861447, 0.1205432, 0.16534519
0.56755275, 0.52110356, 0.63740957
0.0, 1.0
-0.0104751, -0.00590705, 0.13970129
-0.602588, -0.55906856, 0.56944489
0.0, 1.0
-0.01047509, 0.12054321, 0.16534521
-0.56752223, 0.52110356, 0.63740957
1.0, 1.0
-0.01047509, 0.12054321, 0.1588096
-0.58864099, 0.62602621, -0.51139867
1.0, 0.0
-0.01047511, -0.00745046, 0.13274956
-0.55842769, -0.59169286, -0.58137763
0.0, 0.0
0.00861445, -0.00590705, 0.13970128
0.602588, -0.55906856, 0.56944489
0.0, 1.0
0.00861447, 0.1205432, 0.16534519
0.56755275, 0.52110356, 0.63740957
1.0, 1.0
-0.01047509, 0.12054321, 0.16534521
-0.56752223, 0.52110356, 0.63740957
1.0, 0.0
-0.0104751, -0.00590705, 0.13970129
-0.602588, -0.55906856, 0.56944489
0.0, 0.0
0.00861447, 0.1205432, 0.15880959
0.58864099, 0.62602621, -0.51139867
1.0, 1.0
-0.01047509, 0.12054321, 0.16534521
-0.56752223, 0.52110356, 0.63740957
0.0, 0.0
0.00861447, 0.1205432, 0.15880959
0.58864099, 0.62602621, -0.51139867
0.0, 1.0
0.00861445, -0.00745046, 0.13274954
0.55842769, -0.59169286, -0.58137763
1.0, 1.0
-0.01047511, -0.00745046, 0.13274956
-0.55842769, -0.59169286, -0.58137763
1.0, 0.0
-0.01047509, 0.12054321, 0.1588096
-0.58864099, 0.62602621, -0.51139867
0.0, 0.0
0.00861445, -0.00745046, 0.13274954
0.55842769, -0.59169286, -0.58137763
0.0, 1.0
-0.0104751, -0.00590705, 0.13970129
-0.602588, -0.55906856, 0.56944489
1.0, 0.0
0.0086144, 0.1129027, 0.0064384
0.58012635, -0.60591447, -0.54432815
1.0, 1.0
0.0086144, 0.11505102, 0.00626735
0.57509077, 0.54414505, -0.61082798
1.0, 0.0
0.00861447, 0.11707464, 0.15801857
0.59144872, -0.62218088, 0.51286358
0.0, 1.0
-0.01047515, 0.1129027, 0.00643841
-0.58012635, -0.60591447, -0.54432815
0.0, 1.0
-0.01047509, 0.11707464, 0.15801859
-0.59144872, -0.62218088, 0.51286358
1.0, 1.0
-0.01047515, 0.11505103, 0.00626736
-0.57509077, 0.54414505, -0.61082798
0.0, 0.0
0.0086144, 0.1129027, 0.0064384
0.58012635, -0.60591447, -0.54432815
0.0, 1.0
0.00861447, 0.11707464, 0.15801857
0.59144872, -0.62218088, 0.51286358
1.0, 1.0
-0.01047509, 0.11707464, 0.15801859
-0.59144872, -0.62218088, 0.51286358
1.0, 0.0
-0.01047515, 0.1129027, 0.00643841
-0.58012635, -0.60591447, -0.54432815
0.0, 0.0
-0.01047509, 0.11707464, 0.15801859
-0.59144872, -0.62218088, 0.51286358
0.0, 0.0
0.0086144, 0.11505102, 0.00626735
0.57509077, 0.54414505, -0.61082798
1.0, 1.0
-0.01047515, 0.11505103, 0.00626736
-0.57509077, 0.54414505, -0.61082798
1.0, 0.0
0.0086144, 0.11505102, 0.00626735
0.57509077, 0.54414505, -0.61082798
0.0, 1.0
-0.01047515, 0.1129027, 0.00643841
-0.58012635, -0.60591447, -0.54432815
1.0, 0.0
0.00613266, -0.01594236, -0.1941797
0.60045165, -0.44389173, -0.66512042
1.0, 1.0
0.00613266, 0.00480261, -0.19410595
0.5773797, 0.5791803, -0.57545704
1.0, 0.0
0.00613268, 0.00462743, -0.13352063
0.70674765, 0.70741904, 0.00308237
0.315, 0.0
0.00613268, -0.04089016, -0.13352618
0.75164038, -0.55238503, -0.36036256
0.315, 1.0
-0.00799361, -0.01594236, -0.19417968
-0.60045165, -0.44389173, -0.66512042
0.0, 1.0
-0.00799358, -0.04089016, -0.13352618
-0.75164038, -0.55238503, -0.36036256
0.685, 1.0
-0.00799358, 0.00462743, -0.13352063
-0.70674765, 0.70741904, 0.00308237
0.685, 0.0
-0.00799361, 0.00480261, -0.19410594
-0.5773797, 0.5791803, -0.57545704
0.0, 0.0
0.00613268, -0.04089016, -0.13352618
0.75164038, -0.55238503, -0.36036256
0.685, 1.0
-0.00799358, -0.04089016, -0.13352618
-0.75164038, -0.55238503, -0.36036256
0.685, 0.0
-0.00799361, -0.01594236, -0.19417968
-0.60045165, -0.44389173, -0.66512042
0.0, 0.0
0.00613266, -0.01594236, -0.1941797
0.60045165, -0.44389173, -0.66512042
0.0, 1.0
0.00613269, -0.05786357, -0.11587568
0.54737997, -0.76992095, 0.32795191
0.0, 1.0
0.00613269, 0.00452399, -0.1159015
0.57765436, 0.57557911, 0.57875299
1.0, 1.0
-0.00799358, 0.00452399, -0.1159015
-0.57765436, 0.57557911, 0.57875299
1.0, 0.0
-0.00799358, -0.05786359, -0.11587568
-0.54737997, -0.76992095, 0.32795191
0.0, 0.0
0.00613268, 0.00462743, -0.13352063
0.70674765, 0.70741904, 0.00308237
0.315, 1.0
-0.00799358, 0.00462743, -0.13352063
-0.70674765, 0.70741904, 0.00308237
0.315, 0.0
-0.00799358, 0.00452399, -0.1159015
-0.57765436, 0.57557911, 0.57875299
0.0, 0.0
0.00613269, 0.00452399, -0.1159015
0.57765436, 0.57557911, 0.57875299
0.0, 1.0
0.00613266, 0.00480261, -0.19410595
0.5773797, 0.5791803, -0.57545704
0.0, 1.0
-0.00799361, -0.01594236, -0.19417968
-0.60045165, -0.44389173, -0.66512042
1.0, 0.0
0.00613269, 0.00452399, -0.1159015
0.57765436, 0.57557911, 0.57875299
0.0, 0.0
-0.00799358, -0.05786359, -0.11587568
-0.54737997, -0.76992095, 0.32795191
1.0, 1.0
0.00613269, -0.05786357, -0.11587568
0.54737997, -0.76992095, 0.32795191
1.0, 1.0
-0.00799358, -0.05786359, -0.11587568
-0.54737997, -0.76992095, 0.32795191
1.0, 0.0
0.00613266, 0.00480261, -0.19410595
0.5773797, 0.5791803, -0.57545704
1.0, 1.0
-0.00799361, 0.00480261, -0.19410594
-0.5773797, 0.5791803, -0.57545704
1.0, 0.0
0.00076472, 0.255808, -0.14527948
0.66240424, -0.3396405, -0.66768396
1.0, 1.0
0.00076472, 0.26244149, -0.14702511
0.55467391, 0.59108251, -0.58558917
1.0, 0.0
0.00076473, 0.25752142, -0.12901138
0.80855739, 0.58238471, -0.08374279
0.315, 0.0
0.00076472, 0.2430492, -0.13488011
0.68904692, -0.50251776, -0.52217168
0.315, 1.0
-0.00262559, 0.255808, -0.14527948
-0.66240424, -0.3396405, -0.66768396
0.0, 1.0
-0.00262558, 0.2430492, -0.13488011
-0.68904692, -0.50251776, -0.52217168
0.685, 1.0
-0.00262558, 0.25752142, -0.12901138
-0.80855739, 0.58238471, -0.08374279
0.685, 0.0
-0.00262559, 0.26244149, -0.14702511
-0.55467391, 0.59108251, -0.58558917
0.0, 0.0
0.00076472, 0.2430492, -0.13488011
0.68904692, -0.50251776, -0.52217168
0.685, 1.0
-0.00262558, 0.2430492, -0.13488011
-0.68904692, -0.50251776, -0.52217168
0.685, 0.0
-0.00262559, 0.255808, -0.14527948
-0.66240424, -0.3396405, -0.66768396
0.0, 0.0
0.00076472, 0.255808, -0.14527948
0.66240424, -0.3396405, -0.66768396
0.0, 1.0
0.00076473, 0.22630727, -0.11587568
0.5485397, -0.76183355, 0.34446242
0.0, 1.0
0.00076473, 0.26560035, -0.1159015
0.55372787, 0.72713399, 0.40571305
1.0, 1.0
-0.00262558, 0.26560035, -0.1159015
-0.55372787, 0.72713399, 0.40571305
1.0, 0.0
-0.00262558, 0.22630727, -0.11587568
-0.5485397, -0.76183355, 0.34446242
0.0, 0.0
0.00076473, 0.25752142, -0.12901138
0.80855739, 0.58238471, -0.08374279
0.315, 1.0
-0.00262558, 0.25752142, -0.12901138
-0.80855739, 0.58238471, -0.08374279
0.315, 0.0
-0.00262558, 0.26560035, -0.1159015
-0.55372787, 0.72713399, 0.40571305
0.0, 0.0
0.00076473, 0.26560035, -0.1159015
0.55372787, 0.72713399, 0.40571305
0.0, 1.0
0.00076472, 0.26244149, -0.14702511
0.55467391, 0.59108251, -0.58558917
0.0, 1.0
-0.00262559, 0.255808, -0.14527948
-0.66240424, -0.3396405, -0.66768396
1.0, 0.0
0.00076473, 0.26560035, -0.1159015
0.55372787, 0.72713399, 0.40571305
0.0, 0.0
-0.00262558, 0.22630727, -0.11587568
-0.5485397, -0.76183355, 0.34446242
1.0, 1.0
0.00076473, 0.22630727, -0.11587568
0.5485397, -0.76183355, 0.34446242
1.0, 1.0
-0.00262558, 0.22630727, -0.11587568
-0.5485397, -0.76183355, 0.34446242
1.0, 0.0
0.00076472, 0.26244149, -0.14702511
0.55467391, 0.59108251, -0.58558917
1.0, 1.0
-0.00262559, 0.26244149, -0.14702511
-0.55467391, 0.59108251, -0.58558917
1.0, 0.0
0.00097853, 0.5193845, -0.171909
0.59596545, -0.4659566, -0.65395063
1.0, 1.0
0.00097853, 0.53002584, -0.17183526
0.5773797, 0.58098084, -0.5735954
1.0, 0.0
0.00097855, 0.52980089, -0.13352063
0.70708334, 0.70708334, 0.00415052
0.315, 0.0
0.00097855, 0.50642258, -0.13352618
0.7350688, -0.61171299, -0.29227576
0.315, 1.0
-0.00283938, 0.5193845, -0.171909
-0.59596545, -0.4659566, -0.65395063
0.0, 1.0
-0.00283936, 0.50642258, -0.13352618
-0.7350688, -0.61171299, -0.29227576
0.685, 1.0
-0.00283936, 0.52980089, -0.13352063
-0.70708334, 0.70708334, 0.00415052
0.685, 0.0
-0.00283938, 0.53002584, -0.17183526
-0.5773797, 0.58098084, -0.5735954
0.0, 0.0
0.00097855, 0.50642258, -0.13352618
0.7350688, -0.61171299, -0.29227576
0.685, 1.0
-0.00283936, 0.50642258, -0.13352618
-0.7350688, -0.61171299, -0.29227576
0.685, 0.0
-0.00283938, 0.5193845, -0.171909
-0.59596545, -0.4659566, -0.65395063
0.0, 0.0
0.00097853, 0.5193845, -0.171909
0.59596545, -0.4659566, -0.65395063
0.0, 1.0
0.00097855, 0.49521211, -0.11587568
0.55323952, -0.72988069, 0.40144047
0.0, 1.0
0.00097855, 0.52969748, -0.1159015
0.57768488, 0.57567066, 0.57863092
1.0, 1.0
-0.00283936, 0.52969748, -0.1159015
-0.57768488, 0.57567066, 0.57863092
1.0, 0.0
-0.00283936, 0.49521211, -0.11587568
-0.55323952, -0.72988069, 0.40144047
0.0, 0.0
0.00097855, 0.52980089, -0.13352063
0.70708334, 0.70708334, 0.00415052
0.315, 1.0
-0.00283936, 0.52980089, -0.13352063
-0.70708334, 0.70708334, 0.00415052
0.315, 0.0
-0.00283936, 0.52969748, -0.1159015
-0.57768488, 0.57567066, 0.57863092
0.0, 0.0
0.00097855, 0.52969748, -0.1159015
0.57768488, 0.57567066, 0.57863092
0.0, 1.0
0.00097853, 0.53002584, -0.17183526
0.5773797, 0.58098084, -0.5735954
0.0, 1.0
-0.00283938, 0.5193845, -0.171909
-0.59596545, -0.4659566, -0.65395063
1.0, 0.0
0.00097855, 0.52969748, -0.1159015
0.57768488, 0.57567066, 0.57863092
0.0, 0.0
-0.00283936, 0.49521211, -0.11587568
-0.55323952, -0.72988069, 0.40144047
1.0, 1.0
0.00097855, 0.49521211, -0.11587568
0.55323952, -0.72988069, 0.40144047
1.0, 1.0
-0.00283936, 0.49521211, -0.11587568
-0.55323952, -0.72988069, 0.40144047
1.0, 0.0
0.00097853, 0.53002584, -0.17183526
0.5773797, 0.58098084, -0.5735954
1.0, 1.0
-0.00283938, 0.53002584, -0.17183526
-0.5773797, 0.58098084, -0.5735954
1.0, 0.0
0.01021629, 0.53630918, -0.05266283
0.99996948, 0.0, 0.0
0.75, 1.0
0.00870285, 0.53630918, -0.05831106
0.86602372, 0.0, -0.49998474
0.83333337, 1.0
0.00870286, 0.6159814, -0.05831106
0.65572071, 0.65321815, -0.3785516
0.83333337, 0.0
0.0102163, 0.6159814, -0.05266283
0.75713372, 0.65321815, 0.0
0.75, 0.0
0.00456806, 0.53630918, -0.06244585
0.49998474, 0.0, -0.86602372
0.91666669, 1.0
0.00456806, 0.6159814, -0.06244585
0.3785516, 0.65321815, -0.65572071
0.91666669, 0.0
0.00456806, 0.53630918, -0.06244585
0.49998474, 0.0, -0.86602372
-0.08333331, 1.0
-0.00108018, 0.53630918, -0.06395929
0.0, 0.0, -1.0
3e-08, 1.0
-0.00108017, 0.6159814, -0.06395929
0.0, 0.65318763, -0.75716424
3e-08, 0.0
0.00456806, 0.6159814, -0.06244585
0.3785516, 0.65321815, -0.65572071
-0.08333331, 0.0
-0.00672841, 0.53630918, -0.06244585
-0.49998474, 0.0, -0.86602372
0.08333334, 1.0
-0.0067284, 0.6159814, -0.06244584
-0.37858212, 0.65321815, -0.65569019
0.08333334, 0.0
-0.01086319, 0.53630918, -0.05831105
-0.86602372, 0.0, -0.49998474
0.16666666, 1.0
-0.01086319, 0.6159814, -0.05831105
-0.65572071, 0.65321815, -0.3785516
0.16666666, 0.0
-0.01237663, 0.53630918, -0.05266282
-0.99996948, 0.0, 0.0
0.24999997, 1.0
-0.01237663, 0.6159814, -0.05266282
-0.75713372, 0.65321815, 0.0
0.24999997, 0.0
-0.01086319, 0.53630918, -0.04701459
-0.86602372, 0.0, 0.49998474
0.33333331, 1.0
-0.01086318, 0.6159814, -0.04701459
-0.65572071, 0.65321815, 0.3785516
0.33333331, 0.0
-0.0067284, 0.53630918, -0.0428798
-0.49998474, 0.0, 0.86602372
0.41666663, 1.0
-0.00672839, 0.6159814, -0.0428798
-0.3785516, 0.65321815, 0.65572071
0.41666663, 0.0
-0.00108017, 0.53630918, -0.04136636
0.0, 0.0, 1.0
0.49999994, 1.0
-0.00108016, 0.6159814, -0.04136636
0.0, 0.65321815, 0.75713372
0.49999994, 0.0
0.00456806, 0.53630918, -0.0428798
0.49998474, 0.0, 0.86602372
0.58333325, 1.0
0.00456807, 0.6159814, -0.0428798
0.3785516, 0.65321815, 0.65572071
0.58333325, 0.0
0.00870285, 0.53630918, -0.04701459
0.86602372, 0.0, 0.49998474
0.66666657, 1.0
0.00870286, 0.6159814, -0.04701459
0.65572071, 0.65321815, 0.3785516
0.66666657, 0.0
-0.00108017, 0.6159814, -0.06395929
0.0, 0.65318763, -0.75716424
0.88835448, 0.0
-0.0067284, 0.6159814, -0.06244584
-0.37858212, 0.65321815, -0.65569019
0.75598305, 0.0
-0.01086319, 0.6159814, -0.05831105
-0.65572071, 0.65321815, -0.3785516
0.55502123, 0.0
-0.01237663, 0.6159814, -0.05266282
-0.75713372, 0.65321815, 0.0
0.33931655, 0.0
-0.01086318, 0.6159814, -0.04701459
-0.65572071, 0.65321815, 0.3785516
0.16666684, 0.0
-0.00672839, 0.6159814, -0.0428798
-0.3785516, 0.65321815, 0.65572071
0.08333345, 0.0
-0.00108016, 0.6159814, -0.04136636
0.0, 0.65321815, 0.75713372
0.11164547, 0.0
0.00456807, 0.6159814, -0.0428798
0.3785516, 0.65321815, 0.65572071
0.24401675, 0.0
-0.01493542, 0.5378297, -0.03622275
-0.55537581, 0.63005465, 0.54274118
1.0, 0.96728393
-0.00725762, 0.53788149, -0.03366401
-0.11850337, 0.68736839, 0.71654409
1.0, 1.0
-0.00096469, 0.53788149, -0.03366402
0.0, 0.72127444, 0.6926176
1.0, 1.0
0.00532824, 0.53788149, -0.03366402
0.11850337, 0.68739891, 0.71651357
1.0, 1.0
0.01300605, 0.5378297, -0.03622277
0.55537581, 0.63005465, 0.54271066
1.0, 0.96728393
0.01556531, 0.53767425, -0.04389901
0.73027742, 0.67500842, 0.1048616
1.0, 0.86913574
0.01556527, 0.53650498, -0.10163967
0.73027742, 0.67021698, -0.1320841
1.0, 0.13086426
0.013006, 0.53634948, -0.10931591
0.55537581, 0.60756248, -0.56779689
1.0, 0.03271604
0.00532819, 0.53629768, -0.11187465
0.11850337, 0.65782648, -0.74376661
1.0, 0.0
-0.00096474, 0.53629768, -0.11187465
0.0, 0.6926176, -0.72127444
1.0, 0.0
-0.00725766, 0.53629768, -0.11187464
-0.11850337, 0.65782648, -0.74376661
1.0, 0.0
-0.01493547, 0.53634948, -0.10931589
-0.55537581, 0.60756248, -0.56779689
1.0, 0.03271604
-0.01749473, 0.53650498, -0.10163966
-0.73027742, 0.67021698, -0.1320841
1.0, 0.13086426
-0.01749469, 0.53767425, -0.04389898
-0.73027742, 0.67500842, 0.1048616
1.0, 0.86913574
-0.01749469, 0.53396952, -0.04382396
-0.98706013, 0.00323496, 0.16013062
1.0, 0.86913574
-0.01493542, 0.53412497, -0.03614773
-0.70708334, 0.01431318, 0.70696127
1.0, 0.96728393
-0.00725762, 0.53417677, -0.03358899
-0.16016114, 0.01995911, 0.98687702
1.0, 1.0
-0.00096469, 0.53417677, -0.033589
0.0, 0.02023377, 0.99978638
1.0, 1.0
0.00532824, 0.53417677, -0.033589
0.16016114, 0.01995911, 0.98687702
1.0, 1.0
0.01300604, 0.53412497, -0.03614775
0.70708334, 0.01431318, 0.70693076
1.0, 0.96728393
0.01556531, 0.53396952, -0.04382399
0.98706013, 0.00323496, 0.16013062
1.0, 0.86913574
0.01556527, 0.5328002, -0.10156465
0.98706013, -0.00323496, -0.16013062
1.0, 0.13086426
0.013006, 0.53264475, -0.10924088
0.70708334, -0.01431318, -0.70696127
1.0, 0.03271604
0.00532819, 0.53259295, -0.11179963
0.16016114, -0.01995911, -0.98687702
1.0, 0.0
-0.00096474, 0.53259295, -0.11179963
0.0, -0.02023377, -0.99978638
1.0, 0.0
-0.00725766, 0.53259295, -0.11179961
-0.16016114, -0.01995911, -0.98687702
1.0, 0.0
-0.01493547, 0.53264475, -0.10924087
-0.70708334, -0.01431318, -0.70693076
1.0, 0.03271604
-0.01749473, 0.5328002, -0.10156463
-0.98706013, -0.00323496, -0.16013062
1.0, 0.13086426
# Number of Faces:
714
# Face Data:
0, 1, 2
0, 2, 3
0, 3, 4
5, 6, 7
5, 7, 8
9, 5, 8
5, 4, 3
3, 6, 5
9, 8, 10
10, 11, 9
12, 13, 14
14, 15, 12
16, 17, 17
16, 17, 18
16, 18, 19
18, 12, 15
15, 19, 18
20, 21, 22
22, 23, 20
24, 0, 4
24, 4, 25
24, 25, 21
20, 24, 21
26, 27, 28
28, 29, 26
30, 23, 22
22, 31, 32
32, 33, 34
22, 32, 34
34, 35, 36
22, 34, 36
22, 36, 27
22, 27, 26
26, 37, 2
22, 26, 2
30, 22, 2
1, 30, 2
9, 38, 39
39, 5, 9
40, 41, 42
42, 43, 40
29, 28, 40
40, 43, 29
5, 39, 25
25, 4, 5
44, 45, 46
46, 47, 44
11, 48, 47
11, 47, 46
11, 46, 38
9, 11, 38
49, 50, 51
51, 52, 49
53, 54, 55
55, 56, 53
57, 58, 59
59, 60, 57
61, 60, 59
61, 59, 62
16, 61, 62
16, 62, 63
63, 17, 16
64, 17, 17
64, 17, 63
53, 64, 63
53, 63, 54
52, 51, 58
58, 57, 52
56, 55, 65
65, 66, 56
67, 68, 69
69, 70, 67
71, 72, 13
13, 73, 71
30, 1, 0
0, 24, 30
74, 3, 2
2, 37, 74
75, 76, 7
7, 6, 75
75, 6, 3
3, 74, 75
77, 78, 79
77, 79, 80
77, 80, 81
77, 81, 10
82, 15, 14
14, 83, 82
73, 13, 12
12, 84, 73
85, 18, 17
17, 64, 85
61, 16, 19
19, 86, 61
86, 19, 15
15, 82, 86
84, 12, 18
18, 85, 84
23, 30, 24
24, 20, 23
29, 74, 37
37, 26, 29
43, 42, 76
76, 75, 43
43, 75, 74
74, 29, 43
87, 80, 79
79, 88, 87
52, 82, 83
83, 49, 52
66, 67, 73
73, 84, 66
56, 85, 64
64, 53, 56
60, 61, 86
86, 57, 60
57, 86, 82
82, 52, 57
66, 84, 85
85, 56, 66
73, 67, 70
70, 71, 73
71, 78, 77
77, 72, 71
70, 89, 71
66, 65, 68
68, 67, 66
90, 91, 88
88, 92, 90
93, 94, 91
91, 90, 93
95, 96, 94
94, 93, 95
97, 96, 95
95, 98, 97
99, 97, 98
98, 100, 99
101, 102, 99
99, 100, 101
103, 104, 102
102, 101, 103
105, 106, 107
107, 108, 105
44, 109, 110
110, 45, 44
108, 107, 111
111, 112, 108
113, 114, 110
110, 109, 113
112, 111, 115
115, 116, 112
117, 118, 114
114, 113, 117
116, 115, 119
119, 120, 116
121, 122, 118
118, 117, 121
120, 119, 123
123, 124, 120
125, 126, 122
122, 121, 125
124, 123, 127
127, 128, 124
129, 130, 126
126, 125, 129
128, 127, 131
131, 132, 128
133, 104, 103
103, 134, 132
132, 131, 135
103, 132, 135
133, 103, 135
136, 133, 135
136, 135, 130
130, 129, 136
137, 90, 92
92, 138, 137
87, 88, 91
91, 139, 87
140, 93, 90
90, 137, 140
139, 91, 94
94, 141, 139
142, 95, 93
93, 140, 142
141, 94, 96
96, 143, 141
144, 98, 95
95, 142, 144
143, 96, 97
97, 145, 143
146, 100, 98
98, 144, 146
145, 97, 99
99, 147, 145
148, 101, 100
100, 146, 148
147, 99, 102
102, 149, 147
134, 103, 101
101, 148, 134
149, 102, 104
104, 133, 149
108, 137, 138
138, 105, 108
44, 87, 139
139, 109, 44
112, 140, 137
137, 108, 112
109, 139, 141
141, 113, 109
116, 142, 140
140, 112, 116
113, 141, 143
143, 117, 113
120, 144, 142
142, 116, 120
117, 143, 145
145, 121, 117
124, 146, 144
144, 120, 124
121, 145, 147
147, 125, 121
128, 148, 146
146, 124, 128
125, 147, 149
149, 129, 125
132, 134, 148
148, 128, 132
129, 149, 133
133, 136, 129
7, 14, 13
13, 8, 7
13, 72, 77
13, 77, 10
8, 13, 10
76, 83, 14
14, 7, 76
48, 11, 10
10, 81, 48
42, 49, 83
83, 76, 42
47, 48, 81
81, 44, 47
44, 81, 80
80, 87, 44
78, 92, 88
88, 79, 78
70, 105, 138
138, 89, 70
92, 78, 71
71, 89, 92
138, 92, 89
49, 42, 41
41, 50, 49
105, 70, 69
69, 106, 105
150, 151, 152
150, 152, 34
150, 34, 33
153, 154, 155
156, 153, 155
157, 156, 155
155, 154, 152
152, 151, 155
157, 158, 159
159, 156, 157
160, 161, 162
162, 163, 160
164, 165, 166
164, 166, 167
164, 167, 167
166, 165, 161
161, 160, 166
168, 31, 22
22, 21, 168
151, 150, 169
25, 151, 169
21, 25, 169
168, 21, 169
36, 170, 28
28, 27, 36
157, 155, 39
39, 38, 157
40, 171, 172
172, 41, 40
170, 171, 40
40, 28, 170
155, 151, 25
25, 39, 155
173, 174, 46
46, 45, 173
174, 175, 158
46, 174, 158
38, 46, 158
157, 38, 158
176, 177, 51
51, 50, 176
178, 179, 55
55, 54, 178
180, 181, 59
59, 58, 180
59, 181, 182
62, 59, 182
164, 62, 182
164, 167, 63
63, 62, 164
178, 54, 63
167, 167, 183
63, 167, 183
178, 63, 183
177, 180, 58
58, 51, 177
179, 184, 65
65, 55, 179
185, 186, 69
69, 68, 185
187, 188, 163
163, 189, 187
32, 169, 150
150, 33, 32
190, 35, 34
34, 152, 190
191, 154, 153
153, 192, 191
191, 190, 152
152, 154, 191
193, 159, 194
193, 194, 195
193, 195, 196
193, 196, 197
198, 199, 162
162, 161, 198
188, 200, 160
160, 163, 188
201, 183, 167
167, 166, 201
182, 202, 165
165, 164, 182
202, 198, 161
161, 165, 202
200, 201, 166
166, 160, 200
31, 168, 169
169, 32, 31
170, 36, 35
35, 190, 170
171, 191, 192
192, 172, 171
171, 170, 190
190, 191, 171
203, 204, 196
196, 195, 203
177, 176, 199
199, 198, 177
184, 200, 188
188, 185, 184
179, 178, 183
183, 201, 179
181, 180, 202
202, 182, 181
180, 177, 198
198, 202, 180
184, 179, 201
201, 200, 184
188, 187, 186
186, 185, 188
187, 189, 193
193, 197, 187
186, 187, 205
184, 185, 68
68, 65, 184
206, 207, 204
204, 208, 206
209, 206, 208
208, 210, 209
211, 209, 210
210, 212, 211
213, 214, 211
211, 212, 213
215, 216, 214
214, 213, 215
217, 216, 215
215, 218, 217
219, 217, 218
218, 220, 219
221, 222, 107
107, 106, 221
173, 45, 110
110, 223, 173
222, 224, 111
111, 107, 222
225, 223, 110
110, 114, 225
224, 226, 115
115, 111, 224
227, 225, 114
114, 118, 227
226, 228, 119
119, 115, 226
229, 227, 118
118, 122, 229
228, 230, 123
123, 119, 228
231, 229, 122
122, 126, 231
230, 232, 127
127, 123, 230
233, 231, 126
126, 130, 233
232, 234, 131
131, 127, 232
135, 131, 234
234, 235, 219
135, 234, 219
219, 220, 236
135, 219, 236
237, 135, 236
237, 233, 130
130, 135, 237
238, 239, 207
207, 206, 238
203, 240, 208
208, 204, 203
241, 238, 206
206, 209, 241
240, 242, 210
210, 208, 240
243, 241, 209
209, 211, 243
242, 244, 212
212, 210, 242
245, 243, 211
211, 214, 245
244, 246, 213
213, 212, 244
247, 245, 214
214, 216, 247
246, 248, 215
215, 213, 246
249, 247, 216
216, 217, 249
248, 250, 218
218, 215, 248
235, 249, 217
217, 219, 235
250, 236, 220
220, 218, 250
222, 221, 239
239, 238, 222
173, 223, 240
240, 203, 173
224, 222, 238
238, 241, 224
223, 225, 242
242, 240, 223
226, 224, 241
241, 243, 226
225, 227, 244
244, 242, 225
228, 226, 243
243, 245, 228
227, 229, 246
246, 244, 227
230, 228, 245
245, 247, 230
229, 231, 248
248, 246, 229
232, 230, 247
247, 249, 232
231, 233, 250
250, 248, 231
234, 232, 249
249, 235, 234
233, 237, 236
236, 250, 233
153, 156, 163
163, 162, 153
193, 189, 163
159, 193, 163
156, 159, 163
192, 153, 162
162, 199, 192
175, 194, 159
159, 158, 175
172, 192, 199
199, 176, 172
174, 173, 194
194, 175, 174
173, 203, 195
195, 194, 173
197, 196, 204
204, 207, 197
186, 205, 239
239, 221, 186
207, 205, 187
187, 197, 207
239, 205, 207
176, 50, 41
41, 172, 176
221, 106, 69
69, 186, 221
251, 252, 253
253, 254, 255
255, 256, 257
253, 255, 257
257, 258, 259
259, 260, 261
257, 259, 261
253, 257, 261
251, 253, 261
262, 251, 261
261, 260, 263
263, 264, 261
260, 259, 265
265, 263, 260
266, 267, 268
268, 269, 266
267, 270, 271
271, 268, 267
270, 272, 273
273, 271, 270
272, 274, 275
275, 273, 272
274, 276, 277
277, 275, 274
276, 278, 279
279, 277, 276
278, 280, 281
281, 279, 278
280, 282, 283
283, 281, 280
282, 284, 285
285, 283, 282
284, 261, 264
264, 285, 284
264, 263, 265
265, 286, 287
287, 288, 289
265, 287, 289
289, 290, 291
291, 292, 293
289, 291, 293
265, 289, 293
264, 265, 293
285, 264, 293
294, 295, 296
296, 297, 294
298, 299, 300
300, 301, 298
302, 303, 304
304, 305, 302
297, 306, 300
300, 307, 297
308, 309, 310
310, 311, 308
312, 313, 314
314, 315, 312
316, 317, 318
318, 319, 316
320, 321, 322
322, 323, 320
315, 324, 318
318, 325, 315
326, 327, 328
328, 329, 326
330, 312, 331
331, 319, 330
332, 333, 314
314, 334, 332
335, 336, 318
318, 337, 335
338, 339, 340
340, 341, 338
334, 324, 318
318, 342, 334
326, 343, 344
344, 329, 326
345, 332, 346
346, 337, 345
347, 348, 349
349, 350, 347
351, 352, 353
353, 354, 351
355, 356, 357
357, 358, 355
359, 360, 361
361, 362, 359
363, 364, 365
365, 366, 363
367, 347, 368
368, 354, 367
369, 359, 350
350, 349, 369
352, 370, 361
361, 353, 352
371, 372, 356
356, 355, 371
373, 374, 364
364, 363, 373
375, 376, 377
377, 378, 375
379, 380, 381
381, 382, 379
383, 384, 385
385, 386, 383
387, 388, 389
389, 390, 387
391, 392, 393
393, 394, 391
395, 375, 396
396, 382, 395
397, 387, 378
378, 377, 397
380, 398, 389
389, 381, 380
399, 400, 384
384, 383, 399
401, 402, 392
392, 391, 401
403, 404, 405
405, 406, 403
407, 408, 409
409, 410, 407
411, 412, 413
413, 414, 411
415, 416, 417
417, 418, 415
419, 420, 421
421, 422, 419
423, 403, 424
424, 410, 423
425, 415, 406
406, 405, 425
408, 426, 417
417, 409, 408
427, 428, 412
412, 411, 427
429, 430, 420
420, 419, 429
431, 432, 433
433, 434, 431
432, 435, 436
436, 433, 432
437, 438, 439
439, 440, 437
438, 441, 442
442, 439, 438
441, 443, 444
444, 442, 441
443, 445, 446
446, 444, 443
445, 447, 448
448, 446, 445
447, 449, 450
450, 448, 447
449, 451, 452
452, 450, 449
451, 453, 454
454, 452, 451
453, 455, 456
456, 454, 453
455, 431, 434
434, 456, 455
434, 433, 436
436, 457, 458
458, 459, 460
436, 458, 460
460, 461, 462
462, 463, 464
460, 462, 464
436, 460, 464
434, 436, 464
456, 434, 464
465, 466, 467
467, 468, 469
469, 470, 471
467, 469, 471
471, 472, 473
467, 471, 473
467, 473, 474
467, 474, 475
475, 476, 477
467, 475, 477
465, 467, 477
478, 465, 477
479, 480, 465
465, 478, 479
480, 481, 466
466, 465, 480
481, 482, 467
467, 466, 481
482, 483, 468
468, 467, 482
483, 484, 469
469, 468, 483
484, 485, 470
470, 469, 484
485, 486, 471
471, 470, 485
486, 487, 472
472, 471, 486
487, 488, 473
473, 472, 487
488, 489, 474
474, 473, 488
489, 490, 475
475, 474, 489
490, 491, 476
476, 475, 490
491, 492, 477
477, 476, 491
492, 479, 478
478, 477, 492
