# Project Zomboid Skinned Mesh
# File Version:
1.0
# Model Name:
18524 Harvesting Sickle v1
# Vertex Stride Element Count:
3
# Vertex Stride Size (in bytes):
76
# Vertex Stride Data:
# (Int)    Offset
# (String) Type
0
VertexArray
12
NormalArray
24
TextureCoordArray
# Vertex Count:
340
# Vertex Buffer:
-0.0041231, 0.25895187, -0.10846603
-0.6438185, -0.74413282, 0.17801447
0.46528873, 0.55905318
-0.0040576, 0.28646076, -0.10185906
-0.69887388, 0.63521224, -0.32868436
0.42997357, 0.5885213
-0.00403087, 0.2808885, -0.11182798
-0.69548631, 0.61540574, -0.37083042
0.44821993, 0.59112811
-0.00411744, 0.26659548, -0.08337224
-0.71217996, -0.6749779, 0.19272439
0.42558083, 0.54413098
-0.00405967, 0.27000833, -0.07045969
-0.71288186, -0.68221074, 0.16235846
0.40565452, 0.53577113
-0.00407944, 0.28457555, -0.07161204
-0.99996948, 0.00207526, -0.00057985
0.39293304, 0.55599701
-0.00397216, 0.27425808, -0.03855755
-0.71367532, -0.7003693, 0.01040681
0.36050275, 0.50963873
-0.00413225, 0.28215021, -0.03723573
-0.99993896, -0.00878933, 0.0
0.35111204, 0.5186621
-0.00414352, 0.28236386, -0.05544029
-0.99996948, -0.00622578, -0.00186163
0.37430379, 0.5370307
-0.00400479, 0.27294135, -0.05603068
-0.717246, -0.69026762, 0.0951262
0.38424695, 0.52527589
-0.00401394, 0.29934865, -0.06916626
-0.696585, 0.69167149, -0.1906186
0.37538412, 0.57291776
-0.0039724, 0.29589894, -0.08016545
-0.69444871, 0.67888427, -0.23828852
0.39288494, 0.5793286
-0.00408109, 0.30435976, -0.04179633
-0.68886381, 0.72307503, -0.05099643
0.33531874, 0.55228525
-0.00405943, 0.30188665, -0.05821044
-0.69719535, 0.70381784, -0.13614307
0.35882801, 0.56535578
-0.0040671, 0.29151106, -0.09123497
-0.69939268, 0.65578175, -0.28415784
0.41139367, 0.58457983
-0.00404982, 0.2561532, -0.11814784
-0.69139683, -0.7040925, 0.16177861
0.48046082, 0.56500793
-0.00396886, 0.25904423, -0.10827827
0.29908139, -0.34165472, -0.89095736
0.46495426, 0.55898833
-0.00424371, 0.27459913, -0.12130813
-0.70259714, 0.57625049, -0.41743216
0.46654195, 0.59230876
-0.00409407, 0.26596847, -0.13210563
-0.6761986, 0.49961853, -0.54133731
0.48883292, 0.5917334
0.00369119, 0.28088686, -0.11183073
0.69539475, 0.61531419, -0.37113559
0.71338427, 0.20138818
0.00372193, 0.28647399, -0.10183368
0.69887388, 0.63527328, -0.32859278
0.69509882, 0.20409882
0.00378678, 0.25858352, -0.10969467
0.1175573, -0.79000211, -0.60167241
0.732544, 0.2326259
0.00374311, 0.28457555, -0.07161204
0.99996948, 0.00238044, 0.00076296
0.65826547, 0.23680753
0.00372405, 0.27000698, -0.07046553
0.71291238, -0.68214971, 0.16235846
0.67109931, 0.25696284
0.00377987, 0.26658872, -0.08339655
0.71214944, -0.67500842, 0.19275491
0.69101226, 0.24848783
0.00374099, 0.28457555, -0.05568647
0.99996948, -0.00286874, -0.00100711
0.63787377, 0.25273836
0.00379221, 0.28216517, -0.03793992
0.99993896, -0.00909452, -0.0021363
0.61751652, 0.27363598
0.00363731, 0.27425808, -0.03855784
0.71459091, -0.69945371, 0.00894192
0.62607038, 0.28333414
0.0036677, 0.27294123, -0.05603107
0.71935177, -0.68788719, 0.09653004
0.64973646, 0.26757342
0.00363672, 0.29589528, -0.08017562
0.69450974, 0.67885375, -0.23822749
0.65811831, 0.21347117
0.00367508, 0.29935256, -0.06915198
0.69701225, 0.69142735, -0.18979461
0.6406092, 0.21998769
0.00374907, 0.3043597, -0.04179633
0.68932158, 0.72258675, -0.05154576
0.60066634, 0.24081957
0.00372364, 0.30188724, -0.05820722
0.69835508, 0.70268869, -0.13608204
0.62410671, 0.22762913
0.00373143, 0.29151508, -0.09122597
0.69939268, 0.65581226, -0.28409681
0.67656744, 0.20813268
0.00390438, 0.27465737, -0.12122793
0.70314646, 0.57631153, -0.41636401
0.73153186, 0.20011675
0.00363017, 0.25904483, -0.10827644
-0.13660085, -0.00634785, -0.99060029
0.73027551, 0.23344207
0.00375562, 0.26596847, -0.13210557
0.67613757, 0.4997406, -0.54133731
0.75399011, 0.20057184
0.00371656, 0.2561529, -0.11814895
0.69316691, -0.70131534, 0.16623431
0.74575543, 0.22733992
-0.00408723, 0.10939444, 0.00801575
-0.99591053, 0.08984649, 0.00515763
0.46138331, 0.24741298
-0.00406741, 0.10734566, 0.02974718
-0.7040925, -0.486404, 0.51731926
0.43544725, 0.22313613
-0.00420985, 0.13178112, 0.02432958
-0.99996948, 0.00186163, -0.000824
0.41858909, 0.26052558
-0.0041044, 0.12609521, 0.0058486
-0.71056247, 0.48271126, -0.51188695
0.44788596, 0.27144188
-0.00397866, 0.11689561, -0.00323835
-0.70159, 0.49665824, -0.51097143
0.46853334, 0.26842153
-0.00402911, 0.10616057, 0.02862369
-0.68944365, -0.48350474, 0.53929257
0.43804607, 0.22270036
-0.00690806, 0.09148742, -0.00762067
-0.68099004, 0.12475967, -0.72157961
0.49899766, 0.23948044
-0.00767757, 0.0916599, 0.01434649
-0.80608541, -0.14419995, 0.57390058
0.47060853, 0.217875
-0.00403283, 0.11313342, 0.03499426
-0.70024723, -0.47190771, 0.53566086
0.42305896, 0.22550368
-0.00406393, 0.12167547, 0.04235732
-0.69826353, -0.44856104, 0.55781734
0.40526667, 0.22937614
0.0066976, 0.0761286, 0.0118762
0.56727803, -0.61391032, 0.54887539
0.64288718, 0.17416328
0.00734684, 0.09134439, 0.01349537
0.83458966, -0.14795373, 0.53059483
0.62207896, 0.17310774
-0.00767757, 0.0916599, 0.01434649
-0.80608541, -0.14419995, 0.57390058
0.62224954, 0.19780934
-0.00402775, 0.14346804, 0.05773618
-0.68849754, -0.35584581, 0.63188577
0.36425033, 0.24264038
-0.00407036, 0.15426654, 0.0627202
-0.70723593, -0.29459518, 0.64262825
0.34731618, 0.25183231
-0.00408729, 0.16108656, 0.03340349
-0.71718496, 0.34055606, -0.60795921
0.37835023, 0.28989589
-0.00400734, 0.17307524, 0.03943866
-0.72350228, 0.26145208, -0.63887447
0.35890213, 0.29960293
-0.0041175, 0.17148058, 0.05956416
-0.99996948, -0.00036622, 0.00384533
0.33459011, 0.27751601
-0.00408759, 0.1732076, 0.05227562
-0.99996948, -0.00140385, -0.00573748
0.34227422, 0.2870205
-0.00400403, 0.1733845, 0.06998383
-0.68343151, -0.19040498, 0.70470291
0.3193382, 0.26965696
-0.0040569, 0.1902242, 0.07296109
-0.69600511, -0.09094515, 0.71221048
0.29909351, 0.28875595
-0.00397689, 0.157424, 0.06417891
-0.68123418, -0.26682332, 0.68166143
0.34236076, 0.25451916
-0.00382099, 0.20819335, 0.04691909
-0.72234261, 0.00866726, -0.69145787
0.31504288, 0.33817065
-0.0040533, 0.19192325, 0.05217129
-0.99990845, 0.00286874, -0.01178014
0.32415977, 0.31163913
-0.00402763, 0.22087334, 0.05579243
-0.99993896, -0.00338755, -0.00817896
0.29127821, 0.34596163
-0.00400804, 0.23894729, 0.03918392
-0.73863947, -0.35782951, -0.57124543
0.29500398, 0.38613904
-0.00419114, 0.23650333, 0.05496084
-0.99996948, -0.00262459, -0.00097659
0.27711108, 0.36726022
-0.00406309, 0.25695744, 0.06053187
-0.69283122, 0.36384168, 0.62254709
0.25000477, 0.3885172
-0.00407726, 0.20175244, 0.07386331
-0.69685966, -0.02053896, 0.71687979
0.28669417, 0.30295974
-0.0040618, 0.21925637, 0.0734997
-0.68498796, 0.09280679, 0.72258675
0.27009478, 0.32624876
-0.00400721, 0.23593315, 0.0695702
-0.69161046, 0.20484024, 0.69258708
0.2588847, 0.35199773
-0.00397216, 0.2467224, 0.06567922
-0.68666649, 0.28504288, 0.66872156
0.25336584, 0.36999655
-0.00388, 0.22491744, 0.04522853
-0.73570973, -0.17481002, -0.65431684
0.30091098, 0.36175632
-0.00410246, 0.14124554, 0.03986687
-0.99996948, 0.00039674, 0.00469985
0.3893877, 0.25748456
-0.0040782, 0.15369689, 0.02884272
-0.71419418, 0.38865322, -0.58207953
0.39141735, 0.28474826
-0.00390555, 0.1904093, 0.04477082
-0.72084719, 0.14514603, -0.67769402
0.33514538, 0.31701028
-0.00397252, 0.27349022, -0.02163306
-0.71684927, -0.69231236, -0.0822779
0.33949697, 0.49181598
-0.00400615, 0.27045643, -0.00599947
-0.72466201, -0.66280097, -0.18842128
0.3223604, 0.47230774
-0.00414517, 0.28107485, -0.00864504
-0.99996948, -0.00534074, 0.00085452
0.31541076, 0.48884445
-0.00393729, 0.26442814, 0.00953258
-0.72609639, -0.61229283, -0.31281471
0.30827203, 0.44897854
-0.00413526, 0.26008359, 0.01865777
-0.98315376, -0.1523484, -0.10089419
0.30078253, 0.4342196
-0.00404167, 0.28861335, 0.02840689
-0.69454026, 0.62199771, 0.36149174
0.2604326, 0.46190286
-0.00414493, 0.2925455, 0.01110611
-0.99954224, 0.02804651, 0.00994903
0.27883893, 0.48424375
-0.00413201, 0.28143114, -0.02033668
-0.99993896, -0.00848415, -0.00061037
0.33009133, 0.50092852
-0.00405908, 0.302661, -0.00879681
-0.68642229, 0.7144078, 0.13562426
0.29455751, 0.51727045
-0.00383715, 0.29397282, 0.01791841
-0.66148871, 0.68678856, 0.30115664
0.26868477, 0.47934586
-0.00393764, 0.29814965, 0.00715212
-0.6882534, 0.68913847, 0.2265389
0.27845314, 0.49551427
-0.00408133, 0.27492785, 0.0466401
-0.69206822, 0.51530504, 0.50541705
0.25034013, 0.42585933
-0.00403695, 0.28237736, 0.03788665
-0.69179356, 0.57835627, 0.43226418
0.25432751, 0.44431514
-0.00360803, 0.26048234, 0.01573244
-0.51368755, -0.73689991, -0.4394055
0.30414343, 0.43765128
-0.00388501, 0.25392598, 0.02653567
-0.73726612, -0.51258886, -0.44001588
0.29665515, 0.41832745
-0.00413378, 0.24660273, 0.03272048
-0.71016574, -0.45176551, -0.53993344
0.29585043, 0.40258831
-0.00403695, 0.26639014, 0.05419612
-0.69054234, 0.44178593, 0.5726493
0.24895115, 0.40716833
0.00387286, 0.13275273, 0.02524991
0.99996948, 0.00210578, -0.00051881
0.68328243, 0.53179461
0.00373018, 0.1072514, 0.0296592
0.70299387, -0.48677021, 0.51844841
0.70267129, 0.56947792
0.00375066, 0.10939444, 0.00801575
0.99609363, 0.08703879, 0.01336711
0.7282806, 0.54503119
0.00364055, 0.11760131, -0.00254915
0.70168155, 0.49656665, -0.51091039
0.73375189, 0.52375436
0.00376411, 0.12617269, 0.00592272
0.71056247, 0.48249763, -0.51210058
0.71448952, 0.52104592
0.00368941, 0.10323674, 0.02579313
0.68782616, -0.47383037, 0.5498215
0.71156275, 0.57084852
0.00734684, 0.09134439, 0.01349537
0.83458966, -0.14795373, 0.53059483
0.73897678, 0.57407808
0.00676084, 0.09142102, -0.00705149
0.72081667, 0.11670278, -0.68318737
0.7652117, 0.55342209
0.0037254, 0.12167535, 0.04235732
0.69820243, -0.44862208, 0.55787838
0.6722523, 0.56336039
0.00369738, 0.11290305, 0.03479063
0.70021665, -0.47227395, 0.53535569
0.69055271, 0.56723684
0.0037493, 0.16109234, 0.03340685
0.71715444, 0.34052554, -0.60798973
0.6450175, 0.50297731
0.00373414, 0.15426648, 0.06272014
0.70726645, -0.29447311, 0.64265877
0.6141845, 0.54120642
0.00369154, 0.14346957, 0.05773701
0.68852812, -0.35581529, 0.63188577
0.63116443, 0.55030882
0.00374936, 0.18642142, 0.05254587
0.99993896, 0.00469985, -0.0069277
0.59564584, 0.48907429
0.00378276, 0.17157546, 0.05936336
0.99996948, 0.00070193, 0.00521867
0.60149056, 0.51526463
0.00367047, 0.17307483, 0.03943848
0.72313607, 0.26047549, -0.63966799
0.62553144, 0.49337637
0.00372039, 0.19022195, 0.07296085
0.69618821, -0.09167761, 0.71193576
0.5657748, 0.50453717
0.00366764, 0.17338686, 0.06998454
0.68520159, -0.18820764, 0.7035737
0.58611274, 0.52352542
0.00363908, 0.15742111, 0.06417767
0.68123418, -0.26667073, 0.68172246
0.60922158, 0.53854793
0.00369136, 0.22087334, 0.05579243
0.99993896, -0.00079348, -0.00866726
0.55766785, 0.44737017
0.00371449, 0.19157274, 0.0521641
0.99990845, 0.00473037, -0.01193274
0.59107774, 0.48197103
0.00348501, 0.20819251, 0.04691909
0.72243416, 0.0085757, -0.69136631
0.58147866, 0.45503849
0.00372411, 0.25695196, 0.06053523
0.69335002, 0.36246833, 0.62279123
0.51617688, 0.40504074
0.00372854, 0.23679891, 0.05579243
0.99996948, -0.00186163, -0.00073244
0.54203379, 0.42659128
0.00367154, 0.2389437, 0.03918628
0.7397992, -0.35920286, -0.56889552
0.5611915, 0.40718096
0.00372446, 0.21925655, 0.0734997
0.68492693, 0.09280679, 0.72264779
0.53658187, 0.46719301
0.00374122, 0.20175286, 0.07386331
0.69689018, -0.02053896, 0.71684927
0.55329943, 0.49039495
0.00363832, 0.24671927, 0.06568064
0.68977934, 0.28382215, 0.66603595
0.51963401, 0.42353868
0.00367165, 0.23592767, 0.0695719
0.69341105, 0.20587787, 0.69045079
0.52524543, 0.44151187
0.00354491, 0.2249175, 0.04522859
0.73772395, -0.17194128, -0.6527909
0.56722432, 0.43152559
0.00374081, 0.15368101, 0.02883216
0.71419418, 0.38877529, -0.58201849
0.65815073, 0.50807106
0.00376559, 0.14124554, 0.03986687
0.99996948, 0.00045778, 0.00479141
0.6562292, 0.53533489
0.00356745, 0.19041048, 0.04477106
0.71993166, 0.14743492, -0.6781823
0.60168535, 0.47609138
0.00381032, 0.2813805, -0.0085894
0.99996948, -0.00506607, 0.00079348
0.58070529, 0.30402011
0.00366859, 0.27045619, -0.00599882
0.72463149, -0.66280097, -0.18848231
0.58811277, 0.32086462
0.0036372, 0.27348992, -0.02163099
0.71703237, -0.69212925, -0.08224738
0.6051507, 0.30126882
0.00370246, 0.2886104, 0.0284122
0.69444871, 0.62202823, 0.36161381
0.52622968, 0.33160025
0.0038046, 0.26007897, 0.01865476
0.98257393, -0.1548204, -0.10257271
0.56673229, 0.35906672
0.00360156, 0.26442707, 0.00953665
0.72615743, -0.61210972, -0.31299782
0.57413942, 0.34427154
0.00380961, 0.29250628, 0.01108759
0.99954224, 0.02774132, 0.009888
0.54458803, 0.30918717
0.00372329, 0.30266106, -0.00879687
0.68642229, 0.7144078, 0.13565478
0.56008011, 0.27604622
0.00379209, 0.28143728, -0.02079257
0.99993896, -0.00842311, -0.00064089
0.59627497, 0.29173875
0.00350237, 0.29397637, 0.01791056
0.66206855, 0.68630022, 0.30103457
0.53440905, 0.31409299
0.00360061, 0.29815406, 0.00713931
0.68816185, 0.68926054, 0.22650838
0.54409957, 0.29786772
0.00369762, 0.2823779, 0.03788577
0.69170201, 0.5784173, 0.43235573
0.52021772, 0.34920883
0.00374128, 0.27492255, 0.04664529
0.69197667, 0.51533556, 0.50553912
0.51632047, 0.36769891
0.0035514, 0.25392967, 0.02653313
0.73738825, -0.51255834, -0.43989378
0.56268173, 0.37497002
0.00326982, 0.26048234, 0.01573244
0.51063567, -0.73842585, -0.44041261
0.57007921, 0.35561496
0.00369756, 0.26638862, 0.05419735
0.69045079, 0.44184697, 0.57274085
0.5150283, 0.38638806
0.00380371, 0.24660273, 0.03272054
0.71034884, -0.45170447, -0.53975034
0.56195146, 0.39072037
-0.00408121, 0.3042123, -0.02534938
-0.69701225, 0.71608633, 0.03704947
0.31432185, 0.53574973
0.00374907, 0.3042123, -0.02535062
0.69716483, 0.71593374, 0.03711051
0.57975334, 0.2574631
-0.00767757, 0.0916599, 0.01434649
-0.80608541, -0.14419995, 0.57390058
0.55648214, 0.08454663
0.00734684, 0.09134439, 0.01349537
0.83458966, -0.14795373, 0.53059483
0.53219718, 0.08438444
0.00368941, 0.10323674, 0.02579313
0.68782616, -0.47383037, 0.5498215
0.53943717, 0.10983008
-0.00397866, 0.11689561, -0.00323835
-0.70159, 0.49665824, -0.51097143
0.59703976, 0.08675188
0.00364055, 0.11760131, -0.00254915
0.70168155, 0.49656665, -0.51091039
0.60933304, 0.08836746
0.00365123, 0.11435949, -0.00568625
0.61769462, 0.35389262, -0.70226145
0.60935032, 0.08098328
-0.00690806, 0.09148742, -0.00762067
-0.68099004, 0.12475967, -0.72157961
0.57029974, 0.1639753
-0.00399253, 0.11435979, -0.00568625
-0.61885434, 0.35456404, -0.7008881
0.5744487, 0.19986171
0.00365123, 0.11435949, -0.00568625
0.61769462, 0.35389262, -0.70226145
0.58677793, 0.20011675
0.00373018, 0.1072514, 0.0296592
0.70299387, -0.48677021, 0.51844841
0.53980297, 0.11809421
-0.00406741, 0.10734566, 0.02974718
-0.7040925, -0.486404, 0.51731926
0.55237573, 0.1175946
-0.00402911, 0.10616057, 0.02862369
-0.68944365, -0.48350474, 0.53929257
0.55218816, 0.11518681
-0.0041044, 0.12609521, 0.0058486
-0.71056247, 0.48271126, -0.51188695
0.59683669, 0.10793698
0.00376411, 0.12617269, 0.00592272
0.71056247, 0.48249763, -0.51210058
0.60953218, 0.10811269
0.0037254, 0.12167535, 0.04235732
0.69820243, -0.44862208, 0.55787838
0.54126328, 0.1459406
-0.00406393, 0.12167547, 0.04235732
-0.69826353, -0.44856104, 0.55781734
0.55381286, 0.14525217
-0.00403283, 0.11313342, 0.03499426
-0.70024723, -0.47190771, 0.53566086
0.55291533, 0.12900478
0.00363583, 0.13086079, 0.04929294
0.69591355, -0.41474655, 0.58619952
0.54223835, 0.1618976
-0.00772584, 0.07621487, -0.00849481
-0.55159152, -0.5497604, -0.62727743
0.56936264, 0.13988894
0.00676084, 0.09142102, -0.00705149
0.72081667, 0.11670278, -0.68318737
0.59236574, 0.16410571
-0.00908819, 0.07615604, 0.01191126
-0.62990201, -0.58714563, 0.5083468
0.48888311, 0.1999799
0.00369738, 0.11290305, 0.03479063
0.70021665, -0.47227395, 0.53535569
0.54043782, 0.12924212
-0.00772584, 0.07621487, -0.00849481
-0.55159152, -0.5497604, -0.62727743
0.62727308, 0.84328222
0.00927559, 0.07619432, -0.0071123
0.68532366, -0.52375865, -0.50590533
0.56092423, 0.8394067
0.0066976, 0.0761286, 0.0118762
0.56727803, -0.61391032, 0.54887539
0.56928009, 0.7652114
-0.00404982, 0.2561532, -0.11814784
-0.69139683, -0.7040925, 0.16177861
0.62207896, 0.18325227
0.00371656, 0.2561529, -0.11814895
0.69316691, -0.70131534, 0.16623431
0.60954827, 0.18325031
0.00363017, 0.25904483, -0.10827644
-0.13660085, -0.00634785, -0.99060029
0.60968918, 0.20011675
0.00369526, 0.25192198, -0.14183116
0.54585403, -0.45298624, -0.7048555
0.60957378, 0.14435649
-0.00403087, 0.2808885, -0.11182798
-0.69548631, 0.61540574, -0.37083042
0.78057563, 0.17309964
0.00369119, 0.28088686, -0.11183073
0.69539475, 0.61531419, -0.37113559
0.79303485, 0.17309433
0.00390438, 0.27465737, -0.12122793
0.70314646, 0.57631153, -0.41636401
0.79337919, 0.1546967
-0.0040576, 0.28646076, -0.10185906
-0.69887388, 0.63521224, -0.32868436
0.78053188, 0.19150883
0.00372193, 0.28647399, -0.10183368
0.69887388, 0.63527328, -0.32859278
0.79308385, 0.19155455
-0.00424371, 0.27459913, -0.12130813
-0.70259714, 0.57625049, -0.41743216
0.78023255, 0.1545344
0.00375562, 0.26596847, -0.13210557
0.67613757, 0.4997406, -0.54133731
0.7931391, 0.13182062
-0.00411744, 0.26659548, -0.08337224
-0.71217996, -0.6749779, 0.19272439
0.79287374, 0.54716009
0.00377987, 0.26658872, -0.08339655
0.71214944, -0.67500842, 0.19275491
0.80561572, 0.54720575
0.00372405, 0.27000698, -0.07046553
0.71291238, -0.68214971, 0.16235846
0.80553001, 0.52532786
0.0036677, 0.27294123, -0.05603107
0.71935177, -0.68788719, 0.09653004
0.80544209, 0.50141615
0.00363731, 0.27425808, -0.03855784
0.71459091, -0.69945371, 0.00894192
0.80539197, 0.47376353
-0.00397216, 0.27425808, -0.03855755
-0.71367532, -0.7003693, 0.01040681
0.79311442, 0.47375894
-0.00401394, 0.29934865, -0.06916626
-0.696585, 0.69167149, -0.1906186
0.780599, 0.24612361
0.00367508, 0.29935256, -0.06915198
0.69701225, 0.69142735, -0.18979461
0.79300487, 0.24614549
0.00363672, 0.29589528, -0.08017562
0.69450974, 0.67885375, -0.23822749
0.79294443, 0.22867966
-0.00408109, 0.30435976, -0.04179633
-0.68886381, 0.72307503, -0.05099643
0.7804864, 0.28566915
0.00374907, 0.3043597, -0.04179633
0.68932158, 0.72258675, -0.05154576
0.79312003, 0.28566897
0.00372364, 0.30188724, -0.05820722
0.69835508, 0.70268869, -0.13608204
0.7930817, 0.26252651
-0.0040671, 0.29151106, -0.09123497
-0.69939268, 0.65578175, -0.28415784
0.78051567, 0.21017849
-0.0039724, 0.29589894, -0.08016545
-0.69444871, 0.67888427, -0.23828852
0.78066742, 0.22869641
-0.00405967, 0.27000833, -0.07045969
-0.71288186, -0.68221074, 0.16235846
0.79297137, 0.52531379
-0.00405943, 0.30188665, -0.05821044
-0.69719535, 0.70381784, -0.13614307
0.78052402, 0.26252198
-0.0041231, 0.25895187, -0.10846603
-0.6438185, -0.74413282, 0.17801447
0.79285395, 0.59020042
0.00378678, 0.25858352, -0.10969467
0.1175573, -0.79000211, -0.60167241
0.80561572, 0.59230876
0.00373143, 0.29151508, -0.09122597
0.69939268, 0.65581226, -0.28409681
0.79309833, 0.21019393
-0.00409407, 0.26596847, -0.13210563
-0.6761986, 0.49961853, -0.54133731
0.78047395, 0.13182068
0.00369526, 0.25192198, -0.14183116
0.54585403, -0.45298624, -0.7048555
0.7930401, 0.10465652
0.00378678, 0.25858352, -0.10969467
0.1175573, -0.79000211, -0.60167241
0.6450485, 0.20011675
-0.0041231, 0.25895187, -0.10846603
-0.6438185, -0.74413282, 0.17801447
0.6450485, 0.1869697
-0.00396886, 0.25904423, -0.10827827
0.29908139, -0.34165472, -0.89095736
0.64468849, 0.18717164
-0.0040782, 0.15369689, 0.02884272
-0.71419418, 0.38865322, -0.58207953
0.59687948, 0.16616571
0.00374081, 0.15368101, 0.02883216
0.71419418, 0.38877529, -0.58201849
0.60949516, 0.16613585
0.00377403, 0.14401798, 0.02188321
0.71654409, 0.43531603, -0.54496902
0.60954827, 0.14712596
-0.00411084, 0.14399952, 0.02186846
-0.71663564, 0.43540758, -0.54478592
0.59682637, 0.14708745
0.00373591, 0.13458166, 0.01363492
0.70403147, 0.47407451, -0.52870268
0.6094867, 0.12673539
0.00369154, 0.14346957, 0.05773701
0.68852812, -0.35581529, 0.63188577
0.54320073, 0.18216342
0.00373414, 0.15426648, 0.06272014
0.70726645, -0.29447311, 0.64265877
0.54384893, 0.19606274
-0.00407036, 0.15426654, 0.0627202
-0.70723593, -0.29459518, 0.64262825
0.55642295, 0.19537306
-0.00390555, 0.1904093, 0.04477082
-0.72084719, 0.14514603, -0.67769402
0.56898522, 0.17448539
0.00356745, 0.19041048, 0.04477106
0.71993166, 0.14743492, -0.6781823
0.55692899, 0.17448777
0.00367047, 0.17307483, 0.03943848
0.72313607, 0.26047549, -0.63966799
0.55697596, 0.20011675
0.00366764, 0.17338686, 0.06998454
0.68520159, -0.18820764, 0.7035737
0.79273522, 0.57307321
0.00372039, 0.19022195, 0.07296085
0.69618821, -0.09167761, 0.71193576
0.79282033, 0.55048275
-0.0040569, 0.1902242, 0.07296109
-0.69600511, -0.09094515, 0.71221048
0.78027201, 0.55047965
-0.00400734, 0.17307524, 0.03943866
-0.72350228, 0.26145208, -0.63887447
0.59699553, 0.20011675
0.00367047, 0.17307483, 0.03943848
0.72313607, 0.26047549, -0.63966799
0.60938334, 0.2001164
0.0037493, 0.16109234, 0.03340685
0.71715444, 0.34052554, -0.60798973
0.60950935, 0.17977291
-0.00400403, 0.1733845, 0.06998383
-0.68343151, -0.19040498, 0.70470291
0.78035724, 0.57307619
-0.00397689, 0.157424, 0.06417891
-0.68123418, -0.26682332, 0.68166143
0.78040099, 0.59230542
0.00363908, 0.15742111, 0.06417767
0.68123418, -0.26667073, 0.68172246
0.54421169, 0.20011675
-0.00360803, 0.26048234, 0.01573244
-0.51368755, -0.73689991, -0.4394055
0.56872195, 0.05126709
0.00326982, 0.26048234, 0.01573244
0.51063567, -0.73842585, -0.44041261
0.55762589, 0.0512709
0.0035514, 0.25392967, 0.02653313
0.73738825, -0.51255834, -0.43989378
0.556979, 0.06592935
-0.00382099, 0.20819335, 0.04691909
-0.72234261, 0.00866726, -0.69145787
0.56870091, 0.146905
-0.00388, 0.22491744, 0.04522853
-0.73570973, -0.17481002, -0.65431684
0.5687362, 0.11952913
0.00354491, 0.2249175, 0.04522859
0.73772395, -0.17194128, -0.6527909
0.55675757, 0.11953324
0.00374122, 0.20175286, 0.07386331
0.69689018, -0.02053896, 0.71684927
0.79285395, 0.53417671
0.00372446, 0.21925655, 0.0734997
0.68492693, 0.09280679, 0.72264779
0.79282701, 0.5081532
-0.0040618, 0.21925637, 0.0734997
-0.68498796, 0.09280679, 0.72258675
0.78026414, 0.5081535
-0.00413378, 0.24660273, 0.03272048
-0.71016574, -0.45176551, -0.53993344
0.56928772, 0.0800311
0.00380371, 0.24660273, 0.03272054
0.71034884, -0.45170447, -0.53975034
0.55648214, 0.08003557
0.00367154, 0.2389437, 0.03918628
0.7397992, -0.35920286, -0.56889552
0.55660152, 0.09478015
0.00363832, 0.24671927, 0.06568064
0.68977934, 0.28382215, 0.66603595
0.79268795, 0.46200776
-0.00397216, 0.2467224, 0.06567922
-0.68666649, 0.28504288, 0.66872156
0.78040874, 0.46200216
-0.00400721, 0.23593315, 0.0695702
-0.69161046, 0.20484024, 0.69258708
0.78035223, 0.4807319
-0.00400804, 0.23894729, 0.03918392
-0.73863947, -0.35782951, -0.57124543
0.56899107, 0.09476912
0.00367165, 0.23592767, 0.0695719
0.69341105, 0.20587787, 0.69045079
0.79274178, 0.4807412
0.00372411, 0.25695196, 0.06053523
0.69335002, 0.36246833, 0.62279123
0.79282641, 0.4431771
0.00348501, 0.20819251, 0.04691909
0.72243416, 0.0085757, -0.69136631
0.55691409, 0.14691037
-0.00407726, 0.20175244, 0.07386331
-0.69685966, -0.02053896, 0.71687979
0.78023922, 0.53417736
-0.00388501, 0.25392598, 0.02653567
-0.73726612, -0.51258886, -0.44001588
0.56897616, 0.0659321
0.0036372, 0.27348992, -0.02163099
0.71703237, -0.69212925, -0.08224738
0.8053863, 0.44815797
0.00366859, 0.27045619, -0.00599882
0.72463149, -0.66280097, -0.18848231
0.80542696, 0.42585546
-0.00400615, 0.27045643, -0.00599947
-0.72466201, -0.66280097, -0.18842128
0.79304409, 0.42585212
0.00372329, 0.30266106, -0.00879687
0.68642229, 0.7144078, 0.13565478
0.79307127, 0.32507384
0.00374907, 0.3042123, -0.02535062
0.69716483, 0.71593374, 0.03711051
0.79311669, 0.30605429
-0.00408121, 0.3042123, -0.02534938
-0.69701225, 0.71608633, 0.03704947
0.78048283, 0.30605596
0.00350237, 0.29397637, 0.01791056
0.66206855, 0.68630022, 0.30103457
0.79246831, 0.35743833
0.00360061, 0.29815406, 0.00713931
0.68816185, 0.68926054, 0.22650838
0.7926268, 0.34339219
-0.00393764, 0.29814965, 0.00715212
-0.6882534, 0.68913847, 0.2265389
0.78046417, 0.34340817
0.00370246, 0.2886104, 0.0284122
0.69444871, 0.62202823, 0.36161381
0.79279125, 0.37303537
-0.00383715, 0.29397282, 0.01791841
-0.66148871, 0.68678856, 0.30115664
0.7806263, 0.35744935
0.00360156, 0.26442707, 0.00953665
0.72615743, -0.61210972, -0.31299782
0.80530244, 0.40543455
-0.00393729, 0.26442814, 0.00953258
-0.72609639, -0.61229283, -0.31281471
0.79313886, 0.4054361
0.00372329, 0.30266106, -0.00879687
0.68642229, 0.7144078, 0.13565478
0.79282463, 0.32507396
-0.00405908, 0.302661, -0.00879681
-0.68642229, 0.7144078, 0.13562426
0.78026813, 0.32507414
0.00369762, 0.2823779, 0.03788577
0.69170201, 0.5784173, 0.43235573
0.7927835, 0.38915354
-0.00403695, 0.28237736, 0.03788665
-0.69179356, 0.57835627, 0.43226418
0.78030407, 0.38915503
-0.00408133, 0.27492785, 0.0466401
-0.69206822, 0.51530504, 0.50541705
0.78023255, 0.40653598
-0.00403695, 0.26639014, 0.05419612
-0.69054234, 0.44178593, 0.5726493
0.78030419, 0.42464018
0.00369756, 0.26638862, 0.05419735
0.69045079, 0.44184697, 0.57274085
0.7927835, 0.42464334
0.00374128, 0.27492255, 0.04664529
0.69197667, 0.51533556, 0.50553912
0.79285395, 0.40654761
-0.00393729, 0.26442814, 0.00953258
-0.72609639, -0.61229283, -0.31281471
0.56936264, 0.04255801
0.00360156, 0.26442707, 0.00953665
0.72615743, -0.61210972, -0.31299782
0.55720007, 0.04256552
-0.00406309, 0.25695744, 0.06053187
-0.69283122, 0.36384168, 0.62254709
0.78026205, 0.44316661
-0.00411084, 0.14399952, 0.02186846
-0.71663564, 0.43540758, -0.54478592
0.4098376, 0.27897584
-0.00407337, 0.13446328, 0.01352854
-0.70400095, 0.4743492, -0.52851957
0.42985475, 0.27477187
-0.00397323, 0.13087106, 0.04930025
-0.69594407, -0.414655, 0.58623004
0.38737479, 0.2345227
0.00373591, 0.13458166, 0.01363492
0.70403147, 0.47407451, -0.52870268
0.69635957, 0.51778889
0.00377403, 0.14401798, 0.02188321
0.71654409, 0.43531603, -0.54496902
0.67653453, 0.5137279
0.00363583, 0.13086079, 0.04929294
0.69591355, -0.41474655, 0.58619952
0.65435457, 0.55831319
-0.00407337, 0.13446328, 0.01352854
-0.70400095, 0.4743492, -0.52851957
0.59688675, 0.12647563
-0.00402775, 0.14346804, 0.05773618
-0.68849754, -0.35584581, 0.63188577
0.55563736, 0.18147892
-0.00397323, 0.13087106, 0.04930025
-0.69594407, -0.414655, 0.58623004
0.55449837, 0.16124219
-0.00397252, 0.27349022, -0.02163306
-0.71684927, -0.69231236, -0.0822779
0.79310834, 0.44815683
0.0066976, 0.0761286, 0.0118762
0.56727803, -0.61391032, 0.54887539
0.75598848, 0.59230876
-1e-08, 0.08098792, -0.01292037
0.0, 0.63640249, -0.77132481
0.45769432, 0.66336504
0.0106066, 0.08095293, -0.00852712
0.54896694, 0.63460189, -0.54393137
0.4817946, 0.66344467
0.01060659, -0.01904391, -0.00932346
0.54896694, -0.62584305, -0.55397201
0.4817946, 0.89065585
0.0106066, 0.08095293, -0.00852712
0.54896694, 0.63460189, -0.54393137
0.64163417, 0.86675969
0.015, 0.08086846, 0.00207915
0.77636033, 0.63023776, 0.00500504
0.64144242, 0.84266037
0.01499999, -0.01912835, 0.00128281
0.77636033, -0.63023776, -0.00500504
0.41423112, 0.84446976
0.0106066, 0.080784, 0.01268542
0.54896694, 0.62584305, 0.55397201
0.64125037, 0.81856093
0.0106066, -0.01921282, 0.01188908
0.54896694, -0.63460189, 0.54393137
0.41403919, 0.82037032
0.0106066, -0.01921282, 0.01188908
0.54896694, -0.63460189, 0.54393137
0.4817946, 0.89103964
0.0106066, 0.080784, 0.01268542
0.54896694, 0.62584305, 0.55397201
0.4817946, 0.66382852
-1e-08, 0.08074901, 0.01707868
0.0, 0.62404251, 0.78136539
0.45769432, 0.66390786
-0.0106066, 0.080784, 0.01268542
-0.54896694, 0.62584305, 0.55397201
0.4335942, 0.66382852
-0.01060661, -0.01921282, 0.01188908
-0.54896694, -0.63460189, 0.54393137
0.4335942, 0.89103964
-0.0106066, 0.080784, 0.01268542
-0.54896694, 0.62584305, 0.55397201
0.64125037, 0.81856093
-0.015, 0.08086846, 0.00207915
-0.77636033, 0.63023776, 0.00500504
0.64144242, 0.84266037
-0.01500001, -0.01912835, 0.00128281
-0.77636033, -0.63023776, -0.00500504
0.41423112, 0.84446976
-0.015, 0.08086846, 0.00207915
-0.77636033, 0.63023776, 0.00500504
0.65466923, 0.80144727
-1e-08, 0.08074901, 0.01707868
0.0, 0.62404251, 0.78136539
0.5949074, 0.74435133
-1e-08, 0.08098792, -0.01292037
0.0, 0.63640249, -0.77132481
0.59757143, 0.86120728
-0.01060661, 0.08095293, -0.00852711
-0.54896694, 0.63460189, -0.54393137
0.4335942, 0.66344467
-1e-08, -0.01900893, -0.01371671
0.0, -0.62404251, -0.78136539
0.45769432, 0.89057633
-0.01060661, 0.08095293, -0.00852711
-0.54896694, 0.63460189, -0.54393137
0.64163417, 0.86675969
0.0106066, -0.01921282, 0.01188908
0.54896694, -0.63460189, 0.54393137
0.4817946, 0.82037032
-0.01060661, -0.01921282, 0.01188908
-0.54896694, -0.63460189, 0.54393137
0.4335942, 0.82037032
0.01060659, -0.01904391, -0.00932346
0.54896694, -0.62584305, -0.55397201
0.4817946, 0.8685692
-0.0040343, 0.25192192, -0.14183119
-0.54591513, -0.45298624, -0.70479447
0.51502824, 0.58299845
0.00369526, 0.25192198, -0.14183116
0.54585403, -0.45298624, -0.7048555
0.78023255, 0.2091701
-0.00399253, 0.11435979, -0.00568625
-0.61885434, 0.35456404, -0.7008881
0.47415254, 0.26753223
-0.00908819, 0.07615604, 0.01191126
-0.62990201, -0.58714563, 0.5083468
0.64288718, 0.20011675
0.00365123, 0.11435949, -0.00568625
0.61769462, 0.35389262, -0.70226145
0.74095118, 0.52484608
-0.00399253, 0.11435979, -0.00568625
-0.61885434, 0.35456404, -0.7008881
0.59701741, 0.08098328
0.00927559, 0.07619432, -0.0071123
0.68532366, -0.52375865, -0.50590533
0.59682637, 0.13988894
-0.00772584, 0.07621487, -0.00849481
-0.55159152, -0.5497604, -0.62727743
0.5150283, 0.22034007
-0.00908819, 0.07615604, 0.01191126
-0.62990201, -0.58714563, 0.5083468
0.63076776, 0.76367301
-0.00396886, 0.25904423, -0.10827827
0.29908139, -0.34165472, -0.89095736
0.62194985, 0.20011365
-0.0040343, 0.25192192, -0.14183119
-0.54591513, -0.45298624, -0.70479447
0.62204504, 0.14435649
-0.00400479, 0.27294135, -0.05603068
-0.717246, -0.69026762, 0.0951262
0.79306287, 0.50141132
-0.0040343, 0.25192192, -0.14183119
-0.54591513, -0.45298624, -0.70479447
0.78056884, 0.10465652
0.00363017, 0.25904483, -0.10827644
-0.13660085, -0.00634785, -0.99060029
0.64288718, 0.19952965
-0.00400734, 0.17307524, 0.03943866
-0.72350228, 0.26145208, -0.63887447
0.56936264, 0.20011187
-0.00408729, 0.16108656, 0.03340349
-0.71718496, 0.34055606, -0.60795921
0.59686536, 0.17976218
0.00363908, 0.15742111, 0.06417767
0.68123418, -0.26667073, 0.68172246
0.79268909, 0.59230876
-0.00397689, 0.157424, 0.06417891
-0.68123418, -0.26682332, 0.68166143
0.55648214, 0.19944715
-0.00405908, 0.302661, -0.00879681
-0.68642229, 0.7144078, 0.13562426
0.78051478, 0.32507396
-0.00404167, 0.28861335, 0.02840689
-0.69454026, 0.62199771, 0.36149174
0.78029644, 0.37302715
0.00927559, 0.07619432, -0.0071123
0.68532366, -0.52375865, -0.50590533
0.78023255, 0.57323855
0.01060659, -0.01904391, -0.00932346
0.54896694, -0.62584305, -0.55397201
0.41442302, 0.8685692
-1e-08, -0.01924782, 0.01628233
0.0, -0.63640249, 0.77132481
0.45769432, 0.89111915
-0.01060661, -0.01921282, 0.01188908
-0.54896694, -0.63460189, 0.54393137
0.41403919, 0.82037032
0.015, 0.08086846, 0.00207915
0.77636033, 0.63023776, 0.00500504
0.53780961, 0.80411139
0.0106066, 0.08095293, -0.00852712
0.54896694, 0.63460189, -0.54393137
0.55586517, 0.84503606
-0.01060661, 0.08095293, -0.00852711
-0.54896694, 0.63460189, -0.54393137
0.63849747, 0.84315225
-0.0106066, 0.080784, 0.01268542
-0.54896694, 0.62584305, 0.55397201
0.63661373, 0.7605226
0.0106066, 0.080784, 0.01268542
0.54896694, 0.62584305, 0.55397201
0.55398142, 0.76240641
-0.01060661, -0.01904391, -0.00932346
-0.54896694, -0.62584305, -0.55397201
0.4335942, 0.89065585
-0.01060661, -0.01904391, -0.00932346
-0.54896694, -0.62584305, -0.55397201
0.41442302, 0.8685692
-0.01060661, -0.01904391, -0.00932346
-0.54896694, -0.62584305, -0.55397201
0.4335942, 0.8685692
-1e-08, -0.01900893, -0.01371671
0.0, -0.62404251, -0.78136539
0.45769432, 0.87855139
0.01499999, -0.01912835, 0.00128281
0.77636033, -0.63023776, -0.00500504
0.49177706, 0.84446976
-1e-08, -0.01924782, 0.01628233
0.0, -0.63640249, 0.77132481
0.45769432, 0.81038812
-0.01500001, -0.01912835, 0.00128281
-0.77636033, -0.63023776, -0.00500504
0.42361158, 0.84446976
# Number of Faces:
332
# Face Data:
0, 1, 2
3, 4, 5
6, 7, 8
9, 8, 5
5, 10, 11
8, 7, 12
8, 13, 10
3, 14, 1
15, 16, 0
15, 17, 18
19, 20, 21
22, 23, 24
25, 26, 27
22, 25, 28
29, 30, 22
31, 26, 25
30, 32, 25
20, 33, 24
34, 21, 35
36, 34, 37
38, 39, 40
38, 41, 42
43, 39, 38
44, 45, 38
46, 47, 40
48, 49, 50
51, 52, 53
54, 55, 56
55, 57, 58
53, 52, 55
59, 57, 55
60, 61, 62
63, 64, 65
66, 67, 62
64, 68, 69
70, 62, 64
62, 67, 68
71, 53, 72
73, 56, 61
58, 66, 61
74, 75, 76
77, 78, 79
75, 77, 80
81, 76, 82
80, 79, 83
76, 80, 84
78, 85, 86
87, 88, 78
89, 65, 90
88, 89, 85
91, 92, 93
94, 95, 93
93, 92, 96
93, 97, 98
91, 99, 100
101, 102, 103
104, 105, 106
104, 107, 108
105, 102, 101
105, 108, 109
110, 111, 112
113, 114, 115
110, 116, 117
118, 119, 114
114, 110, 120
119, 116, 110
121, 101, 122
111, 104, 123
111, 117, 107
124, 125, 126
127, 128, 129
130, 129, 125
131, 124, 132
133, 127, 130
134, 130, 124
135, 136, 128
128, 137, 138
139, 113, 140
136, 140, 137
74, 81, 7
7, 81, 141
26, 132, 126
142, 132, 26
143, 144, 145
146, 147, 148
149, 150, 151
152, 153, 154
155, 156, 147
157, 158, 159
158, 157, 160
161, 149, 162
163, 45, 44
153, 152, 164
165, 166, 167
168, 169, 170
171, 169, 168
172, 173, 174
175, 176, 173
177, 174, 178
179, 180, 181
182, 183, 184
185, 186, 187
188, 189, 190
191, 192, 187
193, 181, 182
194, 190, 186
195, 196, 180
191, 197, 176
198, 178, 199
200, 201, 202
203, 204, 205
206, 205, 207
208, 209, 210
211, 212, 213
214, 215, 216
217, 218, 219
214, 220, 221
210, 209, 222
223, 224, 225
226, 227, 228
229, 230, 231
232, 233, 234
235, 236, 237
227, 238, 234
239, 237, 231
236, 235, 240
226, 241, 212
229, 242, 216
219, 204, 203
243, 225, 233
244, 245, 246
247, 248, 249
250, 251, 252
253, 250, 254
245, 255, 256
251, 257, 258
259, 260, 261
262, 263, 264
260, 259, 253
223, 265, 266
263, 262, 267
40, 268, 269
270, 51, 71
40, 47, 71
271, 272, 91
122, 103, 273
122, 99, 91
274, 207, 156
208, 275, 276
183, 244, 277
248, 189, 188
98, 97, 278
279, 280, 281
282, 283, 284
283, 285, 286
287, 288, 289
289, 290, 291
292, 293, 294
295, 296, 297
298, 279, 299
294, 293, 300
301, 302, 303
17, 0, 2
14, 3, 5
9, 6, 8
4, 9, 5
14, 5, 11
13, 8, 12
5, 8, 10
0, 3, 1
17, 15, 0
304, 15, 18
34, 19, 21
33, 22, 24
28, 25, 27
23, 22, 28
33, 29, 22
32, 31, 25
22, 30, 25
21, 20, 24
37, 34, 35
305, 36, 37
41, 38, 40
306, 38, 42
45, 43, 38
306, 44, 38
39, 46, 40
307, 48, 50
71, 51, 53
73, 54, 56
56, 55, 58
54, 53, 55
52, 59, 55
70, 60, 62
89, 63, 65
61, 66, 62
65, 64, 69
63, 70, 64
64, 62, 68
268, 71, 72
60, 73, 61
56, 58, 61
81, 74, 76
80, 77, 79
76, 75, 80
141, 81, 82
84, 80, 83
82, 76, 84
79, 78, 86
77, 87, 78
85, 89, 90
78, 88, 85
95, 91, 93
308, 94, 93
97, 93, 96
308, 93, 98
92, 91, 100
122, 101, 103
123, 104, 106
105, 104, 108
106, 105, 101
102, 105, 109
120, 110, 112
140, 113, 115
111, 110, 117
113, 118, 114
115, 114, 120
114, 119, 110
272, 121, 122
112, 111, 123
104, 111, 107
132, 124, 126
130, 127, 129
124, 130, 125
142, 131, 132
134, 133, 130
131, 134, 124
127, 135, 128
129, 128, 138
136, 139, 140
128, 136, 137
6, 74, 7
12, 7, 141
27, 26, 126
31, 142, 26
154, 143, 145
309, 146, 148
162, 149, 151
145, 152, 154
146, 155, 147
164, 157, 159
276, 158, 160
310, 161, 162
311, 163, 44
159, 153, 164
312, 165, 167
313, 168, 170
314, 171, 168
177, 172, 174
172, 175, 173
198, 177, 178
193, 179, 181
315, 182, 184
192, 185, 187
194, 188, 190
197, 191, 187
315, 193, 182
185, 194, 186
179, 195, 180
175, 191, 176
316, 198, 199
317, 200, 202
206, 203, 205
274, 206, 207
275, 208, 210
318, 211, 213
220, 214, 216
319, 217, 219
320, 214, 221
321, 210, 222
243, 223, 225
241, 226, 228
242, 229, 231
238, 232, 234
239, 235, 237
228, 227, 234
230, 239, 231
267, 236, 240
211, 226, 212
215, 229, 216
319, 219, 203
232, 243, 233
277, 244, 246
322, 247, 249
254, 250, 252
323, 253, 254
246, 245, 256
252, 251, 258
264, 259, 261
261, 262, 264
323, 260, 253
224, 223, 266
240, 263, 267
41, 40, 269
47, 270, 71
268, 40, 71
95, 271, 91
99, 122, 273
272, 122, 91
155, 274, 156
160, 208, 276
184, 183, 277
249, 248, 188
324, 98, 278
299, 279, 281
325, 282, 284
284, 283, 286
326, 287, 289
326, 289, 291
327, 292, 294
328, 329, 297
297, 330, 295
295, 331, 296
296, 332, 328
328, 297, 296
333, 298, 299
334, 294, 300
335, 336, 303
303, 337, 301
301, 338, 302
302, 339, 335
335, 303, 302
