# Project Zomboid Skinned Mesh
# File Version:
1.0
# Model Name:
weapons_fireaxe
# Vertex Stride Element Count:
3
# Vertex Stride Size (in bytes):
76
# Vertex Stride Data:
# (Int)    Offset
# (String) Type
0
VertexArray
12
NormalArray
24
TextureCoordArray
# Vertex Count:
173
# Vertex Buffer:
0.0010008, 0.03121823, 0.01360231
-0.24579607, 0.12259285, 0.96151614
0.41588193, 0.877936
-0.00622139, 0.09046727, 0.01148499
-0.67381817, 0.01202429, 0.73879206
0.40939546, 0.82472238
-0.00903928, 0.03246063, 0.01091891
-0.59526354, 0.11969359, 0.79454941
0.40686461, 0.87682015
0.00104459, 0.09046727, 0.0141981
-0.34916228, 0.00097659, 0.93704033
0.41592133, 0.82472238
-0.00903928, 0.03246063, 0.01091891
-0.59526354, 0.11969359, 0.79454941
0.44413725, 0.89616767
-0.009707, 0.09046727, 0.0039
-0.99633777, 0.03143407, 0.07925657
0.49623504, 0.90247151
-0.01369926, 0.03545991, 0.00299928
-0.99484235, 0.07199316, 0.07132176
0.44683093, 0.9032805
-0.00622139, 0.09046727, 0.01148499
-0.67381817, 0.01202429, 0.73879206
0.49623504, 0.89565921
-0.00736919, 0.09046727, -0.00411345
-0.77748954, 0.03381451, -0.6279183
0.49623504, 0.90966871
-0.01024884, 0.03845841, -0.00551614
-0.71465194, 0.01745659, -0.69924009
0.44952399, 0.91092851
-0.01024884, 0.03845841, -0.00551614
-0.71465194, 0.01745659, -0.69924009
0.40577826, 0.87143344
-0.00057859, 0.09046727, -0.00786099
-0.07077242, 0.02252266, -0.99722284
0.41446346, 0.82472238
-0.00070916, 0.03970081, -0.00964054
-0.07086398, -0.00228889, -0.99746698
0.41434619, 0.87031749
-0.00736919, 0.09046727, -0.00411345
-0.77748954, 0.03381451, -0.6279183
0.40836459, 0.82472238
0.00668817, 0.09046727, -0.00514788
0.67683953, 0.0250557, -0.73567921
0.42098996, 0.82472238
0.00933092, 0.03845841, -0.00695714
0.60603654, 0.02334666, -0.7950682
0.42336351, 0.87143344
0.00933092, 0.03845841, -0.00695714
0.60603654, 0.02334666, -0.7950682
0.44952399, 0.91222273
0.01017378, 0.09046727, 0.00243711
0.99682605, 0.03305155, -0.07202368
0.49623504, 0.90378543
0.0139909, 0.03545991, 0.00096171
0.9947508, 0.06402783, -0.07977539
0.44683093, 0.90511058
0.00668817, 0.09046727, -0.00514788
0.67683953, 0.0250557, -0.73567921
0.49623504, 0.91059779
0.00783597, 0.09046727, 0.01045056
0.7743156, 0.0217597, 0.63237405
0.49623504, 0.89658822
0.01054048, 0.03246063, 0.00947791
0.70982999, 0.10397656, 0.69661552
0.44413725, 0.89746188
0.01054048, 0.03246063, 0.00947791
0.70982999, 0.10397656, 0.69661552
0.42444992, 0.87682015
0.00783597, 0.09046727, 0.01045056
0.7743156, 0.0217597, 0.63237405
0.42202091, 0.82472238
-0.00626361, 0.13790686, 0.01091734
-0.66835535, -0.01205481, 0.74373609
0.40935755, 0.78211506
0.00099455, 0.13790686, 0.01351787
-0.33683279, -0.00054933, 0.94155705
0.41587639, 0.78211506
-0.00972889, 0.13790686, 0.00360602
-0.99615467, -0.03662221, 0.07919553
0.53884238, 0.90273564
-0.00626361, 0.13790686, 0.01091734
-0.66835535, -0.01205481, 0.74373609
0.53884238, 0.89616906
-0.00737075, 0.13790686, -0.00413456
-0.77498704, -0.05905332, -0.62916958
0.53884238, 0.90968767
-0.00057155, 0.13790686, -0.00776951
-0.07379375, -0.06848353, -0.99490339
0.41446978, 0.78211506
-0.00737075, 0.13790686, -0.00413456
-0.77498704, -0.05905332, -0.62916958
0.40836316, 0.78211506
0.00668661, 0.13790686, -0.00516899
0.67458111, -0.05871761, -0.7358318
0.42098856, 0.78211506
0.01015189, 0.13790686, 0.00214234
0.99710071, -0.03656118, -0.06631672
0.53884238, 0.9040502
0.00668661, 0.13790686, -0.00516899
0.67458111, -0.05871761, -0.7358318
0.53884238, 0.91061673
0.00779375, 0.13790686, 0.00988292
0.76998198, -0.01239051, 0.63789791
0.53884238, 0.89709807
0.00779375, 0.13790686, 0.00988292
0.76998198, -0.01239051, 0.63789791
0.421983, 0.78211506
-0.00880784, 0.18534645, 0.01073439
-0.6779992, -0.04480117, 0.73366499
0.40707248, 0.73950782
0.00104381, 0.18534645, 0.01418715
-0.33903012, -0.05182043, 0.93932921
0.41592059, 0.73950782
-0.01350066, 0.18534645, 0.00099377
-0.99658191, -0.04751732, 0.06720176
0.58144957, 0.90508179
-0.00880784, 0.18534645, 0.01073439
-0.6779992, -0.04480117, 0.73366499
0.58144957, 0.8963333
-0.01028481, 0.18534645, -0.00932935
-0.77016509, -0.09094515, -0.63127536
0.58144957, 0.91435335
-0.00104381, 0.18534645, -0.01418715
-0.07296976, -0.12280648, -0.98971528
0.41404563, 0.73950782
-0.01028481, 0.18534645, -0.00932935
-0.77016509, -0.09094515, -0.63127536
0.40574598, 0.73950782
0.00880784, 0.18534645, -0.01073439
0.66948456, -0.09042634, -0.73726612
0.42289382, 0.73950782
0.01350066, 0.18534645, -0.00099377
0.99572742, -0.04745628, -0.07910398
0.58144957, 0.90686685
0.00880784, 0.18534645, -0.01073439
0.66948456, -0.09042634, -0.73726612
0.58144957, 0.91561523
0.01028481, 0.18534645, 0.00932935
0.77809989, -0.04531999, 0.62648398
0.58144957, 0.89759529
0.01028481, 0.18534645, 0.00932935
0.77809989, -0.04531999, 0.62648398
0.42422026, 0.73950782
-0.00916907, 0.23083292, 0.01474463
-0.72032839, -0.07925657, 0.68907744
0.40674806, 0.6986548
0.0014668, 0.23090954, 0.01993629
-0.43540758, -0.10870693, 0.8936125
0.41630048, 0.69858596
-0.01443813, 0.2306484, 0.00074591
-0.99649036, -0.0389111, 0.07409894
0.62213689, 0.90530438
-0.00916907, 0.23083292, 0.01474463
-0.72032839, -0.07925657, 0.68907744
0.62230259, 0.89273159
-0.01125902, 0.23046386, -0.01382514
-0.81368452, -0.08743553, -0.574633
0.62197113, 0.91839113
-0.01125902, 0.23046386, -0.01382514
-0.81368452, -0.08743553, -0.574633
0.40487099, 0.69898626
-0.00150589, 0.23038802, -0.02046719
-0.07266457, -0.13843197, -0.98767054
0.4136306, 0.69905436
0.00911434, 0.23046386, -0.01532478
0.72084719, -0.08746605, -0.68752098
0.42316908, 0.69898626
0.01439122, 0.2306484, -0.00137532
0.99658191, -0.03888058, -0.0725425
0.62213689, 0.90720952
0.00911434, 0.23046386, -0.01532478
0.72084719, -0.08746605, -0.68752098
0.62197113, 0.91973802
0.01122853, 0.23083292, 0.01324421
0.81340981, -0.07925657, 0.57621998
0.62230259, 0.89407923
0.01122853, 0.23083292, 0.01324421
0.81340981, -0.07925657, 0.57621998
0.4250679, 0.6986548
-0.01002679, 0.23278525, 0.01554605
-0.73738825, 0.0, 0.67543566
0.40597767, 0.69690138
0.00155593, 0.26081008, 0.02114194
-0.43501082, 0.0, 0.9004181
0.41638055, 0.67173117
-0.01002679, 0.26081008, 0.01554605
-0.79088718, 0.00103763, 0.61192662
0.40597767, 0.67173117
0.00155593, 0.23278525, 0.02114194
-0.43501082, 0.0, 0.9004181
0.41638055, 0.69690138
-0.01576889, 0.23278525, 0.00040267
-0.99728388, 0.0, 0.07339702
0.62405604, 0.90561262
-0.01002679, 0.26081008, 0.01554605
-0.79088718, 0.00103763, 0.61192662
0.64922625, 0.89201178
-0.01576889, 0.26341841, 0.00040267
-0.99728388, 0.0, 0.07339702
0.65156883, 0.90561262
-0.01002679, 0.23278525, 0.01554605
-0.73738825, 0.0, 0.67543566
0.62405604, 0.89201178
-0.01230596, 0.23278525, -0.01541861
-0.9854427, -0.00399792, -0.16989654
0.62405604, 0.91982229
-0.01230596, 0.26341841, -0.01541861
-0.98580891, 0.0, -0.16779077
0.65156883, 0.91982229
0.01565786, 0.23278525, -0.00191012
0.99728388, 0.0, -0.07336649
0.62405604, 0.90768986
0.00991654, 0.26341841, -0.01705351
0.95062107, 0.0, -0.31031221
0.65156883, 0.92129065
0.01565786, 0.26341841, -0.00191012
0.99728388, 0.0, -0.07336649
0.65156883, 0.90768986
0.00991654, 0.23278525, -0.01705351
0.94994962, -0.00399792, -0.31232643
0.62405604, 0.92129065
0.01219493, 0.23278525, 0.01391115
0.82833338, 0.0, 0.56022829
0.62405604, 0.8934802
0.01219493, 0.26081008, 0.01391115
0.87194431, 0.00103763, 0.4895474
0.64922625, 0.8934802
0.01219493, 0.26081008, 0.01391115
0.87194431, 0.00103763, 0.4895474
0.42593578, 0.67173117
0.01219493, 0.23278525, 0.01391115
0.82833338, 0.0, 0.56022829
0.42593578, 0.69690138
0.01992222, -0.02549989, 0.00835435
0.03100681, -0.90627766, 0.42146063
0.43287602, 0.89847098
-0.00042534, -0.03276899, -0.00577885
0.03100681, -0.90627766, 0.42146063
0.41460112, 0.91116448
0.01348894, -0.03063994, -0.00222444
0.03097629, -0.90627766, 0.42149115
0.42709798, 0.90797214
-0.01848435, -0.02549989, 0.01118084
0.03100681, -0.90627766, 0.42146063
0.39838165, 0.89593233
-0.01366877, -0.03063994, -0.00022596
0.03100681, -0.90627766, 0.42149115
0.40270668, 0.90617723
0.00186243, -0.01823078, 0.02531404
0.03100681, -0.90627766, 0.42146063
0.41665581, 0.88323878
-0.01205107, -0.02035983, 0.02175963
0.03097629, -0.90627766, 0.42149115
0.40415964, 0.88643117
0.01510664, -0.02035983, 0.01976115
0.03100681, -0.90627766, 0.42146063
0.42855099, 0.88822603
-0.01002679, 0.28022486, 0.01554605
-0.02023377, 0.99890131, 0.04187139
0.40597767, 0.89201178
-0.01230596, 0.28022486, -0.01541861
0.0, 1.0, 0.0
0.40393066, 0.91982229
-0.01576889, 0.28022486, 0.00040267
0.0, 1.0, 0.0
0.40082049, 0.90561262
-0.01230596, 0.28022486, -0.01541861
0.0, 1.0, 0.0
0.09349412, 0.28734457
0.00991654, 0.28022486, -0.01705351
0.0, 1.0, 0.0
0.14506263, 0.29113829
-0.00166696, 0.28022486, -0.02264862
0.0, 1.0, 0.0
0.11818263, 0.30412227
0.00991654, 0.28022486, -0.01705351
0.0, 1.0, 0.0
0.42388952, 0.92129065
0.01219493, 0.28022486, 0.01391115
0.02615436, 0.99890131, 0.03848384
0.42593578, 0.8934802
0.01565786, 0.28022486, -0.00191012
0.0, 1.0, 0.0
0.42904606, 0.90768986
0.00155593, 0.28022486, 0.02114194
0.01455733, 0.98007143, 0.19797356
0.41638055, 0.88698599
-0.01230596, 0.23278525, -0.01541861
0.13266397, -0.97103792, 0.19858395
0.40393066, 0.91982229
-0.00316738, 0.2283833, -0.04304935
0.20886868, -0.91979736, 0.33213294
0.41213837, 0.94463848
-0.00166696, 0.23278525, -0.02264862
0.13553271, -0.97048861, 0.19943845
0.41348594, 0.92631586
-0.00894623, 0.2283833, -0.03943942
0.16162603, -0.95229959, 0.25873592
0.40694818, 0.9413963
0.00307668, 0.2283833, -0.04032373
-0.12518692, -0.95092624, 0.28293711
0.41774639, 0.94219051
0.00991654, 0.23278525, -0.01705351
-0.10342723, -0.97128206, 0.21411785
0.42388952, 0.92129065
0.00291875, 0.26341841, -0.04247076
0.96566665, -0.00881985, -0.25955993
0.65156883, 0.94411883
0.00307668, 0.2283833, -0.04032373
0.96380502, -0.01345866, -0.26615193
0.62010252, 0.94219051
-0.00340116, 0.28022486, -0.04622611
0.01477096, 0.97939998, 0.2013306
0.11415821, 0.35883498
0.0028429, 0.28022486, -0.04350049
-0.04107791, 0.99468976, 0.09411909
0.12864789, 0.35251009
-0.00918001, 0.28022486, -0.04261619
0.0544145, 0.99468976, 0.08709983
0.10074824, 0.35045803
-0.01230596, 0.28022486, -0.01541861
-0.98602253, -0.00207526, -0.16650899
0.66666329, 0.91982229
-0.00910417, 0.26341841, -0.04158646
-0.99325544, -0.00881985, -0.11539049
0.65156883, 0.94332461
-0.00910417, 0.26341841, -0.04158646
-0.99325544, -0.00881985, -0.11539049
0.73332679, 0.34806848
-0.01230596, 0.28022486, -0.01541861
-0.98602253, -0.00207526, -0.16650899
0.77232683, 0.28734457
-0.00918001, 0.28022486, -0.04261619
-0.99377424, -0.01217689, -0.11069063
0.77232683, 0.35045803
-0.00894623, 0.2283833, -0.03943942
0.16162603, -0.95229959, 0.25873592
0.1012907, 0.34308606
-0.00519088, 0.21523917, -0.07054717
0.2512894, -0.88030642, 0.40229499
0.11000514, 0.41527331
-0.00316738, 0.2283833, -0.04304935
0.20886868, -0.91979736, 0.33213294
0.11470068, 0.35146302
0.00307668, 0.2283833, -0.04032373
-0.12518692, -0.95092624, 0.28293711
0.12919036, 0.34513813
0.00307668, 0.2283833, -0.04032373
0.96380502, -0.01345866, -0.26615193
0.65202594, 0.34513813
-0.00549034, 0.26341841, -0.0746098
0.96728414, -0.01367229, -0.25330362
0.73332679, 0.42470086
0.00291875, 0.26341841, -0.04247076
0.96566665, -0.00881985, -0.25955993
0.73332679, 0.35012054
-0.00519088, 0.21523917, -0.07054717
0.96615499, -0.01568651, -0.25745416
0.62152433, 0.41527331
-0.0056561, 0.29016328, -0.07686473
0.02255318, 0.95144504, 0.30695516
0.10892546, 0.42993337
-0.0056561, 0.29016328, -0.07686473
-0.99417096, -0.01513718, -0.10666219
0.79538959, 0.42993337
-0.01576889, 0.28022486, 0.00040267
-0.99728388, 0.0, 0.07339702
0.66666329, 0.90561262
-0.01002679, 0.28022486, 0.01554605
-0.84002197, 0.0, 0.54249704
0.66666329, 0.89201178
0.01565786, 0.28022486, -0.00191012
0.99728388, 0.0, -0.07336649
0.66666329, 0.90768986
0.00991654, 0.28022486, -0.01705351
0.9510178, -0.00204474, -0.30903041
0.66666329, 0.92129065
0.01219493, 0.28022486, 0.01391115
0.91039765, 0.0, 0.41370893
0.66666329, 0.8934802
0.00991654, 0.28022486, -0.01705351
0.9510178, -0.00204474, -0.30903041
0.77232683, 0.29113829
0.0028429, 0.28022486, -0.04350049
0.9668569, -0.01217689, -0.25495163
0.77232683, 0.35251009
-0.00894623, 0.2283833, -0.03943942
-0.99240088, -0.01345866, -0.12219611
0.62010252, 0.9413963
-0.00894623, 0.2283833, -0.03943942
-0.99240088, -0.01345866, -0.12219611
0.65202594, 0.34308606
-0.00181395, 0.27880573, 0.02347819
-0.18216498, 0.93475145, 0.30500197
0.41335395, 0.8848877
0.00523154, 0.27880573, 0.02295903
0.2248909, 0.93472093, 0.27506334
0.41968173, 0.88535397
0.00523154, 0.27880573, 0.02295903
0.94183171, 0.00125126, 0.33600879
0.6653887, 0.88535397
0.00524405, 0.26081008, 0.02312948
0.95983762, 0.003296, 0.28049561
0.64922625, 0.88520087
0.00155593, 0.26081008, 0.02114194
0.0, -1.0, 0.0
0.41638055, 0.88698599
0.00524405, 0.26081008, 0.02312948
0.0, -0.99996948, 0.0
0.41969296, 0.88520087
0.00172091, 0.26081008, 0.02338828
0.0, -0.99996948, 0.0
0.41652873, 0.88496843
0.01219493, 0.26081008, 0.01391115
0.0, -1.0, 0.0
0.42593578, 0.8934802
-0.00180144, 0.26081008, 0.02364786
0.0, -1.0, 0.0
0.41336519, 0.88473524
-0.01002679, 0.26081008, 0.01554605
0.0, -1.0, 0.0
0.40597767, 0.89201178
-0.00181395, 0.27880573, 0.02347819
-0.88253427, 0.00125126, 0.47022921
0.41335395, 0.65556866
-0.01002679, 0.28022486, 0.01554605
-0.84002197, 0.0, 0.54249704
0.40597767, 0.65429413
-0.00180144, 0.26081008, 0.02364786
-0.90844446, 0.003296, 0.41795099
0.41336519, 0.67173117
-0.00074904, 0.27466804, 0.03795933
-0.38001648, 0.84798729, 0.36939603
0.41431037, 0.87188162
0.0045646, 0.25999612, 0.06203097
0.04177984, 0.82180244, 0.56822413
0.41908279, 0.85026196
0.0028992, 0.2757259, 0.03940424
0.03210547, 0.89880061, 0.43714714
0.41758698, 0.87058386
0.00629723, 0.27466804, 0.03744094
0.42994475, 0.84801781, 0.3098239
0.42063889, 0.87234725
0.00629723, 0.27466804, 0.03744094
0.99975586, -0.01190222, -0.01837214
0.66167247, 0.87234725
0.0045646, 0.25999612, 0.06203097
0.99813837, -0.02749718, 0.05389569
0.6484952, 0.85026196
0.00607675, 0.26081008, 0.03445105
0.99975586, -0.01208533, -0.01767022
0.64922625, 0.87503258
0.00607675, 0.26081008, 0.03445105
-0.00140385, -0.99987793, -0.01391644
0.42044082, 0.87503258
0.00256143, 0.26081008, 0.03481071
-0.00152593, -0.99987793, -0.01507614
0.41728365, 0.87470956
-0.00096875, 0.26081008, 0.03496943
-0.00061037, -0.99987793, -0.01397748
0.41411304, 0.87456694
-0.00096875, 0.26081008, 0.03496943
-0.99157691, -0.01205481, 0.12881863
0.64922625, 0.87456694
-0.00074904, 0.27466804, 0.03795933
-0.99166846, -0.01190222, 0.1281167
0.66167247, 0.87188162
-0.00180144, 0.26081008, 0.02364786
-0.90844446, 0.003296, 0.41795099
0.64922625, 0.88473524
-0.00181395, 0.27880573, 0.02347819
-0.88253427, 0.00125126, 0.47022921
0.6653887, 0.8848877
-0.01230596, 0.23278525, -0.01541861
-0.63573104, -0.60945463, -0.47364727
0.40393066, 0.69690138
-0.00166696, 0.23278525, -0.02264862
-0.44093144, -0.62007505, -0.64885402
0.41348594, 0.69690138
0.00991654, 0.23278525, -0.01705351
0.55964845, -0.60930204, -0.56169319
0.42388952, 0.69690138
0.00186243, -0.01823078, 0.02531404
-0.26654866, 0.20978424, 0.94067204
0.41665581, 0.92234804
-0.01205107, -0.02035983, 0.02175963
-0.65614796, 0.17978454, 0.73287147
0.40415964, 0.92426018
0.01510664, -0.02035983, 0.01976115
0.75820184, 0.19074069, 0.62346262
0.42855099, 0.92426018
0.01992222, -0.02549989, 0.00835435
0.97854549, 0.07763909, -0.19080172
0.39208072, 0.89847098
0.01510664, -0.02035983, 0.01976115
0.75820184, 0.19074069, 0.62346262
0.39669722, 0.88822603
0.01348894, -0.03063994, -0.00222444
0.55381942, -0.02206488, -0.8323313
0.38746428, 0.90797214
-0.00042534, -0.03276899, -0.00577885
-0.07336649, -0.05349895, -0.99584949
0.41460112, 0.9354053
0.01348894, -0.03063994, -0.00222444
0.55381942, -0.02206488, -0.8323313
0.42709798, 0.93349315
-0.01366877, -0.03063994, -0.00022596
-0.66908783, -0.02352977, -0.74275947
0.40270668, 0.93349315
-0.01848435, -0.02549989, 0.01118084
-0.99652088, 0.06979583, -0.04507584
0.39208072, 0.89593233
-0.01366877, -0.03063994, -0.00022596
-0.66908783, -0.02352977, -0.74275947
0.38746428, 0.90617723
-0.01205107, -0.02035983, 0.02175963
-0.65614796, 0.17978454, 0.73287147
0.39669722, 0.88643117
# Number of Faces:
184
# Face Data:
0, 1, 2
1, 0, 3
4, 5, 6
5, 4, 7
6, 8, 9
8, 6, 5
10, 11, 12
11, 10, 13
12, 14, 15
14, 12, 11
16, 17, 18
17, 16, 19
18, 20, 21
20, 18, 17
22, 3, 0
3, 22, 23
3, 24, 1
24, 3, 25
7, 26, 5
26, 7, 27
5, 28, 8
28, 5, 26
13, 29, 11
29, 13, 30
11, 31, 14
31, 11, 29
19, 32, 17
32, 19, 33
17, 34, 20
34, 17, 32
23, 25, 3
25, 23, 35
25, 36, 24
36, 25, 37
27, 38, 26
38, 27, 39
26, 40, 28
40, 26, 38
30, 41, 29
41, 30, 42
29, 43, 31
43, 29, 41
33, 44, 32
44, 33, 45
32, 46, 34
46, 32, 44
35, 37, 25
37, 35, 47
37, 48, 36
48, 37, 49
39, 50, 38
50, 39, 51
40, 50, 52
50, 40, 38
41, 53, 54
53, 41, 42
41, 55, 43
55, 41, 54
45, 56, 44
56, 45, 57
46, 56, 58
56, 46, 44
37, 59, 49
59, 37, 47
60, 61, 62
61, 60, 63
64, 65, 66
65, 64, 67
68, 66, 69
66, 68, 64
70, 71, 72
71, 70, 73
74, 72, 75
72, 74, 70
63, 76, 61
76, 63, 77
78, 79, 80
79, 81, 82
81, 83, 84
79, 83, 81
78, 83, 79
85, 83, 78
86, 87, 88
89, 90, 91
92, 93, 94
87, 93, 92
86, 93, 87
95, 93, 86
96, 97, 98
97, 96, 99
98, 100, 101
100, 98, 97
73, 102, 71
102, 73, 103
90, 104, 91
104, 90, 105
91, 106, 89
106, 91, 104
107, 108, 69
109, 110, 111
112, 113, 114
114, 113, 115
116, 117, 118
117, 116, 119
105, 120, 104
104, 120, 106
111, 117, 109
117, 111, 121
122, 65, 123
65, 122, 66
107, 66, 122
66, 107, 69
124, 71, 125
71, 124, 72
126, 72, 124
72, 126, 75
127, 118, 128
102, 125, 71
68, 108, 129
108, 68, 69
128, 117, 121
117, 128, 118
130, 117, 119
117, 130, 109
86, 131, 95
95, 132, 93
75, 133, 134
133, 75, 126
135, 136, 137
136, 135, 138
135, 139, 140
139, 135, 137
62, 141, 142
141, 62, 143
144, 145, 146
146, 145, 147
148, 149, 150
151, 145, 152
152, 145, 153
154, 149, 155
95, 144, 146
144, 95, 131
147, 95, 146
95, 147, 132
134, 148, 150
148, 134, 133
137, 151, 152
151, 137, 136
153, 137, 152
137, 153, 139
155, 156, 154
156, 155, 157
60, 49, 63
49, 60, 48
64, 51, 67
51, 64, 50
52, 64, 68
64, 52, 50
54, 158, 159
158, 54, 53
160, 54, 159
54, 160, 55
70, 57, 73
57, 70, 56
58, 70, 74
70, 58, 56
49, 77, 63
77, 49, 59
2, 161, 0
161, 2, 162
0, 163, 22
163, 0, 161
21, 164, 18
164, 21, 165
18, 166, 16
166, 18, 164
15, 167, 12
167, 15, 168
12, 169, 10
169, 12, 167
9, 170, 6
170, 9, 171
6, 172, 4
172, 6, 170
