# Project Zomboid Skinned Mesh
# File Version:
1.0
# Model Name:
Cylinder.001
# Vertex Stride Element Count:
3
# Vertex Stride Size (in bytes):
76
# Vertex Stride Data:
# (Int)    Offset
# (String) Type
0
VertexArray
12
NormalArray
24
TextureCoordArray
# Vertex Count:
272
# Vertex Buffer:
-1e-08, 0.06796155, 0.17131373
0.0, 0.72786647, 0.68568987
0.41870156, 0.53211489
1e-08, 0.06796156, -0.07674492
0.0, 0.72786647, -0.68568987
0.41870156, 0.0494628
-0.0019509, 0.0677694, -0.07674492
-0.14200263, 0.713889, -0.68568987
0.42249736, 0.0494628
-0.00195092, 0.0677694, 0.17131373
-0.14200263, 0.713889, 0.68568987
0.42249736, 0.53211489
-0.00382684, 0.06720035, -0.07674492
-0.27854243, 0.67247534, -0.68568987
0.42614752, 0.0494628
-0.00382686, 0.06720034, 0.17131373
-0.27854243, 0.67247534, 0.68568987
0.42614752, 0.53211489
-0.00555571, 0.06627624, -0.07674492
-0.40437025, 0.60521257, -0.68568987
0.42951146, 0.0494628
-0.00707108, 0.06503261, -0.07674492
-0.51469469, 0.51466417, -0.68568987
0.43245998, 0.0494628
-0.0070711, 0.0650326, 0.17131373
-0.51466417, 0.51466417, 0.68568987
0.43245998, 0.53211489
-0.00707108, 0.06503261, -0.07674492
-0.51469469, 0.51466417, -0.68568987
0.54523665, 0.0494628
-0.00831472, 0.06351724, -0.07674492
-0.60521257, 0.40437025, -0.68568987
0.54228812, 0.0494628
-0.00831474, 0.06351724, 0.17131373
-0.60521257, 0.40437025, 0.68568987
0.54228812, 0.53211489
-0.00923882, 0.06178836, -0.07674492
-0.67247534, 0.27854243, -0.68568987
0.53892416, 0.0494628
-0.00923884, 0.06178836, 0.17131373
-0.67247534, 0.27854243, 0.68568987
0.53892416, 0.53211489
-0.00980788, 0.05991243, -0.07674492
-0.71385843, 0.14200263, -0.68568987
0.53527421, 0.0494628
-0.0098079, 0.05991243, 0.17131373
-0.713889, 0.14200263, 0.68568987
0.53527421, 0.53211489
-0.01000002, 0.05796152, -0.07674492
-0.72786647, 0.0, -0.68568987
0.53147817, 0.0494628
-0.01000005, 0.05796152, 0.17131373
-0.72786647, 0.0, 0.68568987
0.53147817, 0.53211489
-0.00980788, 0.05601061, -0.07674492
-0.71385843, -0.14200263, -0.68568987
0.52768236, 0.0494628
-0.0098079, 0.05601061, 0.17131373
-0.71385843, -0.14200263, 0.68572038
0.52768236, 0.53211489
-0.00923882, 0.05413467, -0.07674492
-0.67247534, -0.27854243, -0.68568987
0.52403241, 0.0494628
-0.00923884, 0.05413467, 0.17131373
-0.67247534, -0.27854243, 0.68565935
0.52403241, 0.53211489
-0.00831472, 0.0524058, -0.07674492
-0.60521257, -0.40437025, -0.68568987
0.52066851, 0.0494628
-0.00831474, 0.0524058, 0.17131373
-0.60521257, -0.40437025, 0.68568987
0.52066851, 0.53211489
-0.00707108, 0.05089043, -0.07674492
-0.51466417, -0.51466417, -0.68568987
0.51771998, 0.0494628
-0.0070711, 0.05089043, 0.17131373
-0.51469469, -0.51466417, 0.68568987
0.51771998, 0.53211489
-0.00707108, 0.05089043, -0.07674492
-0.51466417, -0.51466417, -0.68568987
0.43245998, 0.0494628
-0.00555571, 0.04964679, -0.07674492
-0.40437025, -0.60521257, -0.68568987
0.42951146, 0.0494628
-0.00555573, 0.04964679, 0.17131373
-0.40437025, -0.60521257, 0.68568987
0.42951146, 0.53211489
-0.00382684, 0.04872269, -0.07674492
-0.27854243, -0.67247534, -0.68568987
0.42614752, 0.0494628
-0.00382686, 0.0487227, 0.17131373
-0.27851191, -0.67247534, 0.68568987
0.42614752, 0.53211489
-0.0019509, 0.04815363, -0.07674492
-0.14200263, -0.713889, -0.68568987
0.42249736, 0.0494628
-0.00195092, 0.04815364, 0.17131373
-0.14200263, -0.713889, 0.68568987
0.42249736, 0.53211489
1e-08, 0.04796148, -0.07674492
0.0, -0.72786647, -0.68568987
0.41870156, 0.0494628
-1e-08, 0.04796148, 0.17131373
0.0, -0.72786647, 0.68568987
0.41870156, 0.53211489
0.00195092, 0.04815364, -0.07674492
0.14200263, -0.713889, -0.68568987
0.41490561, 0.0494628
0.0019509, 0.04815364, 0.17131373
0.14200263, -0.713889, 0.68568987
0.41490561, 0.53211489
0.00382686, 0.0487227, -0.07674492
0.27854243, -0.67247534, -0.68568987
0.41125557, 0.0494628
0.00382684, 0.0487227, 0.17131373
0.27851191, -0.67247534, 0.68568987
0.41125557, 0.53211489
0.00555573, 0.04964679, -0.07674492
0.40440077, -0.60521257, -0.68568987
0.40789163, 0.0494628
0.00555571, 0.0496468, 0.17131373
0.40437025, -0.60521257, 0.68568987
0.40789163, 0.53211489
0.0070711, 0.05089043, -0.07674492
0.51469469, -0.51466417, -0.68568987
0.40494323, 0.0494628
0.00707108, 0.05089043, 0.17131373
0.51466417, -0.51466417, 0.68568987
0.40494323, 0.53211489
0.0070711, 0.05089043, -0.07674492
0.51469469, -0.51466417, -0.68568987
0.51771998, 0.0494628
0.00831473, 0.0524058, -0.07674492
0.60521257, -0.40437025, -0.68568987
0.52066851, 0.0494628
0.00831471, 0.0524058, 0.17131373
0.60521257, -0.40437025, 0.68568987
0.52066851, 0.53211489
0.00923883, 0.05413467, -0.07674492
0.67247534, -0.27854243, -0.68568987
0.52403241, 0.0494628
0.00923881, 0.05413468, 0.17131373
0.67244482, -0.27854243, 0.68568987
0.52403241, 0.53211489
0.00980789, 0.05601062, -0.07674492
0.713889, -0.14200263, -0.68568987
0.52768236, 0.0494628
0.00980787, 0.05601062, 0.17131373
0.713889, -0.14200263, 0.68568987
0.52768236, 0.53211489
0.01000004, 0.05796152, -0.07674492
0.72786647, 0.0, -0.68568987
0.53147817, 0.0494628
0.01000002, 0.05796152, 0.17131373
0.72786647, 0.0, 0.68568987
0.53147817, 0.53211489
0.00980789, 0.05991244, -0.07674492
0.71385843, 0.14200263, -0.68568987
0.53527421, 0.0494628
0.00980787, 0.05991244, 0.17131373
0.71385843, 0.14200263, 0.68572038
0.53527421, 0.53211489
0.00923883, 0.06178837, -0.07674492
0.67247534, 0.27854243, -0.68568987
0.53892416, 0.0494628
0.0092388, 0.06178837, 0.17131373
0.67247534, 0.27854243, 0.68568987
0.53892416, 0.53211489
0.00831472, 0.06351725, -0.07674492
0.60521257, 0.40437025, -0.68568987
0.54228812, 0.0494628
0.0083147, 0.06351724, 0.17131373
0.60521257, 0.40437025, 0.68568987
0.54228812, 0.53211489
0.00707109, 0.06503262, -0.07674492
0.51466417, 0.51469469, -0.68568987
0.54523665, 0.0494628
0.00707107, 0.06503262, 0.17131373
0.51469469, 0.51466417, 0.68565935
0.54523665, 0.53211489
0.00707109, 0.06503262, -0.07674492
0.51466417, 0.51469469, -0.68568987
0.40494323, 0.0494628
0.00555571, 0.06627624, -0.07674492
0.40437025, 0.60521257, -0.68568987
0.40789175, 0.0494628
0.00555569, 0.06627625, 0.17131373
0.40437025, 0.60521257, 0.68568987
0.40789175, 0.53211489
0.00382684, 0.06720035, -0.07674492
0.27854243, 0.67247534, -0.68568987
0.41125557, 0.0494628
0.00382682, 0.06720034, 0.17131373
0.27854243, 0.67247534, 0.68568987
0.41125557, 0.53211489
0.00382686, 0.0487227, -0.07674492
0.27854243, -0.67247534, -0.68568987
0.41125557, 0.10398602
-0.00923882, 0.05413467, -0.07674492
-0.67247534, -0.27854243, -0.68568987
0.43667772, 0.09345579
0.00923883, 0.06178837, -0.07674492
0.67247534, 0.27854243, -0.68568987
0.40072536, 0.07856405
0.00195088, 0.0677694, 0.17131373
0.14200263, 0.713889, 0.68568987
0.41490561, 0.53211489
0.0019509, 0.0677694, -0.07674492
0.14200263, 0.713889, -0.68568987
0.41490561, 0.0494628
-0.00195092, 0.04815364, 0.17131373
-0.14200263, -0.713889, 0.68568987
0.42249736, 0.10509336
0.0083147, 0.06351724, 0.17131373
0.60521257, 0.40437025, 0.68568987
0.40252343, 0.07520008
0.00195088, 0.0677694, 0.17131373
0.14200263, 0.713889, 0.68568987
0.41490561, 0.0669266
0.0, 0.05716501, -0.01000003
0.0, 0.68565935, -0.72786647
0.41870156, 0.0875597
0.0, -0.02362247, -0.01000003
0.0, -0.68568987, -0.72786647
0.41870156, 0.24474931
-0.00195091, -0.02362247, -0.00980788
-0.14200263, -0.68568987, -0.713889
0.42249736, 0.24474931
-0.00382685, -0.02362247, -0.00923882
-0.27854243, -0.68568987, -0.67247534
0.42614752, 0.24474931
-0.00382685, 0.05716501, -0.00923883
-0.27854243, 0.68568987, -0.67247534
0.42614752, 0.0875597
-0.00555572, -0.02362247, -0.00831472
-0.40437025, -0.68568987, -0.60521257
0.42951146, 0.24474931
-0.00555572, 0.05716501, -0.00831473
-0.40437025, 0.68568987, -0.60521257
0.42951146, 0.0875597
-0.00707109, -0.02362247, -0.00707109
-0.51466417, -0.68568987, -0.51466417
0.43245998, 0.24474931
-0.00707109, 0.05716501, -0.00707109
-0.51466417, 0.68568987, -0.51469469
0.43245998, 0.0875597
-0.00707109, -0.02362247, -0.00707109
-0.51466417, -0.68568987, -0.51466417
0.37273893, 0.1850282
-0.00831472, -0.02362247, -0.00555572
-0.60521257, -0.68568987, -0.40437025
0.37273893, 0.18797672
-0.00831472, 0.05716501, -0.00555572
-0.60521257, 0.68568987, -0.40437025
0.52992857, 0.18797672
-0.00923882, -0.02362247, -0.00382685
-0.67247534, -0.68568987, -0.27854243
0.37273893, 0.19134068
-0.00923882, 0.05716501, -0.00382685
-0.67247534, 0.68568987, -0.27854243
0.52992857, 0.19134068
-0.00980788, -0.02362247, -0.00195091
-0.713889, -0.68568987, -0.14200263
0.37273893, 0.19499087
-0.01000003, -0.02362247, 0.0
-0.72786647, -0.68568987, 0.0
0.37273893, 0.19878674
-0.01000003, 0.05716501, -0.0
-0.72786647, 0.68568987, 0.0
0.52992857, 0.19878674
-0.00980788, -0.02362247, 0.00195091
-0.713889, -0.68568987, 0.14200263
0.37273893, 0.2025826
-0.00980788, 0.05716501, 0.00195091
-0.713889, 0.68568987, 0.14200263
0.52992857, 0.2025826
-0.00923882, -0.02362247, 0.00382685
-0.67247534, -0.68568987, 0.27854243
0.37273893, 0.20623267
-0.00923882, 0.05716501, 0.00382684
-0.67247534, 0.68568987, 0.27854243
0.52992857, 0.20623267
-0.00831472, -0.02362247, 0.00555572
-0.60521257, -0.68568987, 0.40437025
0.37273893, 0.20959663
-0.00831472, 0.05716501, 0.00555572
-0.60521257, 0.68568987, 0.40437025
0.52992857, 0.20959651
-0.00707109, -0.02362247, 0.00707109
-0.51466417, -0.68568987, 0.51466417
0.37273893, 0.21254504
-0.00707109, 0.05716501, 0.00707109
-0.51466417, 0.68568987, 0.51469469
0.52992857, 0.21254504
-0.00707109, 0.05716501, 0.00707109
-0.51466417, 0.68568987, 0.51469469
0.43245998, 0.0875597
-0.00707109, -0.02362247, 0.00707109
-0.51466417, -0.68568987, 0.51466417
0.43245998, 0.24474931
-0.00555572, -0.02362247, 0.00831472
-0.40437025, -0.68568987, 0.60521257
0.42951146, 0.24474931
-0.00382685, -0.02362247, 0.00923883
-0.27854243, -0.68568987, 0.67247534
0.42614752, 0.24474931
-0.00382685, 0.05716501, 0.00923882
-0.27854243, 0.68568987, 0.67247534
0.42614752, 0.0875597
-0.00195091, -0.02362247, 0.00980789
-0.14200263, -0.68568987, 0.713889
0.42249736, 0.24474931
-0.00195091, 0.05716501, 0.00980788
-0.14200263, 0.68568987, 0.713889
0.42249736, 0.0875597
0.0, -0.02362247, 0.01000003
0.0, -0.68568987, 0.72786647
0.41870156, 0.24474931
0.0, 0.05716501, 0.01000003
0.0, 0.68568987, 0.72786647
0.41870156, 0.0875597
0.00195091, -0.02362247, 0.00980788
0.14200263, -0.68568987, 0.713889
0.41490561, 0.24474931
0.00195091, 0.05716501, 0.00980788
0.14200263, 0.68568987, 0.713889
0.41490561, 0.0875597
0.00382685, -0.02362247, 0.00923882
0.27854243, -0.68568987, 0.67247534
0.41125557, 0.24474931
0.00555572, -0.02362247, 0.00831472
0.40437025, -0.68568987, 0.60521257
0.40789163, 0.24474931
0.00555572, 0.05716501, 0.00831472
0.40437025, 0.68568987, 0.60521257
0.40789163, 0.0875597
0.00707109, -0.02362247, 0.00707109
0.51469469, -0.68568987, 0.51466417
0.40494323, 0.24474931
0.00707109, 0.05716501, 0.00707108
0.51466417, 0.68568987, 0.51469469
0.40494323, 0.0875597
0.00707109, -0.02362247, 0.00707109
0.51469469, -0.68568987, 0.51466417
0.37273893, 0.21254504
0.00831473, -0.02362247, 0.00555572
0.60521257, -0.68568987, 0.40437025
0.37273893, 0.20959651
0.00831473, 0.05716501, 0.00555571
0.60521257, 0.68568987, 0.40437025
0.52992857, 0.20959651
0.00923883, -0.02362247, 0.00382684
0.67247534, -0.68568987, 0.27854243
0.37273893, 0.20623267
0.00980788, -0.02362247, 0.0019509
0.713889, -0.68568987, 0.14200263
0.37273893, 0.2025826
0.00980788, 0.05716501, 0.0019509
0.713889, 0.68568987, 0.14200263
0.52992857, 0.2025826
0.01000003, -0.02362247, -1e-08
0.72786647, -0.68568987, 0.0
0.37273893, 0.19878674
0.01000003, 0.05716501, -1e-08
0.72786647, 0.68568987, 0.0
0.52992857, 0.19878674
0.00980788, -0.02362247, -0.00195092
0.713889, -0.68568987, -0.14200263
0.37273893, 0.19499087
0.00980788, 0.05716501, -0.00195092
0.713889, 0.68568987, -0.14200263
0.52992857, 0.19499063
0.00923882, -0.02362247, -0.00382685
0.67247534, -0.68568987, -0.27854243
0.37273893, 0.19134068
0.00831472, -0.02362247, -0.00555573
0.60521257, -0.68568987, -0.40437025
0.37273893, 0.18797672
0.00831472, 0.05716501, -0.00555573
0.60521257, 0.68568987, -0.40437025
0.52992857, 0.18797672
0.00707108, -0.02362247, -0.0070711
0.51466417, -0.68568987, -0.51469469
0.37273893, 0.1850282
0.00707108, 0.05716501, -0.0070711
0.51469469, 0.68568987, -0.51466417
0.52992857, 0.1850282
0.00707108, -0.02362247, -0.0070711
0.51466417, -0.68568987, -0.51469469
0.40494323, 0.24474931
0.00555571, -0.02362247, -0.00831473
0.40437025, -0.68568987, -0.60521257
0.40789175, 0.24474931
0.00555571, 0.05716501, -0.00831473
0.40437025, 0.68568987, -0.60521257
0.40789175, 0.0875597
0.00382683, -0.02362247, -0.00923883
0.27854243, -0.68568987, -0.67247534
0.41125557, 0.24474931
0.00382683, 0.05716501, -0.00923883
0.27854243, 0.68568987, -0.67247534
0.41125557, 0.0875597
0.00382685, -0.02362247, 0.00923882
0.27854243, -0.68568987, 0.67247534
0.41125557, 0.2167629
-0.00923882, -0.02362247, 0.00382685
-0.67247534, -0.68568987, 0.27854243
0.43667772, 0.20623267
-0.00382685, -0.02362247, -0.00923882
-0.27854243, -0.68568987, -0.67247534
0.42614752, 0.18081057
0.0019509, -0.02362247, -0.00980788
0.14200263, -0.68568987, -0.713889
0.41490561, 0.24474931
0.0019509, 0.05716501, -0.00980789
0.14200263, 0.68568987, -0.713889
0.41490561, 0.0875597
-0.00195091, 0.05716501, 0.00980788
-0.14200263, 0.68568987, 0.713889
0.42249736, 0.21787012
0.00980788, 0.05716501, 0.0019509
0.713889, 0.68568987, 0.14200263
0.39961818, 0.2025826
0.0019509, 0.05716501, -0.00980789
0.14200263, 0.68568987, -0.713889
0.41490561, 0.17970324
-0.00555573, 0.06627624, 0.17131373
-0.40437025, 0.60521257, 0.68568987
0.42951146, 0.53211489
-0.0070711, 0.0650326, 0.17131373
-0.51466417, 0.51466417, 0.68568987
0.54523665, 0.53211489
-0.0070711, 0.05089043, 0.17131373
-0.51469469, -0.51466417, 0.68568987
0.43245998, 0.53211489
0.00707108, 0.05089043, 0.17131373
0.51466417, -0.51466417, 0.68568987
0.51771998, 0.53211489
0.00707107, 0.06503262, 0.17131373
0.51469469, 0.51466417, 0.68565935
0.40494323, 0.53211489
-0.00382684, 0.06720035, -0.07674492
-0.27854243, 0.67247534, -0.68568987
0.42614752, 0.06803393
-0.0019509, 0.0677694, -0.07674492
-0.14200263, 0.713889, -0.68568987
0.42249736, 0.0669266
1e-08, 0.06796156, -0.07674492
0.0, 0.72786647, -0.68568987
0.41870156, 0.06655264
0.0019509, 0.0677694, -0.07674492
0.14200263, 0.713889, -0.68568987
0.41490561, 0.0669266
0.00382684, 0.06720035, -0.07674492
0.27854243, 0.67247534, -0.68568987
0.41125557, 0.06803393
0.00555571, 0.06627624, -0.07674492
0.40437025, 0.60521257, -0.68568987
0.40789175, 0.06983197
0.00707109, 0.06503262, -0.07674492
0.51466417, 0.51469469, -0.68568987
0.40494323, 0.07225156
0.00831472, 0.06351725, -0.07674492
0.60521257, 0.40437025, -0.68568987
0.40252343, 0.07520008
0.00980789, 0.05991244, -0.07674492
0.71385843, 0.14200263, -0.68568987
0.39961818, 0.082214
0.01000004, 0.05796152, -0.07674492
0.72786647, 0.0, -0.68568987
0.39924428, 0.0860101
0.00980789, 0.05601062, -0.07674492
0.713889, -0.14200263, -0.68568987
0.39961818, 0.08980584
0.00923883, 0.05413467, -0.07674492
0.67247534, -0.27854243, -0.68568987
0.40072536, 0.09345579
0.00831473, 0.0524058, -0.07674492
0.60521257, -0.40437025, -0.68568987
0.40252343, 0.09681976
0.0070711, 0.05089043, -0.07674492
0.51469469, -0.51466417, -0.68568987
0.40494323, 0.09976828
0.00555573, 0.04964679, -0.07674492
0.40440077, -0.60521257, -0.68568987
0.40789163, 0.10218787
0.00195092, 0.04815364, -0.07674492
0.14200263, -0.713889, -0.68568987
0.41490561, 0.10509336
-0.00382684, 0.04872269, -0.07674492
-0.27854243, -0.67247534, -0.68568987
0.42614752, 0.10398602
1e-08, 0.04796148, -0.07674492
0.0, -0.72786647, -0.68568987
0.41870156, 0.1054672
-0.0019509, 0.04815363, -0.07674492
-0.14200263, -0.713889, -0.68568987
0.42249736, 0.10509336
-0.00555571, 0.04964679, -0.07674492
-0.40437025, -0.60521257, -0.68568987
0.42951146, 0.10218787
-0.00707108, 0.05089043, -0.07674492
-0.51466417, -0.51466417, -0.68568987
0.43245998, 0.09976828
-0.00831472, 0.0524058, -0.07674492
-0.60521257, -0.40437025, -0.68568987
0.43487966, 0.09681976
-0.00980788, 0.05601061, -0.07674492
-0.71385843, -0.14200263, -0.68568987
0.43778479, 0.08980584
-0.01000002, 0.05796152, -0.07674492
-0.72786647, 0.0, -0.68568987
0.43815869, 0.0860101
-0.00980788, 0.05991243, -0.07674492
-0.71385843, 0.14200263, -0.68568987
0.43778479, 0.082214
-0.00923882, 0.06178836, -0.07674492
-0.67247534, 0.27854243, -0.68568987
0.43667772, 0.07856405
-0.00831472, 0.06351724, -0.07674492
-0.60521257, 0.40437025, -0.68568987
0.43487966, 0.07520008
-0.00707108, 0.06503261, -0.07674492
-0.51469469, 0.51466417, -0.68568987
0.43245998, 0.07225156
-0.00555571, 0.06627624, -0.07674492
-0.40437025, 0.60521257, -0.68568987
0.42951146, 0.06983197
-1e-08, 0.06796155, 0.17131373
0.0, 0.72786647, 0.68568987
0.41870156, 0.06655264
-0.00195092, 0.0677694, 0.17131373
-0.14200263, 0.713889, 0.68568987
0.42249736, 0.0669266
-0.00382686, 0.06720034, 0.17131373
-0.27854243, 0.67247534, 0.68568987
0.42614752, 0.06803393
-0.00555573, 0.06627624, 0.17131373
-0.40437025, 0.60521257, 0.68568987
0.42951146, 0.06983197
-0.0070711, 0.0650326, 0.17131373
-0.51466417, 0.51466417, 0.68568987
0.43245998, 0.07225156
-0.0098079, 0.05991243, 0.17131373
-0.713889, 0.14200263, 0.68568987
0.43778479, 0.082214
-0.00831474, 0.06351724, 0.17131373
-0.60521257, 0.40437025, 0.68568987
0.43487966, 0.07520008
-0.00923884, 0.06178836, 0.17131373
-0.67247534, 0.27854243, 0.68568987
0.43667772, 0.07856405
-0.01000005, 0.05796152, 0.17131373
-0.72786647, 0.0, 0.68568987
0.43815869, 0.0860101
-0.0098079, 0.05601061, 0.17131373
-0.71385843, -0.14200263, 0.68572038
0.43778479, 0.08980584
-0.00923884, 0.05413467, 0.17131373
-0.67247534, -0.27854243, 0.68565935
0.43667772, 0.09345579
-0.00831474, 0.0524058, 0.17131373
-0.60521257, -0.40437025, 0.68568987
0.43487966, 0.09681976
-0.0070711, 0.05089043, 0.17131373
-0.51469469, -0.51466417, 0.68568987
0.43245998, 0.09976828
-0.00555573, 0.04964679, 0.17131373
-0.40437025, -0.60521257, 0.68568987
0.42951146, 0.10218787
-0.00382686, 0.0487227, 0.17131373
-0.27851191, -0.67247534, 0.68568987
0.42614752, 0.10398602
-1e-08, 0.04796148, 0.17131373
0.0, -0.72786647, 0.68568987
0.41870156, 0.1054672
0.0019509, 0.04815364, 0.17131373
0.14200263, -0.713889, 0.68568987
0.41490561, 0.10509336
0.00382684, 0.0487227, 0.17131373
0.27851191, -0.67247534, 0.68568987
0.41125557, 0.10398602
0.00555571, 0.0496468, 0.17131373
0.40437025, -0.60521257, 0.68568987
0.40789163, 0.10218787
0.00707108, 0.05089043, 0.17131373
0.51466417, -0.51466417, 0.68568987
0.40494323, 0.09976828
0.00831471, 0.0524058, 0.17131373
0.60521257, -0.40437025, 0.68568987
0.40252343, 0.09681976
0.00923881, 0.05413468, 0.17131373
0.67244482, -0.27854243, 0.68568987
0.40072536, 0.09345579
0.00980787, 0.05601062, 0.17131373
0.713889, -0.14200263, 0.68568987
0.39961818, 0.08980584
0.01000002, 0.05796152, 0.17131373
0.72786647, 0.0, 0.68568987
0.39924428, 0.0860101
0.00980787, 0.05991244, 0.17131373
0.71385843, 0.14200263, 0.68572038
0.39961818, 0.082214
0.0092388, 0.06178837, 0.17131373
0.67247534, 0.27854243, 0.68568987
0.40072536, 0.07856405
0.00707107, 0.06503262, 0.17131373
0.51469469, 0.51466417, 0.68565935
0.40494323, 0.07225156
0.00555569, 0.06627625, 0.17131373
0.40437025, 0.60521257, 0.68568987
0.40789175, 0.06983173
0.00382682, 0.06720034, 0.17131373
0.27854243, 0.67247534, 0.68568987
0.41125557, 0.06803393
-0.00195091, 0.05716501, -0.00980789
-0.14200263, 0.68568987, -0.713889
0.42249736, 0.0875597
-0.00707109, 0.05716501, -0.00707109
-0.51466417, 0.68568987, -0.51469469
0.52992857, 0.1850282
-0.00980788, 0.05716501, -0.00195091
-0.713889, 0.68568987, -0.14200263
0.52992857, 0.19499087
-0.00555572, 0.05716501, 0.00831472
-0.40437025, 0.68568987, 0.60521257
0.42951146, 0.0875597
0.00382685, 0.05716501, 0.00923882
0.27854243, 0.68568987, 0.67247534
0.41125557, 0.0875597
0.00707109, 0.05716501, 0.00707108
0.51466417, 0.68568987, 0.51469469
0.52992857, 0.21254504
0.00923883, 0.05716501, 0.00382684
0.67247534, 0.68568987, 0.27854243
0.52992857, 0.20623267
0.00923882, 0.05716501, -0.00382686
0.67247534, 0.68568987, -0.27854243
0.52992857, 0.19134068
0.00707108, 0.05716501, -0.0070711
0.51469469, 0.68568987, -0.51466417
0.40494323, 0.0875597
-0.00195091, -0.02362247, -0.00980788
-0.14200263, -0.68568987, -0.713889
0.42249736, 0.17970347
0.0, -0.02362247, -0.01000003
0.0, -0.68568987, -0.72786647
0.41870156, 0.17932951
0.0019509, -0.02362247, -0.00980788
0.14200263, -0.68568987, -0.713889
0.41490561, 0.17970347
0.00382683, -0.02362247, -0.00923883
0.27854243, -0.68568987, -0.67247534
0.41125557, 0.18081057
0.00555571, -0.02362247, -0.00831473
0.40437025, -0.68568987, -0.60521257
0.40789175, 0.1826086
0.00923882, -0.02362247, -0.00382685
0.67247534, -0.68568987, -0.27854243
0.40072536, 0.19134068
0.00707108, -0.02362247, -0.0070711
0.51466417, -0.68568987, -0.51469469
0.40494323, 0.1850282
0.00831472, -0.02362247, -0.00555573
0.60521257, -0.68568987, -0.40437025
0.40252343, 0.18797672
0.00980788, -0.02362247, -0.00195092
0.713889, -0.68568987, -0.14200263
0.39961818, 0.19499087
0.01000003, -0.02362247, -1e-08
0.72786647, -0.68568987, 0.0
0.39924428, 0.19878674
0.00980788, -0.02362247, 0.0019509
0.713889, -0.68568987, 0.14200263
0.39961818, 0.2025826
0.00923883, -0.02362247, 0.00382684
0.67247534, -0.68568987, 0.27854243
0.40072536, 0.20623267
0.00831473, -0.02362247, 0.00555572
0.60521257, -0.68568987, 0.40437025
0.40252343, 0.20959651
0.00707109, -0.02362247, 0.00707109
0.51469469, -0.68568987, 0.51466417
0.40494323, 0.21254504
0.00555572, -0.02362247, 0.00831472
0.40437025, -0.68568987, 0.60521257
0.40789163, 0.21496475
0.00195091, -0.02362247, 0.00980788
0.14200263, -0.68568987, 0.713889
0.41490561, 0.21787012
0.0, -0.02362247, 0.01000003
0.0, -0.68568987, 0.72786647
0.41870156, 0.21824396
-0.00195091, -0.02362247, 0.00980789
-0.14200263, -0.68568987, 0.713889
0.42249736, 0.21787012
-0.00382685, -0.02362247, 0.00923883
-0.27854243, -0.68568987, 0.67247534
0.42614752, 0.2167629
-0.00555572, -0.02362247, 0.00831472
-0.40437025, -0.68568987, 0.60521257
0.42951146, 0.21496475
-0.00707109, -0.02362247, 0.00707109
-0.51466417, -0.68568987, 0.51466417
0.43245998, 0.21254504
-0.00831472, -0.02362247, 0.00555572
-0.60521257, -0.68568987, 0.40437025
0.43487966, 0.20959663
-0.00980788, -0.02362247, 0.00195091
-0.713889, -0.68568987, 0.14200263
0.43778479, 0.2025826
-0.01000003, -0.02362247, 0.0
-0.72786647, -0.68568987, 0.0
0.43815869, 0.19878674
-0.00980788, -0.02362247, -0.00195091
-0.713889, -0.68568987, -0.14200263
0.43778479, 0.19499087
-0.00923882, -0.02362247, -0.00382685
-0.67247534, -0.68568987, -0.27854243
0.43667772, 0.19134068
-0.00831472, -0.02362247, -0.00555572
-0.60521257, -0.68568987, -0.40437025
0.43487966, 0.18797672
-0.00707109, -0.02362247, -0.00707109
-0.51466417, -0.68568987, -0.51466417
0.43245998, 0.1850282
-0.00555572, -0.02362247, -0.00831472
-0.40437025, -0.68568987, -0.60521257
0.42951146, 0.1826086
0.0, 0.05716501, -0.01000003
0.0, 0.68565935, -0.72786647
0.41870156, 0.17932951
-0.00195091, 0.05716501, -0.00980789
-0.14200263, 0.68568987, -0.713889
0.42249736, 0.17970324
-0.00382685, 0.05716501, -0.00923883
-0.27854243, 0.68568987, -0.67247534
0.42614752, 0.18081057
-0.00555572, 0.05716501, -0.00831473
-0.40437025, 0.68568987, -0.60521257
0.42951146, 0.1826086
-0.00707109, 0.05716501, -0.00707109
-0.51466417, 0.68568987, -0.51469469
0.43245998, 0.1850282
-0.00980788, 0.05716501, -0.00195091
-0.713889, 0.68568987, -0.14200263
0.43778479, 0.19499087
-0.00831472, 0.05716501, -0.00555572
-0.60521257, 0.68568987, -0.40437025
0.43487966, 0.18797672
-0.00923882, 0.05716501, -0.00382685
-0.67247534, 0.68568987, -0.27854243
0.43667772, 0.19134068
-0.01000003, 0.05716501, -0.0
-0.72786647, 0.68568987, 0.0
0.43815869, 0.19878674
-0.00980788, 0.05716501, 0.00195091
-0.713889, 0.68568987, 0.14200263
0.43778479, 0.2025826
-0.00923882, 0.05716501, 0.00382684
-0.67247534, 0.68568987, 0.27854243
0.43667772, 0.20623267
-0.00831472, 0.05716501, 0.00555572
-0.60521257, 0.68568987, 0.40437025
0.43487966, 0.20959651
-0.00707109, 0.05716501, 0.00707109
-0.51466417, 0.68568987, 0.51469469
0.43245998, 0.21254504
-0.00555572, 0.05716501, 0.00831472
-0.40437025, 0.68568987, 0.60521257
0.42951146, 0.21496475
-0.00382685, 0.05716501, 0.00923882
-0.27854243, 0.68568987, 0.67247534
0.42614752, 0.2167629
0.0, 0.05716501, 0.01000003
0.0, 0.68568987, 0.72786647
0.41870156, 0.21824396
0.00195091, 0.05716501, 0.00980788
0.14200263, 0.68568987, 0.713889
0.41490561, 0.21787012
0.00382685, 0.05716501, 0.00923882
0.27854243, 0.68568987, 0.67247534
0.41125557, 0.2167629
0.00555572, 0.05716501, 0.00831472
0.40437025, 0.68568987, 0.60521257
0.40789163, 0.21496475
0.00707109, 0.05716501, 0.00707108
0.51466417, 0.68568987, 0.51469469
0.40494323, 0.21254504
0.00831473, 0.05716501, 0.00555571
0.60521257, 0.68568987, 0.40437025
0.40252343, 0.20959651
0.00923883, 0.05716501, 0.00382684
0.67247534, 0.68568987, 0.27854243
0.40072536, 0.20623267
0.01000003, 0.05716501, -1e-08
0.72786647, 0.68568987, 0.0
0.39924428, 0.19878674
0.00980788, 0.05716501, -0.00195092
0.713889, 0.68568987, -0.14200263
0.39961818, 0.19499063
0.00923882, 0.05716501, -0.00382686
0.67247534, 0.68568987, -0.27854243
0.40072536, 0.19134068
0.00831472, 0.05716501, -0.00555573
0.60521257, 0.68568987, -0.40437025
0.40252343, 0.18797672
0.00707108, 0.05716501, -0.0070711
0.51469469, 0.68568987, -0.51466417
0.40494323, 0.1850282
0.00555571, 0.05716501, -0.00831473
0.40437025, 0.68568987, -0.60521257
0.40789175, 0.1826086
0.00382683, 0.05716501, -0.00923883
0.27854243, 0.68568987, -0.67247534
0.41125557, 0.18081057
# Number of Faces:
248
# Face Data:
0, 1, 2
3, 2, 4
5, 4, 6
6, 7, 8
9, 10, 11
10, 12, 13
12, 14, 15
14, 16, 17
16, 18, 19
18, 20, 21
20, 22, 23
22, 24, 25
26, 27, 28
27, 29, 30
29, 31, 32
31, 33, 34
33, 35, 36
35, 37, 38
37, 39, 40
39, 41, 42
43, 44, 45
44, 46, 47
46, 48, 49
48, 50, 51
50, 52, 53
52, 54, 55
54, 56, 57
56, 58, 59
60, 61, 62
61, 63, 64
65, 66, 67
68, 69, 1
63, 69, 68
70, 71, 72
73, 74, 75
75, 76, 77
76, 78, 79
78, 80, 81
82, 83, 84
83, 85, 86
86, 85, 87
87, 88, 89
88, 90, 91
90, 92, 93
92, 94, 95
94, 96, 97
98, 99, 100
100, 101, 102
101, 103, 104
103, 105, 106
106, 105, 107
108, 107, 109
109, 110, 111
110, 112, 113
114, 115, 116
116, 115, 117
117, 118, 119
118, 120, 121
120, 122, 123
123, 122, 124
124, 125, 126
125, 127, 128
129, 130, 131
130, 132, 133
134, 135, 136
137, 74, 73
132, 137, 138
139, 140, 141
3, 0, 2
5, 3, 4
142, 5, 6
142, 6, 8
143, 9, 11
11, 10, 13
13, 12, 15
15, 14, 17
17, 16, 19
19, 18, 21
21, 20, 23
23, 22, 25
144, 26, 28
28, 27, 30
30, 29, 32
32, 31, 34
34, 33, 36
36, 35, 38
38, 37, 40
40, 39, 42
145, 43, 45
45, 44, 47
47, 46, 49
49, 48, 51
51, 50, 53
53, 52, 55
55, 54, 57
57, 56, 59
146, 60, 62
62, 61, 64
147, 148, 149
149, 150, 147
151, 152, 67
153, 154, 67
67, 155, 156
156, 157, 158
158, 159, 160
160, 161, 65
65, 162, 163
164, 165, 163
163, 166, 167
167, 168, 66
66, 169, 170
170, 171, 172
172, 173, 174
174, 175, 147
147, 150, 151
152, 153, 67
67, 156, 65
158, 160, 65
162, 164, 163
163, 167, 65
66, 170, 172
172, 174, 66
147, 151, 67
156, 158, 65
65, 167, 66
66, 174, 147
147, 67, 66
0, 68, 1
64, 63, 68
72, 176, 177
177, 178, 72
179, 180, 181
182, 183, 181
181, 184, 185
185, 186, 181
187, 188, 70
189, 190, 70
70, 191, 192
192, 193, 194
194, 195, 196
196, 197, 194
198, 199, 200
200, 201, 198
71, 202, 203
203, 204, 71
72, 178, 179
180, 182, 181
181, 186, 187
188, 189, 70
70, 192, 198
194, 197, 198
198, 201, 71
71, 204, 72
72, 179, 70
181, 187, 70
192, 194, 198
198, 71, 70
179, 181, 70
205, 73, 75
205, 75, 77
77, 76, 79
79, 78, 81
206, 82, 84
84, 83, 86
207, 86, 87
207, 87, 89
89, 88, 91
91, 90, 93
93, 92, 95
95, 94, 97
208, 98, 100
208, 100, 102
102, 101, 104
104, 103, 106
108, 106, 107
209, 108, 109
209, 109, 111
111, 110, 113
210, 114, 116
211, 116, 117
211, 117, 119
119, 118, 121
121, 120, 123
212, 123, 124
212, 124, 126
126, 125, 128
213, 129, 131
131, 130, 133
136, 214, 215
215, 216, 217
217, 218, 219
220, 221, 219
219, 222, 223
223, 224, 225
225, 226, 134
227, 228, 134
134, 229, 230
230, 231, 232
232, 233, 135
234, 235, 135
135, 236, 237
237, 238, 239
239, 240, 241
241, 242, 136
136, 215, 219
218, 220, 219
219, 223, 134
226, 227, 134
134, 230, 135
233, 234, 135
135, 237, 239
239, 241, 135
215, 217, 219
223, 225, 134
230, 232, 135
135, 241, 136
136, 219, 134
138, 137, 73
133, 132, 138
141, 243, 244
244, 245, 141
246, 247, 248
249, 250, 248
248, 251, 252
252, 253, 254
254, 255, 139
256, 257, 139
139, 258, 259
259, 260, 139
261, 262, 263
263, 264, 140
140, 265, 266
266, 267, 140
268, 269, 270
270, 271, 141
141, 245, 246
247, 249, 248
248, 252, 139
255, 256, 139
139, 260, 261
261, 263, 139
140, 267, 268
268, 270, 140
141, 246, 139
252, 254, 139
139, 263, 140
140, 270, 141
246, 248, 139
