# Project Zomboid Skinned Mesh
# File Version:
1.0
# Model Name:
Spear
# Vertex Stride Element Count:
3
# Vertex Stride Size (in bytes):
76
# Vertex Stride Data:
# (Int)    Offset
# (String) Type
0
VertexArray
12
NormalArray
24
TextureCoordArray
# Vertex Count:
123
# Vertex Buffer:
-0.00861295, 0.64082742, -0.00015774
-0.77636033, 0.63023776, 0.0
0.73473841, 0.09037614
-0.00609009, 0.64082742, -0.00624845
-0.54896694, 0.63023776, -0.54896694
0.74344945, 0.09037614
-0.00609006, -0.17471042, -0.00624845
-0.54896694, -0.63023776, -0.54896694
0.74344945, 0.67356789
-0.00609009, 0.64082742, -0.00624845
-0.54896694, 0.63023776, -0.54896694
0.79891539, 0.09037614
6.1e-07, 0.64082742, -0.0087713
0.0, 0.63023776, -0.77636033
0.79020452, 0.09037614
6.5e-07, -0.17471042, -0.0087713
0.0, -0.63023776, -0.77636033
0.79020452, 0.67356789
0.00609132, 0.64082742, -0.00624845
0.54896694, 0.63023776, -0.54896694
0.78149354, 0.09037614
0.00609136, -0.17471042, -0.00624845
0.54896694, -0.63023776, -0.54896694
0.78149354, 0.67356789
0.00609132, 0.64082742, -0.00624845
0.54896694, 0.63023776, -0.54896694
0.74344945, 0.09037614
0.00861418, 0.64082742, -0.00015774
0.77636033, 0.63023776, 0.0
0.73473841, 0.09037614
0.00861422, -0.17471042, -0.00015774
0.77636033, -0.63023776, 0.0
0.73473841, 0.67356789
0.00609132, 0.64082742, 0.00593296
0.54896694, 0.63023776, 0.54896694
0.72602755, 0.09037614
0.00609136, -0.17471042, 0.00593296
0.54896694, -0.63023776, 0.54896694
0.72602755, 0.67356789
0.00609132, 0.64082742, 0.00593296
0.54896694, 0.63023776, 0.54896694
0.78149354, 0.09037614
6.1e-07, 0.64082742, 0.00845582
0.0, 0.63023776, 0.77636033
0.79020452, 0.09037614
6.5e-07, -0.17471042, 0.00845582
0.0, -0.63023776, 0.77636033
0.79020452, 0.67356789
0.00609132, 0.64082742, 0.00593296
0.54896694, 0.63023776, 0.54896694
0.72602755, 0.64994788
0.00861418, 0.64082742, -0.00015774
0.77636033, 0.63023776, 0.0
0.73473841, 0.65175191
6.1e-07, 0.64082742, -0.0087713
0.0, 0.63023776, -0.77636033
0.74705756, 0.64559239
-0.00609009, 0.64082742, 0.00593296
-0.54896694, 0.63023776, 0.54896694
0.72602755, 0.09037614
-0.00861292, -0.17471042, -0.00015774
-0.77636033, -0.63023776, 0.0
0.73473841, 0.67356789
-0.00609009, 0.64082742, 0.00593296
-0.54896694, 0.63023776, 0.54896694
0.79891539, 0.09037614
-0.00609006, -0.17471042, 0.00593296
-0.54896694, -0.63023776, 0.54896694
0.79891539, 0.67356789
0.00609136, -0.17471042, -0.00624845
0.54896694, -0.63023776, -0.54896694
0.74344945, 0.64994788
0.00609136, -0.17471042, 0.00593296
0.54896694, -0.63023776, 0.54896694
0.72602755, 0.64994788
-0.00609006, -0.17471042, 0.00593296
-0.54896694, -0.63023776, 0.54896694
0.72602755, 0.64123693
0.00505072, 0.67920852, 0.00657492
0.83333844, 0.03210547, 0.5518052
0.57100064, 0.05630863
0.00609679, 0.67920852, -0.00021916
0.9947508, 0.10211493, 0.0
0.57126534, 0.04985309
0.00474494, 0.70497411, -0.00021916
0.99978638, 0.01931822, 0.0
0.52230191, 0.0493511
0.00011994, 0.65664279, -0.01124201
0.0, 0.04516739, -0.99896234
0.6156522, 0.01361489
-0.00767439, 0.65664279, -0.00801348
-0.71681875, 0.07596057, -0.69307536
0.61595589, 0.0062089
-0.00481085, 0.67920852, -0.00701324
-0.83333844, 0.03210547, -0.5518052
0.57296157, 0.00849009
-0.01090198, 0.62859851, -0.00021916
-0.77636033, -0.63026828, 0.0
0.6674419, 0.05083907
-0.01090291, 0.65664279, -0.00021916
-0.99426252, 0.10693686, 0.0
0.61414808, 0.05029261
-0.00767439, 0.65664279, -0.00801348
-0.71681875, 0.07596057, -0.69307536
0.61445177, 0.04288673
0.00011994, 0.67920852, 0.00938913
0.0, -0.05404828, 0.9985351
0.57276946, 0.01317525
0.00505072, 0.67920852, 0.00657492
0.83333844, 0.03210547, 0.5518052
0.57257736, 0.01786029
0.00461164, 0.70497411, 0.01092792
0.91207618, -0.03103732, 0.40879545
0.52363104, 0.01694107
0.00011994, 0.67920852, -0.00982744
0.0, -0.05404828, -0.9985351
0.57276946, 0.01317525
0.00505072, 0.67920852, -0.00701324
0.83333844, 0.03210547, -0.5518052
0.57257736, 0.01786029
0.00011994, 0.62859851, -0.01124107
0.0, -0.63026828, -0.77636033
0.66894609, 0.01416123
0.00011993, 0.70497411, -0.01598351
0.0, -0.08972442, -0.99594104
0.52380604, 0.01267314
0.00461164, 0.70497411, -0.01136623
0.91207618, -0.03103732, -0.40879545
0.52363104, 0.01694107
0.00791427, 0.65664279, -0.00801348
0.71681875, 0.07596057, -0.69307536
0.61445177, 0.04288673
0.00505072, 0.67920852, -0.00701324
0.83333844, 0.03210547, -0.5518052
0.5715301, 0.04339743
0.00791427, 0.65664279, -0.00801348
0.71681875, 0.07596057, -0.69307536
0.61534846, 0.02102077
0.00791361, 0.62859851, -0.00801283
0.54896694, -0.63026828, -0.54896694
0.66864234, 0.02156651
-0.00437177, 0.70497411, -0.01136623
-0.91207618, -0.03103732, -0.40879545
0.52398109, 0.00840533
0.00791427, 0.65664279, 0.00757517
0.71681875, 0.07596057, 0.69307536
0.61384434, 0.05769861
0.01114279, 0.65664279, -0.00021916
0.99426252, 0.10693686, 0.0
0.61414808, 0.05029261
0.01114185, 0.62859851, -0.00021916
0.77636033, -0.63026828, 0.0
0.6674419, 0.05083907
-0.00437177, 0.70497411, -0.01136623
-0.91207618, -0.03103732, -0.40879545
0.52273625, 0.03875935
-0.00365887, 0.74654436, -0.01007943
-0.92361218, 0.06488235, -0.3777276
0.44368821, 0.03917217
0.00011993, 0.74654436, -0.0141637
0.0, 0.11770989, -0.99304175
0.44384736, 0.03529143
0.00011994, 0.65664279, 0.01080369
0.0, 0.04516739, 0.99896234
0.6156522, 0.01361489
0.00791427, 0.65664279, 0.00757517
0.71681875, 0.07596057, 0.69307536
0.61534846, 0.02102077
-0.00767439, 0.65664279, 0.00757517
-0.71681875, 0.07596057, 0.69307536
0.61384434, 0.05769861
-0.00481085, 0.67920852, 0.00657492
-0.83333844, 0.03210547, 0.5518052
0.57100064, 0.05630863
-0.00585692, 0.67920852, -0.00021916
-0.9947508, 0.10211493, 0.0
0.57126534, 0.04985309
-0.00481085, 0.67920852, -0.00701324
-0.83333844, 0.03210547, -0.5518052
0.5715301, 0.04339743
-0.00450508, 0.70497411, -0.00021916
-0.99978638, 0.01931822, 0.0
0.52230191, 0.04935098
0.00791361, 0.62859851, 0.00757451
0.54896694, -0.63026828, 0.54896694
0.66864234, 0.02156651
-0.00481085, 0.67920852, 0.00657492
-0.83333844, 0.03210547, 0.5518052
0.57296157, 0.00849009
0.00011994, 0.62859851, 0.01080276
0.0, -0.63026828, 0.77636033
0.66894609, 0.01416123
-0.00767439, 0.65664279, 0.00757517
-0.71681875, 0.07596057, 0.69307536
0.61595589, 0.0062089
0.00461164, 0.70497411, -0.01136623
0.91207618, -0.03103732, -0.40879545
0.52273625, 0.03875935
0.00791361, 0.62859851, -0.00801283
0.54896694, -0.63026828, -0.54896694
0.692029, 0.04368269
0.00791361, 0.62859851, 0.00757451
0.54896694, -0.63026828, 0.54896694
0.69142169, 0.05849338
-0.00767373, 0.62859851, 0.00757451
-0.54896694, -0.63026828, 0.54896694
0.66180032, 0.05818963
0.00011993, 0.70497411, 0.0155452
0.0, -0.08972442, 0.99594104
0.52380604, 0.01267314
-0.00437177, 0.70497411, 0.01092792
-0.91207618, -0.03103732, 0.40879545
0.52398109, 0.00840533
-0.00437177, 0.70497411, 0.01092792
-0.91207618, -0.03103732, 0.40879545
0.52186757, 0.05994272
0.00011993, 0.70497411, 0.0155452
0.0, -0.08972442, 0.99594104
0.52168763, 0.06432986
0.00011993, 0.74654436, 0.01372538
0.0, 0.11770989, 0.99304175
0.44276065, 0.06179082
0.00011993, 0.70497411, -0.01598351
0.0, -0.08972442, -0.99594104
0.5229162, 0.03437221
-0.00365887, 0.74654436, 0.00964112
-0.92361218, 0.06488235, 0.3777276
0.44291979, 0.05791008
0.00389873, 0.74654436, -0.01007943
0.92361218, 0.06488235, -0.3777276
0.44368821, 0.03917217
0.00401088, 0.74654436, -0.00021916
0.99932861, 0.03634755, 0.0
0.443304, 0.04854119
0.00389873, 0.74654436, 0.00964112
0.92361218, 0.06488235, 0.3777276
0.44291979, 0.05791008
-0.00377101, 0.74654436, -0.00021916
-0.99932861, 0.03634755, 0.0
0.443304, 0.04854119
0.00461164, 0.70497411, 0.01092792
0.91207618, -0.03103732, 0.40879545
0.52186757, 0.05994272
0.00011993, 0.81711936, -0.00021916
0.0, 1.0, 0.0
0.30918705, 0.04716611
-0.00463148, 0.6689077, 0.02208944
-0.8164922, 0.0, 0.57734919
0.58997124, 0.07125068
-0.00463149, 0.6689077, -0.02208944
-0.8164922, 0.0, -0.57731867
0.59169269, 0.02927315
-1.567e-05, 0.66429186, -0.02208944
0.0, -0.8164922, -0.57734919
0.60046446, 0.02936316
0.00460014, 0.6689077, -0.02208944
0.8164922, 0.0, -0.57734919
0.59169269, 0.02927315
0.00460014, 0.6689077, 0.02208944
0.8164922, 0.0, 0.57734919
0.58997124, 0.07125068
-0.00463149, 0.6689077, -0.02208944
-0.8164922, 0.0, -0.57731867
0.59252977, 0.00886118
-1.567e-05, 0.67352355, -0.02208949
0.0, 0.8164922, -0.57734919
0.58357823, 0.01315713
0.00460014, 0.6689077, -0.02208944
0.8164922, 0.0, -0.57734919
0.59217006, 0.01763284
-1.567e-05, 0.67352355, 0.02208944
0.0, 0.8164922, 0.57734919
0.58119959, 0.07116079
-1.567e-05, 0.67352355, -0.02208949
0.0, 0.8164922, -0.57734919
0.58292097, 0.02918315
-0.00463148, 0.6689077, 0.02208944
-0.8164922, 0.0, 0.57734919
0.59252977, 0.00886118
-1.567e-05, 0.66429186, 0.02208949
0.0, -0.8164922, 0.57734919
0.60112172, 0.01333702
0.00460014, 0.6689077, 0.02208944
0.8164922, 0.0, 0.57734919
0.59217006, 0.01763284
-0.00609006, -0.17471042, -0.00624845
-0.54896694, -0.63023776, -0.54896694
0.79891539, 0.67356789
0.00609136, -0.17471042, -0.00624845
0.54896694, -0.63023776, -0.54896694
0.74344945, 0.67356789
0.00609136, -0.17471042, 0.00593296
0.54896694, -0.63023776, 0.54896694
0.78149354, 0.67356789
-0.00609009, 0.64082742, -0.00624845
-0.54896694, 0.63023776, -0.54896694
0.74344945, 0.64123693
-0.00861295, 0.64082742, -0.00015774
-0.77636033, 0.63023776, 0.0
0.73473841, 0.63943282
-0.00609009, 0.64082742, 0.00593296
-0.54896694, 0.63023776, 0.54896694
0.72602755, 0.64123693
6.1e-07, 0.64082742, 0.00845582
0.0, 0.63023776, 0.77636033
0.72241938, 0.64559239
0.00609132, 0.64082742, -0.00624845
0.54896694, 0.63023776, -0.54896694
0.74344945, 0.64994788
-0.00609006, -0.17471042, 0.00593296
-0.54896694, -0.63023776, 0.54896694
0.72602755, 0.67356789
-0.00861292, -0.17471042, -0.00015774
-0.77636033, -0.63023776, 0.0
0.73473841, 0.63943282
-0.00609006, -0.17471042, -0.00624845
-0.54896694, -0.63023776, -0.54896694
0.74344945, 0.64123693
6.5e-07, -0.17471042, -0.0087713
0.0, -0.63023776, -0.77636033
0.74705756, 0.64559239
0.00861422, -0.17471042, -0.00015774
0.77636033, -0.63023776, 0.0
0.73473841, 0.65175191
6.5e-07, -0.17471042, 0.00845582
0.0, -0.63023776, 0.77636033
0.72241938, 0.64559239
-0.00767373, 0.62859851, -0.00801283
-0.54896694, -0.63026828, -0.54896694
0.66774559, 0.04343367
-0.00767373, 0.62859851, -0.00801283
-0.54896694, -0.63026828, -0.54896694
0.66924971, 0.00675583
0.00791361, 0.62859851, -0.00801283
0.54896694, -0.63026828, -0.54896694
0.66774559, 0.04343367
0.00791361, 0.62859851, 0.00757451
0.54896694, -0.63026828, 0.54896694
0.66713828, 0.05824435
-0.00767373, 0.62859851, 0.00757451
-0.54896694, -0.63026828, 0.54896694
0.66713828, 0.05824435
-0.00767373, 0.62859851, 0.00757451
-0.54896694, -0.63026828, 0.54896694
0.66924971, 0.00675583
-0.01090198, 0.62859851, -0.00021916
-0.77636033, -0.63026828, 0.0
0.6559692, 0.05072141
-0.00767373, 0.62859851, -0.00801283
-0.54896694, -0.63026828, -0.54896694
0.6624077, 0.04337895
0.00011994, 0.62859851, -0.01124107
0.0, -0.63026828, -0.77636033
0.67734414, 0.04046345
0.01114185, 0.62859851, -0.00021916
0.77636033, -0.63026828, 0.0
0.69786012, 0.05115092
0.00011994, 0.62859851, 0.01080276
0.0, -0.63026828, 0.77636033
0.67648524, 0.06140888
-1.567e-05, 0.66429186, 0.02208949
0.0, -0.8164922, 0.57734919
0.59874302, 0.07134068
-1.567e-05, 0.66429186, -0.02208944
0.0, -0.8164922, -0.57734919
0.60112172, 0.01333702
-1.567e-05, 0.67352355, 0.02208944
0.0, 0.8164922, 0.57734919
0.58357823, 0.01315713
# Number of Faces:
118
# Face Data:
0, 1, 2
3, 4, 5
4, 6, 7
8, 9, 10
9, 11, 12
13, 14, 15
16, 17, 18
19, 0, 20
14, 21, 22
23, 24, 25
26, 27, 28
29, 30, 31
32, 33, 34
35, 36, 37
29, 38, 39
30, 29, 40
38, 41, 42
43, 44, 27
29, 45, 46
38, 31, 47
48, 49, 27
43, 49, 50
51, 52, 53
54, 55, 36
50, 49, 48
56, 57, 58
59, 58, 60
61, 55, 54
54, 35, 62
56, 33, 32
63, 54, 64
44, 65, 28
34, 33, 58
66, 67, 68
35, 69, 70
57, 71, 60
71, 72, 73
65, 74, 53
60, 71, 75
28, 65, 76
28, 77, 78
60, 79, 52
80, 78, 73
76, 53, 81
79, 75, 81
77, 76, 81
78, 77, 81
52, 79, 81
73, 78, 81
53, 52, 81
75, 73, 81
82, 83, 84
84, 85, 86
87, 88, 89
90, 91, 83
85, 91, 90
92, 93, 94
20, 0, 2
95, 3, 5
5, 4, 7
96, 8, 10
10, 9, 12
97, 13, 15
18, 98, 99
99, 100, 18
101, 16, 18
17, 102, 18
18, 100, 101
103, 19, 20
15, 14, 22
25, 104, 105
105, 106, 25
23, 107, 24
24, 108, 25
25, 106, 23
80, 26, 28
38, 29, 31
109, 32, 34
69, 35, 37
45, 29, 39
110, 30, 40
39, 38, 42
49, 43, 27
40, 29, 46
41, 38, 47
26, 48, 27
111, 43, 50
74, 51, 53
35, 54, 36
112, 50, 48
33, 56, 58
51, 59, 60
63, 61, 54
64, 54, 62
113, 56, 32
114, 63, 64
27, 44, 28
59, 34, 58
68, 115, 116
116, 117, 66
66, 118, 67
67, 119, 68
68, 116, 66
62, 35, 70
58, 57, 60
75, 71, 73
76, 65, 53
79, 60, 75
77, 28, 76
80, 28, 78
51, 60, 52
72, 80, 73
120, 82, 84
120, 84, 86
121, 87, 89
82, 90, 83
86, 85, 90
122, 92, 94
