# Project Zomboid Skinned Mesh
# File Version:
1.0
# Model Name:
Cube
# Vertex Stride Element Count:
3
# Vertex Stride Size (in bytes):
76
# Vertex Stride Data:
# (Int)    Offset
# (String) Type
0
VertexArray
12
NormalArray
24
TextureCoordArray
# Vertex Count:
98
# Vertex Buffer:
-0.07541798, 0.58246005, 0.01685981
-0.64537489, 0.49940488, 0.57795954
0.18774401, 0.55307549
-0.07541798, 0.58246005, -0.01685981
-0.64537489, 0.49940488, -0.57795954
0.88413894, 0.55114701
-0.04610359, 0.46291077, -0.0116298
-0.68086797, -0.11819819, -0.72276986
0.77519476, 0.21508354
0.07541798, 0.58246005, 0.01685981
0.64537489, 0.49940488, 0.57795954
0.9855364, 0.58937463
0.07541798, 0.58246005, -0.01685981
0.64537489, 0.49940488, -0.57795954
0.9855364, 0.80753513
-0.07541798, 0.58246005, -0.01685981
-0.64537489, 0.49940488, -0.57795954
0.00965148, 0.80753513
0.04610359, 0.46291077, 0.0116298
0.68086797, -0.11819819, 0.72276986
0.73933208, 0.21214569
0.04610359, 0.46291077, -0.0116298
0.68086797, -0.11819819, -0.72276986
0.25923079, 0.21205449
0.07541798, 0.58246005, -0.01685981
0.64537489, 0.49940488, -0.57795954
0.15121436, 0.54820901
-0.04610359, 0.46291077, 0.0116298
-0.68086797, -0.11819819, 0.72276986
0.9913187, 0.19968545
-0.04313496, 0.40544787, 0.0116298
-0.71715444, -0.25800347, 0.6473586
0.9896419, 0.10829425
0.04313496, 0.40544787, 0.0116298
0.71715444, -0.25800347, 0.6473586
0.00935882, 0.10829419
-0.07541798, 0.58246005, -0.01685981
-0.64537489, 0.49940488, -0.57795954
0.00937149, 0.54026634
0.07541798, 0.58246005, -0.01685981
0.64537489, 0.49940488, -0.57795954
0.99186528, 0.54196057
0.04610359, 0.46291077, -0.0116298
0.68086797, -0.11819819, -0.72276986
0.99133849, 0.20020401
0.07541798, 0.58246005, 0.01685981
0.64537489, 0.49940488, 0.57795954
0.00825179, 0.54111558
-0.07541798, 0.58246005, 0.01685981
-0.64537489, 0.49940488, 0.57795954
0.98950875, 0.54111564
-0.01358331, 0.3656795, 0.0116298
-0.35291603, -0.70195621, 0.61857969
0.99044043, 0.01311249
0.01358331, 0.3656795, 0.0116298
0.35291603, -0.70195621, 0.61857969
0.00980043, 0.01311249
0.04313496, 0.40544787, 0.0116298
0.71715444, -0.25800347, 0.6473586
0.73934925, 0.12163544
0.04313496, 0.40544787, -0.0116298
0.71715444, -0.25800347, -0.6473586
0.25924796, 0.12154436
-0.04313496, 0.40544787, -0.0116298
-0.71715444, -0.25800347, -0.6473586
0.77494395, 0.12452281
-0.04313496, 0.40544787, 0.0116298
-0.71715444, -0.25800347, 0.6473586
0.29457468, 0.12585306
0.04313496, 0.40544787, -0.0116298
0.71715444, -0.25800347, -0.6473586
0.99127215, 0.10874152
-0.04313496, 0.40544787, -0.0116298
-0.71715444, -0.25800347, -0.6473586
0.00851066, 0.1078499
-0.01358331, 0.3656795, 0.0116298
-0.35291603, -0.70195621, 0.61857969
0.75732481, 0.81065151
-0.01358331, 0.3656795, -0.0116298
-0.35291603, -0.70195621, -0.61857969
0.75732481, 0.59115925
0.01358331, 0.3656795, -0.0116298
0.35291603, -0.70195621, -0.61857969
0.53783268, 0.59115925
-0.01358331, 0.3656795, -0.0116298
-0.35291603, -0.70195621, -0.61857969
0.77461886, 0.00710028
-0.01358331, 0.3656795, 0.0116298
-0.35291603, -0.70195621, 0.61857969
0.2942495, 0.00843054
0.01358331, 0.3656795, -0.0116298
0.35291603, -0.70195621, -0.61857969
0.98873645, 0.01326722
-0.01358331, 0.3656795, -0.0116298
-0.35291603, -0.70195621, -0.61857969
0.01057737, 0.0129621
0.01358331, 0.3656795, 0.0116298
0.35291603, -0.70195621, 0.61857969
0.73937154, 0.0042786
0.01358331, 0.3656795, -0.0116298
0.35291603, -0.70195621, -0.61857969
0.25927019, 0.00418741
0.01199727, 0.3676298, 1.1e-07
0.0, 0.99996948, 0.0
0.47845963, 0.11975801
0.00599862, 0.3676298, -0.00757413
-0.0003357, 0.99996948, -0.00024415
0.47097477, 0.11503267
0.00599862, 0.3676298, 0.00757436
0.0, 1.0, 0.0
0.47097477, 0.12448347
-0.00599865, 0.3676298, 0.00757436
-0.0004883, 0.99996948, -0.00036622
0.4560051, 0.12448347
-0.00601254, 0.36761975, -0.00759178
-0.000824, 0.99996948, -0.00064089
0.45598775, 0.11502171
-0.01202522, 0.36761975, 1.1e-07
-0.000824, 0.99996948, -0.00064089
0.4484854, 0.11975801
0.00607077, -0.15688229, -0.00766534
0.34131902, -0.62089908, -0.70564896
0.82495999, 0.86130726
0.01214156, -0.15688229, 2e-08
0.80709249, -0.59038055, 0.0
0.82016063, 0.86887127
0.00607077, -0.15688229, 0.00766538
0.34128848, -0.62089908, 0.70567948
0.81539547, 0.86128563
-0.00607079, -0.15688229, 0.00766538
-0.34128848, -0.62089908, 0.70564896
0.81542981, 0.84613597
-0.01214158, -0.15688229, 2e-08
-0.80709249, -0.59038055, 0.0
0.82022929, 0.83857197
-0.00607079, -0.15688229, -0.00766534
-0.34128848, -0.62089908, -0.70564896
0.82499433, 0.84615767
-0.00607079, -0.15688229, 0.00766538
-0.34128848, -0.62089908, 0.70564896
0.30089664, 0.84496939
0.00607077, -0.15688229, 0.00766538
0.34128848, -0.62089908, 0.70567948
0.30086231, 0.86011899
0.00599862, 0.3676298, 0.00757436
0.43537706, 0.00021363, 0.900235
0.80733168, 0.86117733
-0.00607079, -0.15688229, 0.00766538
-0.34128848, -0.62089908, 0.70564896
0.30906034, 0.96253639
-0.00599865, 0.3676298, 0.00757436
-0.43421736, 0.00021363, 0.90078431
0.81552929, 0.96379822
-0.01202522, 0.36761975, 1.1e-07
-0.99996948, 0.00024415, 0.00137333
0.81549823, 0.97324902
-0.00607079, -0.15688229, -0.00766534
-0.34128848, -0.62089908, -0.70564896
0.30072528, 0.92054713
-0.01214158, -0.15688229, 2e-08
-0.80709249, -0.59038055, 0.0
0.30074698, 0.91098273
-0.01202522, 0.36761975, 1.1e-07
-0.99996948, 0.00024415, 0.00137333
0.80720639, 0.91213077
0.00607077, -0.15688229, -0.00766534
0.34131902, -0.62089908, -0.70564896
0.30086231, 0.86011899
-0.00607079, -0.15688229, -0.00766534
-0.34128848, -0.62089908, -0.70564896
0.30089664, 0.84496939
-0.00601254, 0.36761975, -0.00759178
-0.43461409, 0.00018311, -0.90060121
0.80735588, 0.84619033
0.01199727, 0.3676298, 1.1e-07
1.0, 0.00027467, 0.0
0.80721617, 0.91213077
0.01214156, -0.15688229, 2e-08
0.80709249, -0.59038055, 0.0
0.30074698, 0.91098273
0.00607077, -0.15688229, -0.00766534
0.34131902, -0.62089908, -0.70564896
0.30072528, 0.92054713
0.00607077, -0.15688229, 0.00766538
0.34128848, -0.62089908, 0.70567948
0.30076867, 0.90141821
-0.04877574, 0.46491769, 0.01395061
-0.64165169, 0.5166173, 0.56685078
0.70646405, 0.89139743
-0.04877574, 0.46491769, -0.01396554
-0.64165169, 0.5166173, -0.56685078
0.70646405, 0.93483198
-0.04729952, 0.45815945, -0.01396554
-0.5065462, -0.62916958, -0.58949554
0.69594896, 0.93483198
0.04906188, 0.46491769, 0.01395061
0.64165169, 0.5166173, 0.56685078
0.44920605, 0.88367917
0.04906188, 0.46491769, -0.01396554
0.64165169, 0.5166173, -0.56685078
0.44920605, 0.92711373
-0.04877574, 0.46491769, -0.01396554
-0.64165169, 0.5166173, -0.56685078
0.29698101, 0.92711373
0.04758567, 0.45815945, 0.01395061
0.5065462, -0.62916958, 0.58949554
0.69594896, 0.89139743
0.04758567, 0.45815945, -0.01396554
0.5065462, -0.62916958, -0.58949554
0.69594896, 0.93483198
0.04906188, 0.46491769, -0.01396554
0.64165169, 0.5166173, -0.56685078
0.70646405, 0.93483198
-0.04729952, 0.45815945, 0.01395061
-0.5065462, -0.62916958, 0.58949554
0.29927787, 0.88367917
-0.04729952, 0.45815945, -0.01396554
-0.5065462, -0.62916958, -0.58949554
0.29927787, 0.92711373
0.04758567, 0.45815945, -0.01396554
0.5065462, -0.62916958, -0.58949554
0.44690928, 0.92711373
-0.04877574, 0.46491769, -0.01396554
-0.64165169, 0.5166173, -0.56685078
0.48607722, 0.90367509
0.04906188, 0.46491769, -0.01396554
0.64165169, 0.5166173, -0.56685078
0.63830233, 0.90367509
0.04758567, 0.45815945, -0.01396554
0.5065462, -0.62916958, -0.58949554
0.63600558, 0.91419005
0.04906188, 0.46491769, 0.01395061
0.64165169, 0.5166173, 0.56685078
0.63830233, 0.90367509
-0.04877574, 0.46491769, 0.01395061
-0.64165169, 0.5166173, 0.56685078
0.48607722, 0.90367509
-0.04729952, 0.45815945, 0.01395061
-0.5065462, -0.62916958, 0.58949554
0.48837417, 0.91419005
-0.04610359, 0.46291077, 0.0116298
-0.68086797, -0.11819819, 0.72276986
0.29482546, 0.21641374
-0.07541798, 0.58246005, 0.01685981
-0.64537489, 0.49940488, 0.57795954
0.00965148, 0.58937463
0.07541798, 0.58246005, 0.01685981
0.64537489, 0.49940488, 0.57795954
0.84722078, 0.5483411
0.04610359, 0.46291077, 0.0116298
0.68086797, -0.11819819, 0.72276986
0.01016247, 0.19968545
-0.04610359, 0.46291077, -0.0116298
-0.68086797, -0.11819819, -0.72276986
0.00894406, 0.19916832
0.01358331, 0.3656795, 0.0116298
0.35291603, -0.70195621, 0.61857969
0.53783268, 0.81065151
-0.00599865, 0.3676298, 0.00757436
-0.43421736, 0.00021363, 0.90078431
0.80736566, 0.84620768
-0.01214158, -0.15688229, 2e-08
-0.80709249, -0.59038055, 0.0
0.30903867, 0.97210091
-0.00601254, 0.36761975, -0.00759178
-0.43461409, 0.00018311, -0.90060121
0.80718493, 0.92160356
0.00599862, 0.3676298, -0.00757413
0.43614003, 0.00021363, -0.89983827
0.80733168, 0.86117733
0.00599862, 0.3676298, -0.00757413
0.43614003, 0.00021363, -0.89983827
0.80719471, 0.92158163
0.00599862, 0.3676298, 0.00757436
0.43537706, 0.00021363, 0.900235
0.80723763, 0.90268004
-0.04729952, 0.45815945, 0.01395061
-0.5065462, -0.62916958, 0.58949554
0.69594896, 0.89139743
-0.04877574, 0.46491769, 0.01395061
-0.64165169, 0.5166173, 0.56685078
0.29698101, 0.88367917
0.04906188, 0.46491769, 0.01395061
0.64165169, 0.5166173, 0.56685078
0.70646405, 0.89139743
0.04758567, 0.45815945, 0.01395061
0.5065462, -0.62916958, 0.58949554
0.44690928, 0.88367917
-0.04729952, 0.45815945, -0.01396554
-0.5065462, -0.62916958, -0.58949554
0.48837417, 0.91419005
0.04758567, 0.45815945, 0.01395061
0.5065462, -0.62916958, 0.58949554
0.63600558, 0.91419005
# Number of Faces:
60
# Face Data:
0, 1, 2
3, 4, 5
6, 7, 8
9, 10, 11
12, 13, 14
15, 16, 9
10, 17, 18
6, 19, 20
2, 21, 22
14, 23, 24
25, 26, 27
21, 28, 29
23, 30, 31
19, 32, 33
34, 35, 36
37, 38, 39
35, 38, 37
40, 41, 42
43, 44, 45
45, 40, 42
46, 47, 48
49, 50, 51
52, 53, 54
55, 56, 57
58, 59, 60
61, 59, 58
62, 63, 64
65, 66, 67
68, 69, 70
71, 72, 73
74, 75, 76
77, 78, 79
80, 0, 2
81, 3, 5
82, 6, 8
83, 9, 11
84, 12, 14
83, 15, 9
11, 10, 18
7, 6, 20
80, 2, 22
84, 14, 24
85, 25, 27
22, 21, 29
24, 23, 31
20, 19, 33
36, 35, 37
43, 45, 42
86, 46, 48
87, 49, 51
88, 52, 54
89, 55, 57
90, 58, 60
91, 61, 58
92, 62, 64
93, 65, 67
94, 68, 70
95, 71, 73
96, 74, 76
97, 77, 79
