# Project Zomboid Skinned Mesh
# File Version:
1.0
# Model Name:
None_None_None_None_M_None_None_None_None_M_Material_REOB_Clout
# Vertex Stride Element Count:
3
# Vertex Stride Size (in bytes):
76
# Vertex Stride Data:
# (Int)    Offset
# (String) Type
0
VertexArray
12
NormalArray
24
TextureCoordArray
# Vertex Count:
596
# Vertex Buffer:
0.00720338, 0.0187322, 0.13070127
0.70708334, -0.70540482, 0.0487991
1.89524603, 1.88218099
0.00720338, 0.02305678, 0.13498943
-0.70751059, 0.0220954, 0.70632041
1.88169897, 1.89123702
0.00720338, 0.00575846, 0.1178368
0.57884455, -0.81527144, 0.01565599
1.94238997, 1.84959102
0.00720338, 0.03603052, 0.1478539
0.70708334, -0.49787897, 0.50209051
1.84106004, 1.91840601
3.321e-05, 0.00575846, 0.1178368
0.0, -0.99978638, 0.01919614
1.94238997, 1.84959102
0.00720338, 0.04035511, 0.15214203
0.57490766, 0.02261421, 0.81786555
1.81884098, 1.93505102
3.321e-05, 0.04035501, 0.15214203
0.0, 0.02764977, 0.99960327
1.81884098, 1.93505102
0.00720338, 0.12880056, 0.04622275
0.92461926, -0.37714773, 0.05298013
1.65544105, 1.635158
0.00720338, 0.13576938, 0.03907906
0.87646109, -0.08630635, -0.47361675
1.64023399, 1.61308402
0.00720338, 0.20886169, -0.03453403
0.47337261, 0.65385908, 0.59019744
1.46210003, 1.37843901
0.00720338, 0.15945712, 0.01208495
0.94225895, -0.32520524, 0.0798059
1.59439194, 1.54192698
0.00720338, 0.20131469, -0.03459198
1.0, 0.0, 0.0
1.49064004, 1.37845299
0.00720338, 0.16551748, 0.00505164
0.86153752, -0.11380352, -0.49476609
1.58021402, 1.52029401
0.00720338, 0.18712479, -0.0189425
0.95083469, -0.29813531, 0.08371227
1.53118598, 1.444208
0.00720338, 0.07256441, 0.07412932
0.90285957, -0.01370281, -0.42970061
1.75574994, 1.70224202
0.00720338, 0.08137326, 0.06487208
0.71019626, -0.5166173, -0.47816402
1.74007905, 1.69048202
0.00720338, 0.09134213, 0.06617055
0.9137547, 0.40537736, -0.02649007
1.73033702, 1.68711603
0.00720338, 0.17112714, -0.03482382
0.82531208, -0.41962951, -0.37775812
1.53996301, 1.379325
0.00720338, 0.11718184, 0.03899301
0.87981808, 0.0601825, 0.47144994
1.68381596, 1.61514598
0.00720338, 0.18150404, -0.03474412
1.0, 0.0, 0.0
1.531129, 1.37849101
0.00720338, 0.12326253, 0.03240829
0.93151647, 0.35816523, -0.06274606
1.67060304, 1.59484202
0.00720338, 0.17251205, -0.02330381
0.85110021, 0.14575639, 0.50428784
1.56612694, 1.43308401
0.00720338, 0.1462158, 0.00696071
0.85930967, 0.11847285, 0.49748221
1.62623894, 1.52836698
-0.00713696, 0.0187322, 0.13070127
-0.0021363, 0.0, -0.99996948
1.89524603, 1.88218099
-0.00713696, 0.00575846, 0.1178368
-0.5789361, -0.8152104, 0.01565599
1.94238997, 1.84959102
-0.00713696, 0.02305678, 0.13498943
0.0, -0.99990845, -0.01144444
1.88169897, 1.89123702
-0.00713696, 0.03603052, 0.1478539
-0.70711386, -0.49784845, 0.50206
1.84106004, 1.91840601
-0.00713696, 0.04035501, 0.15214203
-0.57490766, 0.02261421, 0.81786555
1.81884098, 1.93505102
-0.00713696, 0.12880056, 0.04622275
-0.92461926, -0.37714773, 0.05298013
1.65544105, 1.635158
-0.00713696, 0.13576938, 0.03907915
-0.87646109, -0.08630635, -0.47361675
1.64023399, 1.61308402
-0.00713696, 0.20886169, -0.03453403
-0.47337261, 0.65385908, 0.59019744
1.46210003, 1.37843901
-0.00713696, 0.15945712, 0.01208495
-0.94225895, -0.32520524, 0.0798059
1.59439194, 1.54192698
-0.00713696, 0.20131469, -0.03459198
-1.0, 0.0, 0.0
1.49064004, 1.37845299
-0.00713696, 0.16551748, 0.00505163
-0.861507, -0.11380352, -0.49476609
1.58021402, 1.52029401
-0.00713696, 0.18712479, -0.0189425
-0.95083469, -0.29813531, 0.08371227
1.53118598, 1.444208
-0.00713696, 0.07256441, 0.07412932
-0.90285957, -0.01370281, -0.42970061
1.75574994, 1.70224202
-0.00713696, 0.09134213, 0.06617055
-0.9137547, 0.40537736, -0.02649007
1.73033702, 1.68711603
-0.00713696, 0.08137326, 0.06487208
-0.71019626, -0.5166173, -0.47816402
1.74007905, 1.69048202
-0.00713696, 0.17112714, -0.03482382
-0.82531208, -0.41962951, -0.37775812
1.53996301, 1.379325
-0.00713696, 0.11718184, 0.03899301
-0.87981808, 0.0601825, 0.47144994
1.68381596, 1.61514598
-0.00713696, 0.18150404, -0.03474412
-1.0, 0.0, 0.0
1.531129, 1.37849101
-0.00713696, 0.12326253, 0.03240829
-0.93151647, 0.35816523, -0.06274606
1.67060304, 1.59484202
-0.00713696, 0.17251205, -0.02330381
-0.85113072, 0.14575639, 0.50428784
1.56612694, 1.43308401
-0.00713696, 0.1462158, 0.00696071
-0.85930967, 0.11847285, 0.49748221
1.62623894, 1.52836698
0.03152014, -0.02306612, -0.02865959
0.90823084, -0.31043428, 0.28052613
2.95236993, 1.205157
0.03152014, 0.01692465, -0.02220486
0.74138618, 0.49662772, 0.45124668
2.8245759, 1.226595
0.02990379, -0.02306451, -0.0268428
0.73787653, -0.24686423, 0.62813199
2.95236397, 1.211191
0.02829408, 0.01692375, -0.02028795
0.78341013, -0.13473922, 0.60667747
2.82681394, 1.232961
0.02247813, -0.02306451, -0.01458058
0.49864194, -0.61418498, 0.61162144
2.95236397, 1.251917
0.02247813, 0.01692375, -0.00943016
0.83614612, 0.09097568, 0.54084903
2.82681394, 1.26902199
0.02247813, -0.0204567, -0.01246865
0.65034944, -0.29758599, 0.69887388
2.94313097, 1.25893101
0.02090626, 0.01850266, -0.00754997
0.342967, 0.58845788, 0.73213905
2.82010698, 1.275267
1e-08, 0.01692425, -0.08967978
0.0, 0.41877499, -0.90807825
2.82404995, 1.002494
0.01821755, 0.01744327, -0.08907189
0.11612293, 0.53083897, -0.83944213
2.82404995, 1.002494
0.02014382, 0.01692425, -0.08967978
0.20062868, 0.51432842, -0.83376569
2.82404995, 1.002494
0.02056394, 0.01744327, -0.08808617
0.39695424, 0.64589375, -0.65205848
2.82681394, 1.005841
0.02243325, 0.01692425, -0.08867182
0.47291481, 0.55662709, -0.68297374
2.82681394, 1.005841
0.02822013, 0.01744327, -0.08094478
0.54829556, 0.61931211, -0.56193733
2.82681394, 1.030095
0.02990379, 0.01692425, -0.08136923
0.58409375, 0.57490766, -0.57292396
2.82681394, 1.030095
-0.02247811, -0.02045671, -0.01246865
-0.65037996, -0.29758599, 0.69887388
2.94313097, 1.25893101
-0.02247811, 0.01692375, -0.00943016
-0.83614612, 0.09097568, 0.54084903
2.82681394, 1.26902199
-0.02247811, -0.02306451, -0.01458048
-0.49864194, -0.61418498, 0.61162144
2.95236397, 1.251917
-0.02829406, 0.01692374, -0.02028795
-0.78341013, -0.13473922, 0.60667747
2.82681394, 1.232961
-0.02990376, -0.02306451, -0.0268428
-0.73787653, -0.24689475, 0.62813199
2.95236397, 1.211191
-0.03152011, 0.01692465, -0.02220487
-0.74138618, 0.49662772, 0.45124668
2.8245759, 1.226595
-0.03152011, -0.02306612, -0.02865959
-0.90823084, -0.31043428, 0.28052613
2.95236993, 1.205157
-0.02990376, 0.01692424, -0.08136923
-0.58409375, 0.57490766, -0.57292396
2.82681394, 1.030095
-0.0282201, 0.01744327, -0.08094478
-0.54829556, 0.61931211, -0.56193733
2.82681394, 1.030095
-0.02243323, 0.01692424, -0.08867182
-0.47291481, 0.55662709, -0.68297374
2.82681394, 1.005841
-0.02056391, 0.01744327, -0.08808617
-0.39695424, 0.64589375, -0.65205848
2.82681394, 1.005841
-0.0201438, 0.01692425, -0.08967978
-0.2006592, 0.51432842, -0.83376569
2.82404995, 1.002494
-0.01821752, 0.01744327, -0.08907189
-0.11612293, 0.53083897, -0.83944213
2.82404995, 1.002494
1e-08, 0.01744327, -0.08907189
0.0, 0.4737083, -0.88064212
2.82404995, 1.002494
0.01122638, 0.2104063, -0.03475077
0.34153265, 0.66826379, 0.66084778
1.13617098, 1.121393
0.01122639, 0.14957398, -0.03452697
0.34269235, -0.66389966, 0.66463208
1.339872, 1.121922
0.01265688, 0.20930256, -0.03577524
0.86291087, 0.35047457, 0.36399427
1.13986695, 1.118969
0.01265688, 0.15067562, -0.03556885
0.86391795, -0.34794152, 0.36405531
1.33618402, 1.119457
0.01265688, 0.20924671, -0.06021134
0.86391795, 0.34794152, -0.36405531
1.14005399, 1.061148
0.01265688, 0.15061967, -0.06000494
0.86291087, -0.35050508, -0.36399427
1.33637094, 1.061637
-0.00468159, 0.18126366, -0.05913503
0.42814416, 0.37229529, -0.82341993
1.25764894, 1.018596
0.00456961, 0.18126366, -0.05913503
-0.42823571, 0.37223426, -0.82338941
1.25764894, 1.040801
-0.00569721, 0.17993207, -0.0611413
0.15515611, 0.16006958, -0.97482222
1.26384795, 1.016159
0.00558522, 0.17993207, -0.0611413
-0.15515611, 0.16003907, -0.97482222
1.26384795, 1.043239
0.01122639, 0.14951602, -0.0610294
0.34153265, -0.66826379, -0.66084778
1.34012198, 1.056779
-0.01133847, 0.14951602, -0.0610294
-0.34153265, -0.66823328, -0.6608783
1.34012198, 1.002619
-0.01276897, 0.20924671, -0.06021134
-0.86391795, 0.34788048, -0.36414686
1.14005399, 1.061148
-0.01276896, 0.15061967, -0.06000494
-0.86291087, -0.35044405, -0.36405531
1.33637094, 1.061637
-0.01276897, 0.20930256, -0.03577524
-0.86291087, 0.35041353, 0.36405531
1.13986695, 1.118969
-0.01276896, 0.15067562, -0.03556885
-0.86391795, -0.34784997, 0.36414686
1.33618402, 1.119457
-0.01133848, 0.2104063, -0.03475077
-0.34156317, 0.66823328, 0.6608783
1.13617098, 1.121393
-0.01133847, 0.14957398, -0.03452697
-0.34269235, -0.66386914, 0.6646626
1.339872, 1.121922
-0.01133848, 0.2104063, -0.03475077
-0.34156317, 0.66823328, 0.6608783
1.14447105, 1.123095
-0.01133847, 0.14957398, -0.03452697
-0.34269235, -0.66386914, 0.6646626
1.32377803, 1.123095
0.01122638, 0.2104063, -0.03475077
0.34153265, 0.66826379, 0.66084778
1.14447105, 1.16656899
0.01122639, 0.14957398, -0.03452697
0.34269235, -0.66389966, 0.66463208
1.32377803, 1.16656899
0.01122639, 0.14957398, -0.03452697
0.34269235, -0.66389966, 0.66463208
1.13986695, 1.118969
-0.01133847, 0.14957398, -0.03452697
-0.34269235, -0.66386914, 0.6646626
1.33618402, 1.119457
0.01122639, 0.14951602, -0.0610294
0.34153265, -0.66826379, -0.66084778
1.14005399, 1.061148
-0.01133847, 0.14951602, -0.0610294
-0.34153265, -0.66823328, -0.6608783
1.33637094, 1.061637
-0.01133848, 0.2104063, -0.03475077
-0.34156317, 0.66823328, 0.6608783
1.13986695, 1.118969
0.01122638, 0.2104063, -0.03475077
0.34153265, 0.66826379, 0.66084778
1.33618402, 1.119457
-0.01133847, 0.21034822, -0.06125322
-0.34266183, 0.66386914, -0.6646626
1.14005399, 1.061148
0.01122638, 0.21034822, -0.06125322
0.34266183, 0.66389966, -0.6646626
1.33637094, 1.061637
0.01122638, 0.21034822, -0.06125322
0.34266183, 0.66389966, -0.6646626
1.1365, 1.056779
0.00558522, 0.20274419, -0.06122522
-0.15393536, -0.16632588, -0.97396773
1.16261697, 1.043239
0.00456961, 0.20141259, -0.05921895
-0.42780846, -0.37559131, -0.82210761
1.17337096, 1.040801
-0.0046816, 0.20141259, -0.05921895
0.42771691, -0.37565234, -0.82210761
1.17337096, 1.018596
-0.01133847, 0.21034822, -0.06125322
-0.34266183, 0.66386914, -0.6646626
1.1365, 1.002619
-0.00569721, 0.20274419, -0.06122522
0.15393536, -0.1663564, -0.97396773
1.16261697, 1.016159
0.01122639, 0.14951602, -0.0610294
0.34153265, -0.66826379, -0.66084778
1.34006703, 1.059212
0.01122638, 0.21034822, -0.06125322
0.34266183, 0.66389966, -0.6646626
1.13636506, 1.058683
-0.01133847, 0.21034822, -0.06125322
-0.34266183, 0.66386914, -0.6646626
1.13636506, 1.058683
-0.01133847, 0.14951602, -0.0610294
-0.34153265, -0.66823328, -0.6608783
1.34006703, 1.059212
0.00655565, 0.21745503, -0.04068083
0.57734919, 0.57734919, 0.57734919
1.59789896, 1.29745001
0.00655566, 0.12193337, -0.04068073
0.70708334, 0.0, 0.70708334
1.74737298, 1.29745001
0.00655565, 0.21745503, -0.05552139
0.57734919, 0.57734919, -0.57734919
1.59789896, 1.24946
0.00655566, 0.12193336, -0.05552138
0.70708334, 0.0, -0.70708334
1.74737298, 1.24946
0.00655565, 0.21745503, -0.05552139
0.57734919, 0.57734919, -0.57734919
1.59789896, 1.29745001
0.00655566, 0.12193336, -0.05552138
0.70708334, 0.0, -0.70708334
1.74737298, 1.29745001
-0.00666774, 0.21745503, -0.05552139
-0.57734919, 0.57734919, -0.57734919
1.59789896, 1.24946
-0.00666774, 0.12193336, -0.05552138
-0.70708334, 0.0, -0.70708334
1.74737298, 1.24946
-0.00666774, 0.21745503, -0.05552139
-0.57734919, 0.57734919, -0.57734919
1.59789896, 1.29745001
-0.00666774, 0.12193336, -0.05552138
-0.70708334, 0.0, -0.70708334
1.74737298, 1.29745001
-0.00666774, 0.21745503, -0.04068083
-0.57734919, 0.57734919, 0.57734919
1.59789896, 1.24946
-0.00666774, 0.12193337, -0.04068073
-0.70708334, 0.0, 0.70708334
1.74737298, 1.24946
-0.00666774, 0.21745503, -0.04068083
-0.57734919, 0.57734919, 0.57734919
1.59789896, 1.29745001
-0.00666774, 0.12193337, -0.04068073
-0.70708334, 0.0, 0.70708334
1.74737298, 1.29745001
0.00655565, 0.21745503, -0.04068083
0.57734919, 0.57734919, 0.57734919
1.59789896, 1.24946
0.00655566, 0.12193337, -0.04068073
0.70708334, 0.0, 0.70708334
1.74737298, 1.24946
-0.00666774, 0.21745503, -0.04068083
-0.57734919, 0.57734919, 0.57734919
1.58586097, 1.82180297
0.00655565, 0.21745503, -0.04068083
0.57734919, 0.57734919, 0.57734919
1.51339102, 1.82180297
-0.00666774, 0.21745503, -0.05552139
-0.57734919, 0.57734919, -0.57734919
1.58586097, 1.74379998
0.00655565, 0.21745503, -0.05552139
0.57734919, 0.57734919, -0.57734919
1.51339102, 1.74379998
0.00720338, 0.04144045, 0.07962821
0.83666492, -0.16364025, -0.52266002
1.86394894, 1.73180699
0.00720338, 0.15414649, -0.03495413
0.46983245, 0.65041047, 0.59682
1.59414995, 1.37854299
0.00720338, 0.02359945, 0.09873246
0.8330332, -0.53614914, -0.13626514
1.90316904, 1.79069901
0.00720338, 0.06254966, 0.06486735
0.90404981, 0.42698446, -0.0174871
1.79586399, 1.69551003
3.321e-05, 0.04144045, 0.07962821
0.0, -0.29880673, -0.9542833
1.86394894, 1.73180699
3.321e-05, 0.14848633, -0.0349976
0.0, -0.73085725, -0.68251592
1.62862599, 1.37845299
0.00720338, 0.14848633, -0.0349976
0.82738733, -0.41041291, -0.38328195
1.62862599, 1.37845299
0.00720338, 0.04035511, 0.15214203
0.57490766, 0.02261421, 0.81786555
1.82086504, 1.71602303
0.00720338, 0.20886169, -0.03453403
0.47337261, 0.65385908, 0.59019744
1.67218995, 1.48975
3.321e-05, 0.04035501, 0.15214203
0.0, 0.02764977, 0.99960327
1.84254205, 1.70178097
3.321e-05, 0.20886169, -0.03453403
0.0, 0.7423017, 0.67003387
1.68725598, 1.47855899
0.00720338, 0.10256197, 0.07524505
-0.58027893, -0.06329539, -0.81191444
1.69935203, 1.70398098
0.00720338, 0.15239391, -0.00027397
-0.56181526, 0.80474257, -0.19150364
1.61181605, 1.50612199
0.00557355, 0.17112714, -0.03482382
0.47395244, -0.6544084, -0.58912933
1.54892194, 1.37851101
0.00557355, 0.08137326, 0.06487208
0.70400095, -0.5211646, -0.48240608
1.74415195, 1.68233699
0.00557355, 0.15414649, -0.03495413
0.82641071, 0.41483811, 0.38065737
1.59414995, 1.37854299
0.00557355, 0.07256441, 0.07412932
0.57808161, -0.02603229, -0.81554615
1.75574994, 1.70224202
0.00557355, 0.06254966, 0.06486735
0.57753229, 0.81563771, -0.03344829
1.79586399, 1.69551003
0.00557355, 0.09134213, 0.06617055
0.57322913, 0.81762141, -0.05343791
1.73033702, 1.68711603
0.00557355, 0.11718184, 0.03899301
0.58879358, 0.10235908, 0.80175173
1.68381596, 1.61514598
0.00557355, 0.10256197, 0.07524505
0.58027893, -0.06329539, -0.81191444
1.69935203, 1.70398098
0.00557355, 0.12880056, 0.04622275
0.56852931, -0.81463057, 0.11441389
1.65544105, 1.635158
0.00557355, 0.13576938, 0.03907906
0.59041107, -0.14468825, -0.79400009
1.64023399, 1.61308402
0.00557355, 0.12326253, 0.03240829
0.56556904, 0.81228065, -0.1423078
1.67060304, 1.59484202
0.00557355, 0.15945712, 0.01208495
0.56108278, -0.80388808, 0.19727165
1.59439194, 1.54192698
0.00557355, 0.1462158, 0.00696071
0.5989868, 0.18552202, 0.77895445
1.62623894, 1.52836698
0.00557355, 0.16551748, 0.00505164
0.59785759, -0.17969298, -0.78118229
1.58021402, 1.52029401
0.00557355, 0.15239391, -0.00027397
0.56184578, 0.80474257, -0.19150364
1.61181605, 1.50612199
0.00557355, 0.18712479, -0.0189425
0.55754262, -0.7991882, 0.22446364
1.53118598, 1.444208
0.00557355, 0.17251205, -0.02330381
0.60322887, 0.22144231, 0.76616716
1.56612694, 1.43308401
0.00720338, 0.06254966, 0.06486735
0.90404981, 0.42698446, -0.0174871
1.81884098, 1.93505102
0.00720338, 0.15414649, -0.03495413
0.46983245, 0.65041047, 0.59682
1.94238997, 1.84959102
0.00557355, 0.06254966, 0.06486735
0.57753229, 0.81563771, -0.03344829
1.84106004, 1.91840601
0.00557355, 0.15414649, -0.03495413
0.82641071, 0.41483811, 0.38065737
1.88847303, 1.88670897
0.00720338, 0.17112714, -0.03482382
0.82531208, -0.41962951, -0.37775812
1.81884098, 1.93505102
0.00720338, 0.08137326, 0.06487208
0.71019626, -0.5166173, -0.47816402
1.94238997, 1.84959102
0.00557355, 0.17112714, -0.03482382
0.47395244, -0.6544084, -0.58912933
1.84106004, 1.91840601
0.00557355, 0.08137326, 0.06487208
0.70400095, -0.5211646, -0.48240608
1.88847303, 1.88670897
0.00720338, 0.08137326, 0.06487208
0.71019626, -0.5166173, -0.47816402
1.81884098, 1.93505102
0.00720338, 0.07256441, 0.07412932
0.90285957, -0.01370281, -0.42970061
1.94238997, 1.84959102
0.00557355, 0.08137326, 0.06487208
0.70400095, -0.5211646, -0.48240608
1.84106004, 1.91840601
0.00557355, 0.07256441, 0.07412932
0.57808161, -0.02603229, -0.81554615
1.88847303, 1.88670897
0.00720338, 0.07256441, 0.07412932
0.90285957, -0.01370281, -0.42970061
0.588494, 1.365944
0.00720338, 0.06254966, 0.06486735
0.90404981, 0.42698446, -0.0174871
0.588494, 1.37376201
0.00557355, 0.07256441, 0.07412932
0.57808161, -0.02603229, -0.81554615
0.64825702, 1.365944
0.00557355, 0.06254966, 0.06486735
0.57753229, 0.81563771, -0.03344829
0.64825702, 1.37376201
0.00720338, 0.09134213, 0.06617055
0.9137547, 0.40537736, -0.02649007
1.81884098, 1.93505102
0.00720338, 0.11718184, 0.03899301
0.87981808, 0.0601825, 0.47144994
1.94238997, 1.84959102
0.00557355, 0.09134213, 0.06617055
0.57322913, 0.81762141, -0.05343791
1.84106004, 1.91840601
0.00557355, 0.11718184, 0.03899301
0.58879358, 0.10235908, 0.80175173
1.88847303, 1.88670897
0.00720338, 0.11718184, 0.03899301
0.87981808, 0.0601825, 0.47144994
1.81884098, 1.93505102
0.00720338, 0.12880056, 0.04622275
0.92461926, -0.37714773, 0.05298013
1.94238997, 1.84959102
0.00557355, 0.11718184, 0.03899301
0.58879358, 0.10235908, 0.80175173
1.84106004, 1.91840601
0.00557355, 0.12880056, 0.04622275
0.56852931, -0.81463057, 0.11441389
1.88847303, 1.88670897
0.00720338, 0.12880056, 0.04622275
0.92461926, -0.37714773, 0.05298013
1.81884098, 1.93505102
0.00720338, 0.10256197, 0.07524505
-0.58027893, -0.06329539, -0.81191444
1.94238997, 1.84959102
0.00557355, 0.12880056, 0.04622275
0.56852931, -0.81463057, 0.11441389
1.84106004, 1.91840601
0.00557355, 0.10256197, 0.07524505
0.58027893, -0.06329539, -0.81191444
1.88847303, 1.88670897
0.00720338, 0.10256197, 0.07524505
-0.58027893, -0.06329539, -0.81191444
0.588494, 1.365944
0.00720338, 0.09134213, 0.06617055
0.9137547, 0.40537736, -0.02649007
0.588494, 1.37376201
0.00557355, 0.10256197, 0.07524505
0.58027893, -0.06329539, -0.81191444
0.64825702, 1.365944
0.00557355, 0.09134213, 0.06617055
0.57322913, 0.81762141, -0.05343791
0.64825702, 1.37376201
0.00720338, 0.13576938, 0.03907906
0.87646109, -0.08630635, -0.47361675
0.588494, 1.365944
0.00720338, 0.12326253, 0.03240829
0.93151647, 0.35816523, -0.06274606
0.588494, 1.37376201
0.00557355, 0.13576938, 0.03907906
0.59041107, -0.14468825, -0.79400009
0.64825702, 1.365944
0.00557355, 0.12326253, 0.03240829
0.56556904, 0.81228065, -0.1423078
0.64825702, 1.37376201
0.00720338, 0.12326253, 0.03240829
0.93151647, 0.35816523, -0.06274606
1.81884098, 1.93505102
0.00720338, 0.1462158, 0.00696071
0.85930967, 0.11847285, 0.49748221
1.94238997, 1.84959102
0.00557355, 0.12326253, 0.03240829
0.56556904, 0.81228065, -0.1423078
1.84106004, 1.91840601
0.00557355, 0.1462158, 0.00696071
0.5989868, 0.18552202, 0.77895445
1.88847303, 1.88670897
0.00720338, 0.1462158, 0.00696071
0.85930967, 0.11847285, 0.49748221
1.81884098, 1.93505102
0.00720338, 0.15945712, 0.01208495
0.94225895, -0.32520524, 0.0798059
1.94238997, 1.84959102
0.00557355, 0.1462158, 0.00696071
0.5989868, 0.18552202, 0.77895445
1.84106004, 1.91840601
0.00557355, 0.15945712, 0.01208495
0.56108278, -0.80388808, 0.19727165
1.88847303, 1.88670897
0.00720338, 0.15945712, 0.01208495
0.94225895, -0.32520524, 0.0798059
1.81884098, 1.93505102
0.00720338, 0.13576938, 0.03907906
0.87646109, -0.08630635, -0.47361675
1.94238997, 1.84959102
0.00557355, 0.15945712, 0.01208495
0.56108278, -0.80388808, 0.19727165
1.84106004, 1.91840601
0.00557355, 0.13576938, 0.03907906
0.59041107, -0.14468825, -0.79400009
1.88847303, 1.88670897
0.00720338, 0.16551748, 0.00505164
0.86153752, -0.11380352, -0.49476609
0.588494, 1.365944
0.00720338, 0.15239391, -0.00027397
-0.56181526, 0.80474257, -0.19150364
0.588494, 1.37376201
0.00557355, 0.16551748, 0.00505164
0.59785759, -0.17969298, -0.78118229
0.64825702, 1.365944
0.00557355, 0.15239391, -0.00027397
0.56184578, 0.80474257, -0.19150364
0.64825702, 1.37376201
0.00720338, 0.15239391, -0.00027397
-0.56181526, 0.80474257, -0.19150364
1.81884098, 1.93505102
0.00720338, 0.17251205, -0.02330381
0.85110021, 0.14575639, 0.50428784
1.94238997, 1.84959102
0.00557355, 0.15239391, -0.00027397
0.56184578, 0.80474257, -0.19150364
1.84106004, 1.91840601
0.00557355, 0.17251205, -0.02330381
0.60322887, 0.22144231, 0.76616716
1.88847303, 1.88670897
0.00720338, 0.17251205, -0.02330381
0.85110021, 0.14575639, 0.50428784
1.81884098, 1.93505102
0.00720338, 0.18712479, -0.0189425
0.95083469, -0.29813531, 0.08371227
1.94238997, 1.84959102
0.00557355, 0.17251205, -0.02330381
0.60322887, 0.22144231, 0.76616716
1.84106004, 1.91840601
0.00557355, 0.18712479, -0.0189425
0.55754262, -0.7991882, 0.22446364
1.88847303, 1.88670897
0.00720338, 0.18712479, -0.0189425
0.95083469, -0.29813531, 0.08371227
1.81884098, 1.93505102
0.00720338, 0.16551748, 0.00505164
0.86153752, -0.11380352, -0.49476609
1.94238997, 1.84959102
0.00557355, 0.18712479, -0.0189425
0.55754262, -0.7991882, 0.22446364
1.84106004, 1.91840601
0.00557355, 0.16551748, 0.00505164
0.59785759, -0.17969298, -0.78118229
1.88847303, 1.88670897
3.321e-05, 0.02359945, 0.09873246
0.0, -0.96917629, -0.24631488
1.90316904, 1.79069901
3.321e-05, 0.0173018, 0.07441551
0.0, -0.72133547, -0.69255656
1.86394894, 1.73180699
0.00720338, 0.0173018, 0.07441551
0.55671865, -0.59923095, -0.57530445
1.86394894, 1.73180699
0.00720338, 0.02359945, 0.09873246
0.8330332, -0.53614914, -0.13626514
1.82299495, 1.79874402
3.321e-05, 0.02359945, 0.09873246
0.0, -0.96917629, -0.24631488
1.86701596, 1.79874402
0.00720338, 0.0173018, 0.07441551
0.55671865, -0.59923095, -0.57530445
1.82299495, 1.76373601
3.321e-05, 0.0173018, 0.07441551
0.0, -0.72133547, -0.69255656
1.86701596, 1.76373601
-0.00713696, 0.04144045, 0.07962821
-0.83666492, -0.16364025, -0.52266002
1.86394894, 1.73180699
-0.00713696, 0.02359945, 0.09873246
-0.8330332, -0.53614914, -0.13626514
1.90316904, 1.79069901
-0.00713696, 0.15414649, -0.03495413
-0.46983245, 0.65041047, 0.59682
1.59414995, 1.37854299
-0.00713696, 0.06254966, 0.06486735
-0.90404981, 0.42698446, -0.0174871
1.79586399, 1.69551003
-0.00713696, 0.14848633, -0.0349976
-0.82738733, -0.41041291, -0.38328195
1.62862599, 1.37845299
-0.00713696, 0.04035501, 0.15214203
-0.57490766, 0.02261421, 0.81786555
1.82086504, 1.71602303
-0.00713696, 0.20886169, -0.03453403
-0.47337261, 0.65385908, 0.59019744
1.67218995, 1.48975
-0.00713696, 0.10256197, 0.07524505
0.58027893, -0.06329539, -0.81191444
1.69935203, 1.70398098
-0.00713696, 0.15239391, -0.00027397
0.56181526, 0.80474257, -0.19150364
1.61181605, 1.50612199
-0.00550713, 0.17112714, -0.03482382
-0.47395244, -0.6544084, -0.58912933
1.54892194, 1.37851101
-0.00550713, 0.15414649, -0.03495413
-0.82641071, 0.41483811, 0.38065737
1.59414995, 1.37854299
-0.00550713, 0.08137326, 0.06487208
-0.70400095, -0.5211646, -0.48240608
1.74415195, 1.68233699
-0.00550713, 0.07256441, 0.07412932
-0.57808161, -0.02603229, -0.81554615
1.75574994, 1.70224202
-0.00550713, 0.06254966, 0.06486735
-0.57753229, 0.81563771, -0.03344829
1.79586399, 1.69551003
-0.00550713, 0.09134213, 0.06617055
-0.57322913, 0.81762141, -0.05343791
1.73033702, 1.68711603
-0.00550713, 0.10256197, 0.07524505
-0.58027893, -0.06329539, -0.81191444
1.69935203, 1.70398098
-0.00550713, 0.11718184, 0.03899301
-0.58879358, 0.10235908, 0.80175173
1.68381596, 1.61514598
-0.00550713, 0.12880056, 0.04622275
-0.56852931, -0.81463057, 0.11441389
1.65544105, 1.635158
-0.00550713, 0.13576938, 0.03907915
-0.59041107, -0.14468825, -0.79400009
1.64023399, 1.61308402
-0.00550713, 0.15945712, 0.01208495
-0.56108278, -0.80388808, 0.19727165
1.59439194, 1.54192698
-0.00550713, 0.12326253, 0.03240829
-0.56556904, 0.81228065, -0.1423078
1.67060304, 1.59484202
-0.00550713, 0.1462158, 0.00696071
-0.5989868, 0.18552202, 0.77895445
1.62623894, 1.52836698
-0.00550713, 0.16551748, 0.00505163
-0.59785759, -0.17969298, -0.78118229
1.58021402, 1.52029401
-0.00550713, 0.18712479, -0.0189425
-0.55754262, -0.7991882, 0.22446364
1.53118598, 1.444208
-0.00550713, 0.15239391, -0.00027397
-0.56184578, 0.80474257, -0.19150364
1.61181605, 1.50612199
-0.00550713, 0.17251205, -0.02330381
-0.60322887, 0.22144231, 0.76616716
1.56612694, 1.43308401
-0.00713696, 0.06254966, 0.06486735
-0.90404981, 0.42698446, -0.0174871
1.81884098, 1.93505102
-0.00550713, 0.06254966, 0.06486735
-0.57753229, 0.81563771, -0.03344829
1.84106004, 1.91840601
-0.00713696, 0.15414649, -0.03495413
-0.46983245, 0.65041047, 0.59682
1.94238997, 1.84959102
-0.00550713, 0.15414649, -0.03495413
-0.82641071, 0.41483811, 0.38065737
1.88847303, 1.88670897
-0.00713696, 0.17112714, -0.03482382
-0.82531208, -0.41962951, -0.37775812
1.81884098, 1.93505102
-0.00550713, 0.17112714, -0.03482382
-0.47395244, -0.6544084, -0.58912933
1.84106004, 1.91840601
-0.00713696, 0.08137326, 0.06487208
-0.71019626, -0.5166173, -0.47816402
1.94238997, 1.84959102
-0.00550713, 0.08137326, 0.06487208
-0.70400095, -0.5211646, -0.48240608
1.88847303, 1.88670897
-0.00713696, 0.08137326, 0.06487208
-0.71019626, -0.5166173, -0.47816402
1.81884098, 1.93505102
-0.00550713, 0.08137326, 0.06487208
-0.70400095, -0.5211646, -0.48240608
1.84106004, 1.91840601
-0.00713696, 0.07256441, 0.07412932
-0.90285957, -0.01370281, -0.42970061
1.94238997, 1.84959102
-0.00550713, 0.07256441, 0.07412932
-0.57808161, -0.02603229, -0.81554615
1.88847303, 1.88670897
-0.00713696, 0.07256441, 0.07412932
-0.90285957, -0.01370281, -0.42970061
0.588494, 1.365944
-0.00550713, 0.07256441, 0.07412932
-0.57808161, -0.02603229, -0.81554615
0.64825702, 1.365944
-0.00713696, 0.06254966, 0.06486735
-0.90404981, 0.42698446, -0.0174871
0.588494, 1.37376201
-0.00550713, 0.06254966, 0.06486735
-0.57753229, 0.81563771, -0.03344829
0.64825702, 1.37376201
-0.00713696, 0.09134213, 0.06617055
-0.9137547, 0.40537736, -0.02649007
1.81884098, 1.93505102
-0.00550713, 0.09134213, 0.06617055
-0.57322913, 0.81762141, -0.05343791
1.84106004, 1.91840601
-0.00713696, 0.11718184, 0.03899301
-0.87981808, 0.0601825, 0.47144994
1.94238997, 1.84959102
-0.00550713, 0.11718184, 0.03899301
-0.58879358, 0.10235908, 0.80175173
1.88847303, 1.88670897
-0.00713696, 0.11718184, 0.03899301
-0.87981808, 0.0601825, 0.47144994
1.81884098, 1.93505102
-0.00550713, 0.11718184, 0.03899301
-0.58879358, 0.10235908, 0.80175173
1.84106004, 1.91840601
-0.00713696, 0.12880056, 0.04622275
-0.92461926, -0.37714773, 0.05298013
1.94238997, 1.84959102
-0.00550713, 0.12880056, 0.04622275
-0.56852931, -0.81463057, 0.11441389
1.88847303, 1.88670897
-0.00713696, 0.12880056, 0.04622275
-0.92461926, -0.37714773, 0.05298013
1.81884098, 1.93505102
-0.00550713, 0.12880056, 0.04622275
-0.56852931, -0.81463057, 0.11441389
1.84106004, 1.91840601
-0.00713696, 0.10256197, 0.07524505
0.58027893, -0.06329539, -0.81191444
1.94238997, 1.84959102
-0.00550713, 0.10256197, 0.07524505
-0.58027893, -0.06329539, -0.81191444
1.88847303, 1.88670897
-0.00713696, 0.10256197, 0.07524505
0.58027893, -0.06329539, -0.81191444
0.588494, 1.365944
-0.00550713, 0.10256197, 0.07524505
-0.58027893, -0.06329539, -0.81191444
0.64825702, 1.365944
-0.00713696, 0.09134213, 0.06617055
-0.9137547, 0.40537736, -0.02649007
0.588494, 1.37376201
-0.00550713, 0.09134213, 0.06617055
-0.57322913, 0.81762141, -0.05343791
0.64825702, 1.37376201
-0.00713696, 0.13576938, 0.03907915
-0.87646109, -0.08630635, -0.47361675
0.588494, 1.365944
-0.00550713, 0.13576938, 0.03907915
-0.59041107, -0.14468825, -0.79400009
0.64825702, 1.365944
-0.00713696, 0.12326253, 0.03240829
-0.93151647, 0.35816523, -0.06274606
0.588494, 1.37376201
-0.00550713, 0.12326253, 0.03240829
-0.56556904, 0.81228065, -0.1423078
0.64825702, 1.37376201
-0.00713696, 0.12326253, 0.03240829
-0.93151647, 0.35816523, -0.06274606
1.81884098, 1.93505102
-0.00550713, 0.12326253, 0.03240829
-0.56556904, 0.81228065, -0.1423078
1.84106004, 1.91840601
-0.00713696, 0.1462158, 0.00696071
-0.85930967, 0.11847285, 0.49748221
1.94238997, 1.84959102
-0.00550713, 0.1462158, 0.00696071
-0.5989868, 0.18552202, 0.77895445
1.88847303, 1.88670897
-0.00713696, 0.1462158, 0.00696071
-0.85930967, 0.11847285, 0.49748221
1.81884098, 1.93505102
-0.00550713, 0.1462158, 0.00696071
-0.5989868, 0.18552202, 0.77895445
1.84106004, 1.91840601
-0.00713696, 0.15945712, 0.01208495
-0.94225895, -0.32520524, 0.0798059
1.94238997, 1.84959102
-0.00550713, 0.15945712, 0.01208495
-0.56108278, -0.80388808, 0.19727165
1.88847303, 1.88670897
-0.00713696, 0.15945712, 0.01208495
-0.94225895, -0.32520524, 0.0798059
1.81884098, 1.93505102
-0.00550713, 0.15945712, 0.01208495
-0.56108278, -0.80388808, 0.19727165
1.84106004, 1.91840601
-0.00713696, 0.13576938, 0.03907915
-0.87646109, -0.08630635, -0.47361675
1.94238997, 1.84959102
-0.00550713, 0.13576938, 0.03907915
-0.59041107, -0.14468825, -0.79400009
1.88847303, 1.88670897
-0.00713696, 0.16551748, 0.00505163
-0.861507, -0.11380352, -0.49476609
0.588494, 1.365944
-0.00550713, 0.16551748, 0.00505163
-0.59785759, -0.17969298, -0.78118229
0.64825702, 1.365944
-0.00713696, 0.15239391, -0.00027397
0.56181526, 0.80474257, -0.19150364
0.588494, 1.37376201
-0.00550713, 0.15239391, -0.00027397
-0.56184578, 0.80474257, -0.19150364
0.64825702, 1.37376201
-0.00713696, 0.15239391, -0.00027397
0.56181526, 0.80474257, -0.19150364
1.81884098, 1.93505102
-0.00550713, 0.15239391, -0.00027397
-0.56184578, 0.80474257, -0.19150364
1.84106004, 1.91840601
-0.00713696, 0.17251205, -0.02330381
-0.85113072, 0.14575639, 0.50428784
1.94238997, 1.84959102
-0.00550713, 0.17251205, -0.02330381
-0.60322887, 0.22144231, 0.76616716
1.88847303, 1.88670897
-0.00713696, 0.17251205, -0.02330381
-0.85113072, 0.14575639, 0.50428784
1.81884098, 1.93505102
-0.00550713, 0.17251205, -0.02330381
-0.60322887, 0.22144231, 0.76616716
1.84106004, 1.91840601
-0.00713696, 0.18712479, -0.0189425
-0.95083469, -0.29813531, 0.08371227
1.94238997, 1.84959102
-0.00550713, 0.18712479, -0.0189425
-0.55754262, -0.7991882, 0.22446364
1.88847303, 1.88670897
-0.00713696, 0.18712479, -0.0189425
-0.95083469, -0.29813531, 0.08371227
1.81884098, 1.93505102
-0.00550713, 0.18712479, -0.0189425
-0.55754262, -0.7991882, 0.22446364
1.84106004, 1.91840601
-0.00713696, 0.16551748, 0.00505163
-0.861507, -0.11380352, -0.49476609
1.94238997, 1.84959102
-0.00550713, 0.16551748, 0.00505163
-0.59785759, -0.17969298, -0.78118229
1.88847303, 1.88670897
-0.00713696, 0.0173018, 0.07441551
-0.55671865, -0.59923095, -0.57530445
1.86394894, 1.73180699
-0.00713696, 0.02359945, 0.09873246
-0.8330332, -0.53614914, -0.13626514
1.82299495, 1.79874402
-0.00713696, 0.0173018, 0.07441551
-0.55671865, -0.59923095, -0.57530445
1.82299495, 1.76373601
0.02182195, 0.14738457, -0.045325
0.28977326, 0.71886349, -0.63182467
2.36191201, 1.14954101
0.02182195, 0.14738457, -0.03122153
0.2954497, 0.91601306, 0.27124852
2.36191201, 1.19524699
0.02322577, 0.14603318, -0.045325
0.58729821, 0.44761497, -0.67430645
2.36658001, 1.14954101
0.02322577, 0.14603318, -0.02967411
0.61442918, 0.74791712, 0.25110629
2.36658001, 1.200261
0.03105253, 0.13164, -0.045325
0.76271856, 0.57078767, -0.30393383
2.42070794, 1.14954101
0.03152014, -0.02306612, -0.07964329
0.90908533, -0.28070924, -0.30771813
2.95236993, 1.035827
0.02866822, -0.02641384, -0.08136923
0.52671897, -0.78075504, -0.33606982
2.964221, 1.030095
0.02990379, -0.02306612, -0.08136923
0.70982999, -0.1287576, -0.69246501
2.95236993, 1.030095
0.02119768, -0.02641384, -0.08867182
0.26886806, -0.72460097, -0.63451034
2.964221, 1.005841
0.02243326, -0.02306612, -0.08867182
0.57039094, -0.10516679, -0.81460005
2.95236993, 1.005841
0.03152014, 0.01692425, -0.07964651
0.78722495, 0.53474534, -0.30707723
2.8245759, 1.035816
0.02014383, -0.02306612, -0.0896851
0.18472853, -0.11890011, -0.97555465
2.95236993, 1.002476
0.03082391, 0.11818265, -0.06868086
0.53346354, 0.63115329, -0.56303596
2.46719599, 1.061592
0.0323035, 0.11564951, -0.06819183
0.9193396, 0.18445387, -0.34745324
2.47153902, 1.064791
0.0323035, 0.12845822, -0.04575909
0.96929836, 0.24338511, -0.03421125
2.42729211, 1.14813501
0.02866821, -0.02641383, -0.02715514
0.50596637, -0.78893399, 0.34864345
2.964221, 1.210153
2e-08, -0.02306612, -0.0896851
0.0, -0.14633626, -0.98922694
2.95236993, 1.002476
2e-08, -0.02641384, -0.08867182
0.0, -0.80300301, -0.59593493
2.964221, 1.005841
0.02119768, -0.02641384, -0.08867182
0.26886806, -0.72460097, -0.63451034
1.74939203, 0.50717601
0.02866822, -0.02641384, -0.08136923
0.52671897, -0.78075504, -0.33606982
1.77135503, 0.53406101
2e-08, -0.02641384, -0.08867182
0.0, -0.80300301, -0.59593493
1.74939203, 0.43096602
2e-08, -0.02641384, -0.08136923
0.0, -1.0, 0.0
1.77135503, 0.43096602
0.02866821, -0.02641383, -0.02715514
0.50596637, -0.78893399, 0.34864345
1.95827198, 0.53406101
1e-08, -0.02641383, -0.02715514
0.0, -0.99996948, 0.0
1.95827103, 0.43096602
0.02124255, -0.02641383, -0.021067
0.19019136, -0.94308299, 0.27274391
1.99570596, 0.507337
1e-08, -0.02641383, -0.021067
0.0, -0.97170937, 0.23606066
1.99570596, 0.43096602
0.02090626, 0.01850266, -0.00754997
0.342967, 0.58845788, 0.73213905
1.01679695, 1.64206398
1e-08, 0.01850266, -0.00754998
0.0, 0.65819269, 0.75283056
1.05551398, 1.64206398
0.02247813, -0.0204567, -0.01246865
0.65034944, -0.29758599, 0.69887388
1.02075398, 1.972534
1e-08, -0.0204567, -0.01246865
0.0, -0.39228493, 0.91982788
1.05551398, 1.972534
0.02751414, 0.01859242, -0.01827434
0.62758261, -0.00122074, 0.7785272
2.82172489, 1.237205
1e-08, 0.01859242, -0.01827434
0.0, 0.70116276, 0.71297342
2.82172489, 1.237205
1e-08, 0.01850266, -0.00754998
0.0, 0.65819269, 0.75283056
2.82010698, 1.275267
1e-08, 0.14507703, -0.02645238
0.0, 0.73830378, 0.67445904
1.26073301, 1.34012899
1e-08, 0.12236033, -0.01741038
0.0, 0.1841792, 0.9828791
1.26073301, 1.41928101
0.02322577, 0.14507703, -0.02645238
0.47468489, 0.68269908, 0.55543685
1.209638, 1.34012899
0.03064701, 0.12236033, -0.01741037
0.65758234, 0.25739312, 0.70802939
1.19413102, 1.41928101
1e-08, 0.14738457, -0.04532509
0.0, 0.70708334, -0.70708334
2.36191201, 1.14954101
1e-08, 0.14738457, -0.03122153
0.0, 0.93624681, 0.35126805
2.36191201, 1.19524699
1e-08, 0.11074743, -0.07864177
0.0, 0.31418806, -0.94933927
2.48847294, 1.030425
1e-08, 0.11390274, -0.07685529
0.0, 0.6684469, -0.74373609
2.482692, 1.035824
0.02064443, 0.11098661, -0.07815403
0.14813684, 0.27777946, -0.94912565
2.48847294, 1.030425
0.02233725, 0.11369687, -0.07666568
0.25315103, 0.57432783, -0.77846617
2.482692, 1.035824
1e-08, 0.14507703, -0.02645238
0.0, 0.73830378, 0.67445904
2.36988306, 1.210702
0.02322577, 0.14507703, -0.02645238
0.47468489, 0.68269908, 0.55543685
2.36988306, 1.210702
1e-08, 0.14603318, -0.02967411
0.0, 0.87603384, 0.48219246
2.36658001, 1.200261
0.03140532, 0.11941703, -0.01958379
0.95745718, 0.14349803, 0.25028229
2.45168304, 1.232961
0.03064701, 0.12236033, -0.01741037
0.65758234, 0.25739312, 0.70802939
2.44835711, 1.240005
0.02899726, 0.01906707, -0.01958378
0.7363506, -0.25946838, 0.62486649
2.82095194, 1.232961
1e-08, -0.0204567, -0.01246865
0.0, -0.39228493, 0.91982788
2.94313097, 1.25893101
1e-08, -0.02306451, -0.01458048
0.0, -0.77544481, 0.63139743
2.95236397, 1.251917
0.02124255, -0.02641383, -0.021067
0.19019136, -0.94308299, 0.27274391
2.964221, 1.246215
1e-08, -0.02641383, -0.021067
0.0, -0.97170937, 0.23606066
2.964221, 1.246215
0.0323035, 0.12845822, -0.04575909
0.96929836, 0.24338511, -0.03421125
2.42070794, 1.14954101
0.0324956, 0.11727361, -0.02172651
0.9688406, 0.09659109, 0.22800379
2.45168304, 1.232961
0.03136114, 0.11534762, -0.06938233
0.68410289, 0.1968749, -0.70226145
2.47281504, 1.0611
0.02299082, 0.11093198, -0.07732639
0.49092075, 0.19522691, -0.84902495
2.48806906, 1.035355
0.02829408, 0.01692375, -0.02028795
0.78341013, -0.13473922, 0.60667747
1.81884098, 1.93505102
0.02987662, 0.01744358, -0.02308685
0.77929014, 0.59993285, 0.18082216
1.94238997, 1.84959102
0.02899726, 0.01906707, -0.01958378
0.7363506, -0.25946838, 0.62486649
1.84106004, 1.91840601
0.02989131, 0.01906788, -0.02305757
0.66658527, -0.74044007, 0.08581805
1.88847303, 1.88670897
0.02987662, 0.01897771, -0.07907788
0.57222205, -0.79125339, -0.21543016
1.81884098, 1.93505102
0.02989131, 0.01906788, -0.02305757
0.66658527, -0.74044007, 0.08581805
1.94238997, 1.84959102
0.02987662, 0.01744327, -0.07926021
0.66158026, 0.68919951, -0.29541916
1.84106004, 1.91840601
0.02987662, 0.01744358, -0.02308685
0.77929014, 0.59993285, 0.18082216
1.88847303, 1.88670897
0.02822013, 0.01744327, -0.08094478
0.54829556, 0.61931211, -0.56193733
1.81884098, 1.93505102
0.02822013, 0.01897298, -0.080754
0.51374859, -0.68111211, -0.52162236
1.94238997, 1.84959102
0.02987662, 0.01897771, -0.07907788
0.57222205, -0.79125339, -0.21543016
1.88847303, 1.88670897
0.02056394, 0.01744327, -0.08808617
0.39695424, 0.64589375, -0.65205848
1.94238997, 1.84959102
0.02822013, 0.01897298, -0.080754
0.51374859, -0.68111211, -0.52162236
1.84106004, 1.91840601
0.02056394, 0.01890395, -0.08790224
0.3868221, -0.71282083, -0.58497882
1.88847303, 1.88670897
0.01821755, 0.01890486, -0.08888484
0.14056826, -0.71217996, -0.68776512
1.81884098, 1.93505102
0.02056394, 0.01890395, -0.08790224
0.3868221, -0.71282083, -0.58497882
1.94238997, 1.84959102
0.01821755, 0.01744327, -0.08907189
0.11612293, 0.53083897, -0.83944213
1.84106004, 1.91840601
0.02056394, 0.01744327, -0.08808617
0.39695424, 0.64589375, -0.65205848
1.88847303, 1.88670897
0.01821755, 0.01744327, -0.08907189
0.11612293, 0.53083897, -0.83944213
1.81884098, 1.93505102
1e-08, 0.01744327, -0.08907189
0.0, 0.4737083, -0.88064212
1.94238997, 1.84959102
0.01821755, 0.01890486, -0.08888484
0.14056826, -0.71217996, -0.68776512
1.84106004, 1.91840601
1e-08, 0.01890113, -0.08889208
0.0, -0.66243476, -0.74907684
1.88847303, 1.88670897
0.02064444, 0.01890486, -0.0905043
0.15881832, -0.6146428, -0.77263713
2.81880689, 1.00293
1e-08, 0.01890113, -0.09051196
0.0, -0.65861994, -0.75243384
2.81880689, 1.00293
0.02299082, 0.01890395, -0.08947451
0.42991424, -0.63014621, -0.64656514
2.82152104, 1.006302
0.03064701, 0.01897298, -0.08198323
0.5303812, -0.67094946, -0.51814324
2.8212831, 1.030579
0.03230351, 0.01897771, -0.08022673
0.7255165, -0.61421549, -0.31034273
2.81906009, 1.036269
0.0323182, 0.01906788, -0.02284716
0.71565902, -0.63148898, 0.29837948
2.81874895, 1.226694
0.0323182, 0.01906788, -0.02284716
0.71565902, -0.63148898, 0.29837948
2.82095194, 1.232961
0.03152014, 0.01692465, -0.02220486
0.74138618, 0.49662772, 0.45124668
2.82681394, 1.232961
0.02987662, 0.01744358, -0.02308685
0.77929014, 0.59993285, 0.18082216
2.82681394, 1.232961
0.02989131, 0.01906788, -0.02305757
0.66658527, -0.74044007, 0.08581805
2.82095194, 1.232961
0.02987662, 0.01897771, -0.07907788
0.57222205, -0.79125339, -0.21543016
2.81906009, 1.036269
0.02989131, 0.01906788, -0.02305757
0.66658527, -0.74044007, 0.08581805
2.81874895, 1.226694
0.02987662, 0.01744358, -0.02308685
0.77929014, 0.59993285, 0.18082216
2.8245759, 1.226595
0.02987662, 0.01744327, -0.07926021
0.66158026, 0.68919951, -0.29541916
2.8245759, 1.035816
0.02822013, 0.01897298, -0.080754
0.51374859, -0.68111211, -0.52162236
2.8212831, 1.030579
0.02056394, 0.01890395, -0.08790224
0.3868221, -0.71282083, -0.58497882
2.82152104, 1.006302
0.01821755, 0.01890486, -0.08888484
0.14056826, -0.71217996, -0.68776512
2.81880689, 1.00293
1e-08, 0.01890113, -0.08889208
0.0, -0.66243476, -0.74907684
2.81880689, 1.00293
1e-08, 0.14738457, -0.04532509
0.0, 0.70708334, -0.70708334
1.00196099, 1.29042801
0.02182195, 0.14738457, -0.045325
0.28977326, 0.71886349, -0.63182467
1.11006403, 1.29042801
0.02322577, 0.14603318, -0.045325
0.58729821, 0.44761497, -0.67430645
1.11664796, 1.27820301
0.03105253, 0.13164, -0.045325
0.76271856, 0.57078767, -0.30393383
1.11163604, 1.148003
0.00793583, 0.13324741, -0.04532509
-0.1447798, 0.31324199, -0.93853575
1.03918099, 1.162543
1e-08, 0.11973903, -0.04828035
0.0, 0.77822196, -0.6279794
1.27771199, 1.152053
0.00793584, 0.11973912, -0.04828035
-0.61525315, 0.62651449, -0.47843868
1.23974705, 1.152053
1e-08, 0.11973973, -0.05337975
0.0, 0.80889308, 0.58793908
1.27830696, 1.13146999
0.00734798, 0.11973982, -0.05336788
-0.55207986, 0.66481519, 0.50315869
1.24273598, 1.131501
0.03082391, 0.11818265, -0.06868086
0.53346354, 0.63115329, -0.56303596
0.119859, 1.248245
0.02233725, 0.11369687, -0.07666568
0.25315103, 0.57432783, -0.77846617
0.103572, 1.41690099
0.00734798, 0.12839836, -0.05632326
-0.28174686, 0.94540238, -0.16360973
0.046178, 1.069418
1e-08, 0.11390274, -0.07685529
0.0, 0.6684469, -0.74373609
0.003613, 1.42058599
1e-08, 0.12881313, -0.05633513
0.0, 0.95516831, 0.29606006
0.003635, 1.069648
0.00793583, 0.13324741, -0.04532509
-0.1447798, 0.31324199, -0.93853575
0.046411, 1.002441
0.03105253, 0.13164, -0.045325
0.76271856, 0.57078767, -0.30393383
0.118882, 1.002441
1e-08, 0.13378322, -0.04532509
0.0, 0.0990936, -0.99505597
1.27771199, 1.152053
0.00793583, 0.13324741, -0.04532509
-0.1447798, 0.31324199, -0.93853575
1.23974705, 1.152053
1e-08, 0.11973903, -0.04828035
0.0, 0.77822196, -0.6279794
1.27830696, 1.13146999
0.00793584, 0.11973912, -0.04828035
-0.61525315, 0.62651449, -0.47843868
1.24273598, 1.131501
0.00793583, 0.13324741, -0.04532509
-0.1447798, 0.31324199, -0.93853575
1.27771199, 1.152053
0.00734798, 0.12839836, -0.05632326
-0.28174686, 0.94540238, -0.16360973
1.23974705, 1.152053
0.00793584, 0.11973912, -0.04828035
-0.61525315, 0.62651449, -0.47843868
1.27830696, 1.13146999
0.00734798, 0.12839836, -0.05632326
-0.28174686, 0.94540238, -0.16360973
1.27771199, 1.152053
1e-08, 0.12881313, -0.05633513
0.0, 0.95516831, 0.29606006
1.23974705, 1.152053
0.00734798, 0.11973982, -0.05336788
-0.55207986, 0.66481519, 0.50315869
1.27830696, 1.13146999
1e-08, 0.11973973, -0.05337975
0.0, 0.80889308, 0.58793908
1.24273598, 1.131501
-0.03105261, 0.13164, -0.045325
-0.76274914, 0.57078767, -0.30393383
2.42070794, 1.14954101
-0.02322576, 0.14603318, -0.02967411
-0.61442918, 0.74791712, 0.25110629
2.36658001, 1.200261
-0.02322576, 0.14603318, -0.045325
-0.58729821, 0.44761497, -0.67430645
2.36658001, 1.14954101
-0.02182194, 0.14738457, -0.03122153
-0.2954497, 0.91601306, 0.27124852
2.36191201, 1.19524699
-0.02182193, 0.14738457, -0.04532509
-0.28977326, 0.71883297, -0.63185525
2.36191201, 1.14954101
-0.02243323, -0.02306613, -0.08867182
-0.57039094, -0.10516679, -0.81460005
2.95236993, 1.005841
-0.02119764, -0.02641384, -0.08867182
-0.26886806, -0.72460097, -0.63451034
2.964221, 1.005841
-0.02990376, -0.02306613, -0.08136923
-0.70982999, -0.1287576, -0.69246501
2.95236993, 1.030095
-0.02866818, -0.02641384, -0.08136923
-0.52671897, -0.78075504, -0.33606982
2.964221, 1.030095
-0.03152011, -0.02306613, -0.07964329
-0.90908533, -0.28070924, -0.30771813
2.95236993, 1.035827
-0.03152011, 0.01692424, -0.07964651
-0.78722495, 0.53474534, -0.30707723
2.8245759, 1.035816
-0.02014379, -0.02306612, -0.0896851
-0.18472853, -0.11890011, -0.97555465
2.95236993, 1.002476
-0.03082388, 0.11818265, -0.06868086
-0.53346354, 0.63115329, -0.56303596
2.46719599, 1.061592
-0.03230349, 0.11564951, -0.06819183
-0.91869867, 0.18512528, -0.34885707
2.47153902, 1.064791
-0.03230349, 0.12845822, -0.04575909
-0.96877956, 0.24552141, -0.0341197
2.42729211, 1.14813501
-0.02866818, -0.02641383, -0.02715514
-0.50596637, -0.78893399, 0.34864345
2.964221, 1.210153
-0.02119764, -0.02641384, -0.08867182
-0.26886806, -0.72460097, -0.63451034
1.74939203, 0.50717601
-0.02866818, -0.02641384, -0.08136923
-0.52671897, -0.78075504, -0.33606982
1.77135503, 0.53406101
-0.02124253, -0.02641383, -0.021067
-0.19019136, -0.94308299, 0.27274391
1.99570596, 0.507337
-0.02866818, -0.02641383, -0.02715514
-0.50596637, -0.78893399, 0.34864345
1.95827198, 0.53406101
-0.02090624, 0.01850266, -0.00754998
-0.342967, 0.58845788, 0.73213905
1.05551398, 1.64206398
-0.02247811, -0.02045671, -0.01246865
-0.65037996, -0.29758599, 0.69887388
1.09423196, 1.64206398
1e-08, 0.01850266, -0.00754998
0.0, 0.65819269, 0.75283056
1.05551398, 1.972534
1e-08, -0.0204567, -0.01246865
0.0, -0.39228493, 0.91982788
1.09027398, 1.972534
-0.02751411, 0.01859242, -0.01827434
-0.62758261, -0.00122074, 0.7785272
2.82172489, 1.237205
-0.02090624, 0.01850266, -0.00754998
-0.342967, 0.58845788, 0.73213905
2.82010698, 1.275267
-0.02322576, 0.14507703, -0.02645239
-0.47468489, 0.68269908, 0.55543685
1.209638, 1.34012899
-0.03064699, 0.12236033, -0.01741038
-0.65758234, 0.25739312, 0.70802939
1.19413102, 1.41928101
-0.02064441, 0.11098661, -0.07815403
-0.14813684, 0.27777946, -0.94912565
2.48847294, 1.030425
-0.02233724, 0.11369687, -0.07666568
-0.25315103, 0.57432783, -0.77846617
2.482692, 1.035824
-0.02322576, 0.14507703, -0.02645239
-0.47468489, 0.68269908, 0.55543685
2.36988306, 1.210702
-0.02899723, 0.01906707, -0.01958378
-0.7363506, -0.25946838, 0.62486649
2.82095194, 1.232961
-0.03064699, 0.12236033, -0.01741038
-0.65758234, 0.25739312, 0.70802939
2.44835711, 1.240005
-0.0314053, 0.11941703, -0.01958379
-0.95745718, 0.14349803, 0.25028229
2.45168304, 1.232961
-0.02124253, -0.02641383, -0.021067
-0.19019136, -0.94308299, 0.27274391
2.964221, 1.246215
-0.03230349, 0.12845822, -0.04575909
-0.96877956, 0.24552141, -0.0341197
2.42070794, 1.14954101
-0.03249558, 0.11727361, -0.02172651
-0.96868801, 0.09674367, 0.22861415
2.45168304, 1.232961
-0.0229908, 0.11093198, -0.07732639
-0.49092075, 0.19522691, -0.84902495
2.48806906, 1.035355
-0.03136113, 0.11534762, -0.06938233
-0.68410289, 0.1968749, -0.70226145
2.47281504, 1.0611
-0.02829406, 0.01692374, -0.02028795
-0.78341013, -0.13473922, 0.60667747
1.81884098, 1.93505102
-0.02899723, 0.01906707, -0.01958378
-0.7363506, -0.25946838, 0.62486649
1.84106004, 1.91840601
-0.0298766, 0.01744357, -0.02308685
-0.77929014, 0.59993285, 0.18082216
1.94238997, 1.84959102
-0.02989129, 0.01906787, -0.02305757
-0.66658527, -0.74044007, 0.08581805
1.88847303, 1.88670897
-0.02987659, 0.01897771, -0.07907788
-0.57222205, -0.79125339, -0.21543016
1.81884098, 1.93505102
-0.02987659, 0.01744327, -0.07926021
-0.66158026, 0.68919951, -0.29541916
1.84106004, 1.91840601
-0.02989129, 0.01906787, -0.02305757
-0.66658527, -0.74044007, 0.08581805
1.94238997, 1.84959102
-0.0298766, 0.01744357, -0.02308685
-0.77929014, 0.59993285, 0.18082216
1.88847303, 1.88670897
-0.0282201, 0.01744327, -0.08094478
-0.54829556, 0.61931211, -0.56193733
1.81884098, 1.93505102
-0.0282201, 0.01897298, -0.080754
-0.51374859, -0.68111211, -0.52162236
1.94238997, 1.84959102
-0.02987659, 0.01897771, -0.07907788
-0.57222205, -0.79125339, -0.21543016
1.88847303, 1.88670897
-0.0282201, 0.01897298, -0.080754
-0.51374859, -0.68111211, -0.52162236
1.84106004, 1.91840601
-0.02056391, 0.01744327, -0.08808617
-0.39695424, 0.64589375, -0.65205848
1.94238997, 1.84959102
-0.02056391, 0.01890395, -0.08790224
-0.3868221, -0.71282083, -0.58497882
1.88847303, 1.88670897
-0.01821752, 0.01890486, -0.08888484
-0.14056826, -0.71217996, -0.68776512
1.81884098, 1.93505102
-0.01821752, 0.01744327, -0.08907189
-0.11612293, 0.53083897, -0.83944213
1.84106004, 1.91840601
-0.02056391, 0.01890395, -0.08790224
-0.3868221, -0.71282083, -0.58497882
1.94238997, 1.84959102
-0.02056391, 0.01744327, -0.08808617
-0.39695424, 0.64589375, -0.65205848
1.88847303, 1.88670897
-0.01821752, 0.01744327, -0.08907189
-0.11612293, 0.53083897, -0.83944213
1.81884098, 1.93505102
-0.01821752, 0.01890486, -0.08888484
-0.14056826, -0.71217996, -0.68776512
1.84106004, 1.91840601
-0.02064441, 0.01890486, -0.0905043
-0.15881832, -0.6146428, -0.77263713
2.81880689, 1.00293
-0.02299079, 0.01890395, -0.08947451
-0.42991424, -0.63014621, -0.64656514
2.82152104, 1.006302
-0.03230348, 0.01897771, -0.08022673
-0.72548598, -0.61427653, -0.31034273
2.81906009, 1.036269
-0.03064698, 0.01897298, -0.08198323
-0.5303812, -0.67094946, -0.51814324
2.8212831, 1.030579
-0.03231817, 0.01906787, -0.02284717
-0.71565902, -0.63148898, 0.29837948
2.81874895, 1.226694
-0.03231817, 0.01906787, -0.02284717
-0.71565902, -0.63148898, 0.29837948
2.82095194, 1.232961
-0.0298766, 0.01744357, -0.02308685
-0.77929014, 0.59993285, 0.18082216
2.82681394, 1.232961
-0.03152011, 0.01692465, -0.02220487
-0.74138618, 0.49662772, 0.45124668
2.82681394, 1.232961
-0.02989129, 0.01906787, -0.02305757
-0.66658527, -0.74044007, 0.08581805
2.82095194, 1.232961
-0.02987659, 0.01897771, -0.07907788
-0.57222205, -0.79125339, -0.21543016
2.81906009, 1.036269
-0.02989129, 0.01906787, -0.02305757
-0.66658527, -0.74044007, 0.08581805
2.81874895, 1.226694
-0.0298766, 0.01744357, -0.02308685
-0.77929014, 0.59993285, 0.18082216
2.8245759, 1.226595
-0.02987659, 0.01744327, -0.07926021
-0.66158026, 0.68919951, -0.29541916
2.8245759, 1.035816
-0.0282201, 0.01897298, -0.080754
-0.51374859, -0.68111211, -0.52162236
2.8212831, 1.030579
-0.02056391, 0.01890395, -0.08790224
-0.3868221, -0.71282083, -0.58497882
2.82152104, 1.006302
-0.01821752, 0.01890486, -0.08888484
-0.14056826, -0.71217996, -0.68776512
2.81880689, 1.00293
-0.02322576, 0.14603318, -0.045325
-0.58729821, 0.44761497, -0.67430645
1.11664796, 1.27820301
-0.02182193, 0.14738457, -0.04532509
-0.28977326, 0.71883297, -0.63185525
1.11006403, 1.29042801
-0.00793582, 0.13324741, -0.045325
0.1447798, 0.31324199, -0.93853575
1.03918099, 1.162543
1e-08, 0.13378322, -0.04532509
0.0, 0.0990936, -0.99505597
1.00415802, 1.16739
-0.00793582, 0.11973912, -0.04828035
0.61525315, 0.62651449, -0.47843868
1.23974705, 1.152053
-0.00734797, 0.11973982, -0.05336788
0.55207986, 0.66481519, 0.50315869
1.24273598, 1.131501
1e-08, 0.12881313, -0.05633513
0.0, 0.95516831, 0.29606006
0.003705, 1.069648
1e-08, 0.11390274, -0.07685529
0.0, 0.6684469, -0.74373609
0.003543, 1.42058599
-0.00734797, 0.12839836, -0.05632326
0.28174686, 0.94540238, -0.16360973
0.046178, 1.069418
-0.02233724, 0.11369687, -0.07666568
-0.25315103, 0.57432783, -0.77846617
0.103572, 1.41690099
-0.03082388, 0.11818265, -0.06868086
-0.53346354, 0.63115329, -0.56303596
0.119859, 1.248245
-0.00793582, 0.13324741, -0.045325
0.1447798, 0.31324199, -0.93853575
0.046411, 1.002441
-0.03105261, 0.13164, -0.045325
-0.76274914, 0.57078767, -0.30393383
0.118882, 1.002441
-0.00793582, 0.13324741, -0.045325
0.1447798, 0.31324199, -0.93853575
1.23974705, 1.152053
-0.00793582, 0.11973912, -0.04828035
0.61525315, 0.62651449, -0.47843868
1.24273598, 1.131501
-0.00793582, 0.13324741, -0.045325
0.1447798, 0.31324199, -0.93853575
1.27771199, 1.152053
-0.00793582, 0.11973912, -0.04828035
0.61525315, 0.62651449, -0.47843868
1.27830696, 1.13146999
-0.00734797, 0.12839836, -0.05632326
0.28174686, 0.94540238, -0.16360973
1.23974705, 1.152053
-0.00734797, 0.12839836, -0.05632326
0.28174686, 0.94540238, -0.16360973
1.27771199, 1.152053
-0.00734797, 0.11973982, -0.05336788
0.55207986, 0.66481519, 0.50315869
1.27830696, 1.13146999
-0.03105261, 0.13164, -0.045325
-0.76274914, 0.57078767, -0.30393383
1.11163604, 1.148003
0.03064701, 0.12236033, -0.01741037
0.65758234, 0.25739312, 0.70802939
1.01679695, 1.64206398
1e-08, 0.12236033, -0.01741038
0.0, 0.1841792, 0.9828791
1.05551398, 1.64206398
0.02751414, 0.01859242, -0.01827434
0.62758261, -0.00122074, 0.7785272
1.02075398, 1.972534
1e-08, 0.01859242, -0.01827434
0.0, 0.70116276, 0.71297342
1.05551398, 1.972534
-0.03064699, 0.12236033, -0.01741038
-0.65758234, 0.25739312, 0.70802939
1.09423196, 1.64206398
-0.02751411, 0.01859242, -0.01827434
-0.62758261, -0.00122074, 0.7785272
1.09027398, 1.972534
0.00895899, 0.09409031, -0.0192327
0.70748007, 0.70668662, 0.0
1.13148701, 1.23441701
1e-08, 0.09409031, -0.0192327
0.0, 1.0, 0.0
1.13148701, 1.23441701
0.00895899, 0.09409031, -0.00547589
0.57734919, 0.57747126, 0.57716608
1.13148701, 1.29505101
1e-08, 0.09409031, -0.00547589
0.0, 0.70729697, 0.70690024
1.13148701, 1.29505101
1e-08, 0.06286138, 0.00472481
0.0, 0.65861994, 0.75246435
1.22344398, 1.32971501
0.00722431, 0.06286138, 0.00472482
0.52516252, 0.54826504, 0.6508072
1.22344398, 1.32971501
1e-08, 0.06422466, -0.00545979
0.0, 0.65871149, 0.7523728
1.21815503, 1.295118
0.008959, 0.06422466, -0.00545979
0.88219857, 0.26514482, 0.38904995
1.21815503, 1.295118
0.008959, 0.05377461, -0.01930415
1.0, 0.0, 0.0
1.27330399, 1.23412
0.008959, 0.043204, -0.00728714
-0.02801599, 0.70659506, 0.70705283
1.29647696, 1.29587999
1e-08, 0.0420929, 0.00472985
0.0, 0.60280162, 0.79784536
1.29788399, 1.32973599
0.008959, 0.0420929, 0.00472985
0.8685568, 0.32041383, 0.37803277
1.29788399, 1.32973599
0.00895899, 0.01592656, 0.0967779
0.57759333, 0.39912108, 0.71208841
1.28900397, 1.25117901
1e-08, 0.01592656, 0.0967779
0.0, 0.48890653, 0.87231058
1.28900397, 1.236568
0.008959, -0.01682814, 0.0876386
0.5771355, -0.71211892, 0.39967039
1.33089304, 1.25117901
1e-08, -0.01682814, 0.0876386
0.0, -0.87203586, 0.48942533
1.33089304, 1.236568
0.008959, 0.0420929, 0.00472985
0.8685568, 0.32041383, 0.37803277
0.39899999, 1.30142501
1e-08, 0.0420929, 0.00472985
0.0, 0.60280162, 0.79784536
0.368159, 1.309533
0.00895899, 0.01592656, 0.0967779
0.57759333, 0.39912108, 0.71208841
0.50123399, 1.66950399
1e-08, 0.01592656, 0.0967779
0.0, 0.48890653, 0.87231058
0.470393, 1.67761201
1e-08, 0.01345881, -0.01937559
0.0, -0.96218759, -0.27231666
0.37995699, 1.236974
0.008959, 0.01345881, -0.01937559
0.76137578, -0.62376779, -0.17651907
0.34911701, 1.24508201
1e-08, -0.01682814, 0.0876386
0.0, -0.87203586, 0.48942533
0.50123399, 1.66950399
0.008959, -0.01682814, 0.0876386
0.5771355, -0.71211892, 0.39967039
0.470393, 1.67761201
-0.00895898, 0.09409031, -0.0192327
-0.70748007, 0.70668662, 0.0
1.13148701, 1.23441701
-0.00895898, 0.09409031, -0.00547589
-0.57734919, 0.57747126, 0.57716608
1.13148701, 1.29505101
-0.0072243, 0.06286138, 0.00472481
-0.52516252, 0.54826504, 0.6508072
1.22344398, 1.32971501
-0.00895898, 0.06422466, -0.00545979
-0.88219857, 0.26514482, 0.38904995
1.21815503, 1.295118
-0.00895898, 0.0420929, 0.00472985
-0.8685568, 0.32041383, 0.37803277
1.29788399, 1.32973599
-0.00895898, 0.043204, -0.00728715
0.02801599, 0.70656455, 0.70705283
1.29647696, 1.29587999
-0.00895888, 0.01592656, 0.0967779
-0.57759333, 0.39912108, 0.71208841
1.39824402, 1.69316
-0.00895888, -0.01682814, 0.0876386
-0.5771355, -0.71211892, 0.39967039
1.52532804, 1.65510303
-0.00895898, 0.05377461, -0.01930415
-1.0, 0.0, 0.0
1.27330399, 1.23412
-0.00895898, 0.01345881, -0.01937559
-0.76137578, -0.62376779, -0.17651907
1.41512001, 1.233822
-0.00895888, 0.01592656, 0.0967779
-0.57759333, 0.39912108, 0.71208841
1.28900397, 1.25117901
-0.00895888, -0.01682814, 0.0876386
-0.5771355, -0.71211892, 0.39967039
1.33089304, 1.25117901
-0.00895898, 0.0420929, 0.00472985
-0.8685568, 0.32041383, 0.37803277
0.39899999, 1.30142501
-0.00895888, 0.01592656, 0.0967779
-0.57759333, 0.39912108, 0.71208841
0.50123399, 1.66950399
-0.00895898, 0.01345881, -0.01937559
-0.76137578, -0.62376779, -0.17651907
0.34911701, 1.24508201
-0.00895888, -0.01682814, 0.0876386
-0.5771355, -0.71211892, 0.39967039
0.470393, 1.67761201
0.008959, 0.01345881, -0.01937559
0.76137578, -0.62376779, -0.17651907
1.41512001, 1.233822
0.008959, -0.01682814, 0.0876386
0.5771355, -0.71211892, 0.39967039
1.52532804, 1.65510303
0.00895899, 0.01592656, 0.0967779
0.57759333, 0.39912108, 0.71208841
1.39824402, 1.69316
# Number of Faces:
550
# Face Data:
0, 1, 2
1, 3, 2
2, 3, 4
3, 5, 4
4, 5, 6
3, 7, 5
7, 8, 5
5, 8, 9
8, 10, 9
9, 10, 11
10, 12, 11
11, 12, 13
14, 15, 16
15, 17, 16
16, 17, 18
17, 19, 18
18, 19, 20
19, 21, 20
20, 21, 22
23, 24, 25
25, 24, 26
24, 4, 26
26, 4, 27
4, 6, 27
26, 27, 28
28, 27, 29
27, 30, 29
29, 30, 31
30, 32, 31
31, 32, 33
32, 34, 33
35, 36, 37
37, 36, 38
36, 39, 38
38, 39, 40
39, 41, 40
40, 41, 42
41, 43, 42
44, 45, 46
45, 47, 46
46, 47, 48
47, 49, 48
48, 49, 50
49, 51, 50
52, 53, 54
53, 55, 54
54, 55, 56
55, 57, 56
56, 57, 58
59, 60, 61
60, 62, 61
61, 62, 63
62, 64, 63
63, 64, 65
66, 67, 68
67, 69, 68
68, 69, 70
69, 71, 70
70, 71, 52
71, 72, 52
73, 74, 75
74, 76, 75
75, 76, 77
76, 78, 77
79, 80, 81
80, 82, 81
81, 82, 83
83, 84, 81
85, 86, 87
86, 88, 87
87, 88, 89
88, 90, 89
91, 92, 93
92, 94, 93
95, 96, 97
96, 98, 97
99, 100, 101
100, 102, 101
103, 83, 104
83, 82, 104
105, 80, 106
107, 103, 108
103, 104, 108
107, 108, 84
108, 81, 84
104, 82, 105
82, 80, 105
81, 108, 79
108, 106, 79
108, 104, 106
104, 105, 106
74, 109, 76
109, 78, 76
109, 110, 78
110, 77, 78
110, 73, 77
73, 75, 77
111, 112, 85
112, 86, 85
112, 90, 86
90, 88, 86
89, 111, 87
111, 85, 87
113, 114, 115
114, 116, 115
117, 118, 119
118, 120, 119
121, 122, 123
122, 124, 123
125, 126, 127
126, 128, 127
129, 130, 131
130, 132, 131
133, 134, 135
134, 136, 135
135, 136, 2
137, 138, 133
138, 139, 133
140, 141, 142
141, 143, 142
3, 144, 7
22, 21, 145
1, 0, 3
0, 14, 3
14, 16, 3
3, 16, 144
146, 147, 148
147, 149, 148
148, 149, 150
18, 20, 7
20, 8, 7
13, 21, 11
21, 19, 11
151, 152, 153
152, 154, 153
155, 156, 157
156, 158, 157
10, 22, 12
22, 145, 12
136, 14, 2
14, 0, 2
159, 160, 161
160, 162, 161
163, 164, 165
164, 166, 165
167, 168, 169
168, 170, 169
171, 172, 173
172, 174, 173
175, 176, 177
176, 178, 177
179, 180, 181
180, 182, 181
183, 184, 185
184, 186, 185
187, 188, 189
188, 190, 189
191, 192, 193
192, 194, 193
195, 196, 197
196, 198, 197
199, 200, 201
200, 202, 201
203, 204, 205
204, 206, 205
207, 208, 209
208, 210, 209
211, 212, 213
212, 214, 213
215, 216, 217
216, 218, 217
219, 220, 221
220, 222, 221
223, 224, 225
224, 226, 225
4, 227, 2
227, 135, 2
137, 133, 228
133, 229, 228
133, 135, 229
230, 231, 232
231, 233, 232
234, 235, 236
236, 235, 237
235, 24, 237
137, 234, 138
138, 234, 238
239, 142, 240
240, 142, 143
26, 28, 241
43, 242, 42
26, 23, 25
23, 26, 35
35, 26, 36
26, 241, 36
243, 244, 245
245, 244, 246
244, 247, 246
39, 28, 41
41, 28, 29
34, 32, 42
42, 32, 40
248, 249, 250
250, 249, 251
252, 253, 254
254, 253, 255
31, 33, 43
43, 33, 242
237, 24, 35
35, 24, 23
256, 257, 258
258, 257, 259
260, 261, 262
262, 261, 263
264, 265, 266
266, 265, 267
268, 269, 270
270, 269, 271
272, 273, 274
274, 273, 275
276, 277, 278
278, 277, 279
280, 281, 282
282, 281, 283
284, 285, 286
286, 285, 287
288, 289, 290
290, 289, 291
292, 293, 294
294, 293, 295
296, 297, 298
298, 297, 299
300, 301, 302
302, 301, 303
304, 305, 306
306, 305, 307
308, 309, 310
310, 309, 311
312, 313, 314
314, 313, 315
316, 317, 318
318, 317, 319
320, 321, 322
322, 321, 323
4, 24, 227
227, 24, 235
137, 228, 234
234, 228, 324
234, 324, 235
325, 326, 231
231, 326, 233
327, 328, 329
328, 330, 329
329, 330, 331
332, 333, 334
333, 335, 334
334, 335, 336
337, 45, 332
45, 44, 332
336, 335, 338
339, 331, 340
331, 341, 340
342, 333, 44
333, 332, 44
56, 336, 54
336, 338, 54
337, 334, 58
334, 336, 58
58, 336, 56
52, 54, 343
54, 338, 343
335, 344, 338
344, 343, 338
345, 346, 347
346, 348, 347
348, 349, 350
349, 351, 350
350, 351, 352
353, 354, 355
354, 356, 355
357, 358, 51
358, 359, 51
360, 361, 362
361, 363, 362
364, 365, 327
365, 328, 327
366, 367, 368
367, 369, 368
370, 371, 372
371, 330, 372
372, 330, 365
330, 328, 365
331, 330, 373
330, 374, 373
373, 374, 375
374, 357, 375
50, 376, 48
376, 377, 48
48, 377, 378
377, 379, 378
48, 378, 46
378, 342, 46
46, 342, 44
375, 357, 47
357, 51, 47
47, 51, 49
330, 371, 374
331, 373, 380
373, 381, 380
340, 382, 339
382, 383, 339
339, 383, 369
369, 383, 368
384, 385, 386
385, 387, 386
388, 389, 390
389, 391, 390
392, 393, 390
393, 394, 390
392, 395, 396
395, 397, 396
398, 399, 400
399, 401, 400
402, 403, 404
403, 405, 404
406, 407, 368
407, 366, 368
408, 406, 383
406, 368, 383
408, 382, 409
382, 340, 409
409, 340, 410
340, 380, 410
380, 381, 410
410, 381, 411
373, 375, 381
375, 412, 381
47, 413, 414
412, 375, 415
410, 411, 416
411, 417, 416
45, 337, 418
337, 419, 418
409, 410, 420
410, 416, 420
337, 58, 419
58, 57, 419
408, 409, 421
409, 420, 421
408, 422, 406
422, 423, 406
406, 423, 407
424, 425, 426
426, 427, 428
429, 430, 431
430, 432, 431
433, 434, 435
434, 436, 435
435, 436, 437
438, 439, 435
439, 433, 435
440, 441, 442
441, 443, 442
444, 445, 446
445, 432, 446
447, 448, 449
448, 450, 449
451, 452, 453
452, 454, 453
453, 454, 455
456, 457, 458
457, 459, 458
458, 459, 460
461, 460, 64
460, 65, 64
456, 462, 457
463, 464, 451
464, 465, 451
466, 65, 459
65, 460, 459
68, 70, 456
70, 462, 456
68, 456, 66
456, 458, 66
66, 458, 461
458, 460, 461
52, 343, 70
343, 462, 70
457, 462, 344
462, 343, 344
467, 347, 468
347, 348, 468
352, 469, 350
469, 470, 350
350, 470, 348
470, 468, 348
471, 472, 473
472, 474, 473
475, 476, 358
476, 359, 358
360, 477, 361
477, 478, 361
364, 455, 365
455, 454, 365
366, 479, 367
479, 480, 367
365, 452, 372
452, 481, 372
372, 481, 370
482, 483, 484
483, 452, 484
484, 452, 451
485, 377, 61
377, 376, 61
61, 376, 59
65, 466, 63
466, 485, 63
63, 485, 61
60, 476, 62
476, 475, 62
62, 475, 482
483, 481, 452
451, 486, 484
486, 487, 484
480, 488, 463
488, 489, 463
463, 489, 464
480, 479, 488
490, 491, 492
491, 493, 492
494, 495, 496
495, 497, 496
498, 495, 499
495, 500, 499
498, 501, 502
501, 503, 502
504, 505, 506
505, 507, 506
508, 509, 403
509, 405, 403
510, 479, 407
479, 366, 407
511, 488, 510
488, 479, 510
512, 464, 513
464, 489, 513
513, 489, 511
489, 488, 511
486, 464, 487
464, 512, 487
487, 512, 514
484, 487, 482
487, 515, 482
62, 516, 517
515, 518, 482
512, 519, 514
519, 520, 514
64, 521, 461
521, 522, 461
513, 523, 512
523, 519, 512
461, 522, 66
522, 67, 66
511, 524, 513
524, 523, 513
407, 423, 510
423, 525, 510
510, 525, 511
525, 524, 511
424, 526, 527
526, 424, 528
424, 529, 528
429, 431, 530
431, 531, 530
532, 533, 534
533, 535, 534
534, 535, 536
537, 534, 538
534, 536, 538
440, 442, 539
442, 540, 539
541, 542, 543
542, 531, 543
544, 545, 448
545, 450, 448
426, 428, 424
428, 529, 424
526, 528, 546
547, 548, 549
548, 550, 549
548, 551, 550
551, 552, 550
553, 554, 555
554, 556, 555
557, 558, 559
558, 560, 559
561, 553, 562
553, 560, 562
560, 553, 555
559, 560, 556
560, 555, 556
563, 564, 557
564, 558, 557
565, 566, 567
566, 568, 567
569, 570, 571
570, 572, 571
573, 574, 575
574, 576, 575
577, 578, 554
578, 556, 554
557, 559, 579
559, 580, 579
580, 578, 577
559, 556, 580
556, 578, 580
563, 557, 581
557, 579, 581
581, 582, 583
582, 584, 583
584, 582, 585
585, 586, 584
587, 588, 566
588, 568, 566
589, 590, 570
590, 572, 570
573, 575, 591
575, 592, 591
580, 582, 579
582, 581, 579
593, 561, 594
561, 595, 594
595, 561, 562
562, 564, 595
564, 562, 558
562, 560, 558
582, 580, 585
580, 577, 585
53, 52, 72
60, 59, 476
80, 79, 106
134, 133, 139
236, 238, 234
334, 337, 332
349, 348, 346
382, 408, 383
422, 408, 421
452, 365, 454
483, 482, 475
377, 485, 379
