# Project Zomboid Skinned Mesh
# File Version:
1.0
# Model Name:
Cylinder.001
# Vertex Stride Element Count:
3
# Vertex Stride Size (in bytes):
76
# Vertex Stride Data:
# (Int)    Offset
# (String) Type
0
VertexArray
12
NormalArray
24
TextureCoordArray
# Vertex Count:
136
# Vertex Buffer:
0.0, -0.02164316, -0.01821259
0.0, -0.68568987, -0.72786647
0.42644051, 0.54476756
-0.0035531, -0.02164316, -0.01786264
-0.14200263, -0.68568987, -0.713889
0.43670502, 0.54476756
-0.0035531, 0.45031294, -0.01786265
-0.14200263, 0.68568987, -0.713889
0.43670502, 0.1196999
-0.00696966, -0.02164316, -0.01682624
-0.27854243, -0.68568987, -0.67247534
0.44657567, 0.54476756
-0.00696966, 0.45031294, -0.01682625
-0.27854243, 0.68572038, -0.6724143
0.44657567, 0.1196999
-0.01011837, -0.02164316, -0.01514322
-0.40437025, -0.68568987, -0.60521257
0.45567232, 0.54476756
-0.01011837, 0.45031294, -0.01514322
-0.40437025, 0.68568987, -0.60521257
0.45567232, 0.1196999
-0.01287825, -0.02164316, -0.01287825
-0.51466417, -0.68568987, -0.51466417
0.46364564, 0.54476756
-0.01287825, 0.45031294, -0.01287825
-0.51466417, 0.68568987, -0.51466417
0.46364564, 0.1196999
-0.01287825, -0.02164316, -0.01287825
-0.51466417, -0.68568987, -0.51466417
0.30214965, 0.3832714
-0.01514322, -0.02164316, -0.01011837
-0.60521257, -0.68568987, -0.40437025
0.30214965, 0.39124471
-0.01514322, 0.45031294, -0.01011838
-0.60521257, 0.68568987, -0.40437025
0.72721744, 0.39124471
-0.01682624, -0.02164316, -0.00696966
-0.67247534, -0.68568987, -0.27854243
0.30214965, 0.40034145
-0.01682624, 0.45031294, -0.00696966
-0.67247534, 0.68568987, -0.27854243
0.72721744, 0.40034145
-0.01786264, -0.02164316, -0.0035531
-0.713889, -0.68568987, -0.14200263
0.30214965, 0.41021222
-0.01786264, 0.45031294, -0.00355311
-0.713889, 0.68568987, -0.14200263
0.72721744, 0.41021222
-0.01821259, -0.02164316, 0.0
-0.72786647, -0.68568987, 0.0
0.30214965, 0.42047685
-0.01821259, 0.45031294, -1e-08
-0.72786647, 0.68568987, 0.0
0.72721744, 0.42047685
-0.01786264, -0.02164316, 0.0035531
-0.713889, -0.68568987, 0.14200263
0.30214965, 0.43074155
-0.01786264, 0.45031294, 0.00355309
-0.713889, 0.68568987, 0.14200263
0.72721744, 0.43074155
-0.01682624, -0.02164316, 0.00696966
-0.67247534, -0.68568987, 0.27854243
0.30214965, 0.44061196
-0.01682624, 0.45031294, 0.00696965
-0.67247534, 0.68568987, 0.27854243
0.72721744, 0.44061196
-0.01514322, -0.02164316, 0.01011838
-0.60521257, -0.68568987, 0.40437025
0.30214965, 0.4497087
-0.01514322, 0.45031294, 0.01011837
-0.60521257, 0.68568987, 0.40437025
0.72721744, 0.4497084
-0.01287825, -0.02164316, 0.01287825
-0.51466417, -0.68568987, 0.51466417
0.30214965, 0.45768172
-0.01287825, 0.45031294, 0.01287824
-0.51469469, 0.68568987, 0.5146336
0.72721744, 0.45768172
-0.01287825, -0.02164316, 0.01287825
-0.51466417, -0.68568987, 0.51466417
0.46364564, 0.54476756
-0.01011838, -0.02164316, 0.01514322
-0.40437025, -0.68568987, 0.60521257
0.45567232, 0.54476756
-0.01011838, 0.45031294, 0.01514321
-0.40437025, 0.68568987, 0.60521257
0.45567232, 0.1196999
-0.00696966, -0.02164316, 0.01682625
-0.27854243, -0.68568987, 0.67247534
0.44657567, 0.54476756
-0.00696966, 0.45031294, 0.01682624
-0.27854243, 0.68572038, 0.6724143
0.44657567, 0.1196999
-0.0035531, -0.02164316, 0.01786265
-0.14200263, -0.68568987, 0.713889
0.43670502, 0.54476756
-0.0035531, 0.45031294, 0.01786264
-0.14200263, 0.68568987, 0.713889
0.43670502, 0.1196999
0.0, -0.02164316, 0.0182126
0.0, -0.68568987, 0.72786647
0.42644051, 0.54476756
0.00355311, -0.02164316, 0.01786265
0.14200263, -0.68568987, 0.713889
0.4161756, 0.54476756
0.00355311, 0.45031294, 0.01786264
0.14200263, 0.68568987, 0.713889
0.4161756, 0.1196999
0.00696966, -0.02164316, 0.01682624
0.27854243, -0.68568987, 0.67247534
0.40630528, 0.54476756
0.00696966, 0.45031294, 0.01682623
0.27854243, 0.68565935, 0.67247534
0.40630528, 0.1196999
0.01011838, -0.02164316, 0.01514322
0.40437025, -0.68568987, 0.60521257
0.3972086, 0.54476756
0.01011838, 0.45031294, 0.01514321
0.40437025, 0.68568987, 0.60521257
0.3972086, 0.1196999
0.01287826, -0.02164316, 0.01287824
0.51466417, -0.68568987, 0.51469469
0.38923562, 0.54476756
0.01287826, 0.45031294, 0.01287824
0.51469469, 0.68568987, 0.5146336
0.38923562, 0.1196999
0.01287826, -0.02164316, 0.01287824
0.51466417, -0.68568987, 0.51469469
0.30214965, 0.45768172
0.01514322, -0.02164316, 0.01011837
0.60521257, -0.68568987, 0.40437025
0.30214965, 0.4497084
0.01514322, 0.45031294, 0.01011836
0.60521257, 0.68568987, 0.40437025
0.72721744, 0.4497084
0.01682625, -0.02164316, 0.00696965
0.67247534, -0.68568987, 0.27854243
0.30214965, 0.44061196
0.01682625, 0.45031294, 0.00696964
0.67247534, 0.68568987, 0.27851191
0.72721744, 0.44061196
0.01786265, -0.02164316, 0.00355309
0.713889, -0.68568987, 0.14200263
0.30214965, 0.43074155
0.01786265, 0.45031294, 0.00355308
0.713889, 0.68568987, 0.14200263
0.72721744, 0.43074155
0.01821259, -0.02164316, -1e-08
0.72786647, -0.68568987, 0.0
0.30214965, 0.42047685
0.01821259, 0.45031294, -2e-08
0.72786647, 0.68568987, 0.0
0.72721744, 0.42047685
0.01786264, -0.02164316, -0.00355311
0.713889, -0.68568987, -0.14200263
0.30214965, 0.41021222
0.01786264, 0.45031294, -0.00355312
0.713889, 0.68568987, -0.14200263
0.72721744, 0.41021156
0.01682623, -0.02164316, -0.00696967
0.67247534, -0.68568987, -0.27854243
0.30214965, 0.40034145
0.01682623, 0.45031294, -0.00696968
0.67247534, 0.68568987, -0.27854243
0.72721744, 0.40034145
0.01514321, -0.02164316, -0.01011839
0.60521257, -0.68568987, -0.40437025
0.30214965, 0.39124471
0.01514321, 0.45031294, -0.01011839
0.60521257, 0.68568987, -0.40437025
0.72721744, 0.39124471
0.01287823, -0.02164316, -0.01287826
0.51466417, -0.68568987, -0.51466417
0.30214965, 0.3832714
0.01287823, 0.45031294, -0.01287827
0.51466417, 0.68568987, -0.51466417
0.72721744, 0.3832714
0.01287823, -0.02164316, -0.01287826
0.51466417, -0.68568987, -0.51466417
0.38923562, 0.54476756
0.01011836, -0.02164316, -0.01514323
0.40437025, -0.68568987, -0.60521257
0.39720893, 0.54476756
0.01011836, 0.45031294, -0.01514323
0.40437025, 0.68568987, -0.60521257
0.39720893, 0.1196999
0.00696963, -0.02164316, -0.01682625
0.27854243, -0.68568987, -0.67247534
0.40630528, 0.54476756
0.00696963, 0.45031294, -0.01682626
0.27851191, 0.68565935, -0.67250586
0.40630528, 0.1196999
0.00696966, -0.02164316, 0.01682624
0.27854243, -0.68568987, 0.67247534
0.40630528, 0.46908754
-0.01682624, -0.02164316, 0.00696966
-0.67247534, -0.68568987, 0.27854243
0.47505113, 0.44061196
-0.00696966, -0.02164316, -0.01682624
-0.27854243, -0.68568987, -0.67247534
0.44657567, 0.37186623
0.00355308, -0.02164316, -0.01786265
0.14200263, -0.68568987, -0.713889
0.4161756, 0.54476756
0.0, 0.45031294, -0.0182126
0.0, 0.68565935, -0.72789699
0.42644051, 0.1196999
0.00355308, 0.45031294, -0.01786265
0.14197211, 0.68568987, -0.713889
0.4161756, 0.1196999
0.01011838, 0.45031294, 0.01514321
0.40437025, 0.68568987, 0.60521257
0.3972086, 0.46422499
0.01786265, 0.45031294, 0.00355308
0.713889, 0.68568987, 0.14200263
0.37483576, 0.43074155
0.00355308, 0.45031294, -0.01786265
0.14197211, 0.68568987, -0.713889
0.4161756, 0.36887181
-0.01287825, 0.45031294, -0.01287825
-0.51466417, 0.68568987, -0.51466417
0.72721744, 0.3832714
-0.01287825, 0.45031294, 0.01287824
-0.51469469, 0.68568987, 0.5146336
0.46364564, 0.1196999
0.0, 0.45031294, 0.01821259
0.0, 0.68568987, 0.72786647
0.42644051, 0.1196999
0.01287826, 0.45031294, 0.01287824
0.51469469, 0.68568987, 0.5146336
0.72721744, 0.45768172
0.01287823, 0.45031294, -0.01287827
0.51466417, 0.68568987, -0.51466417
0.38923562, 0.1196999
-0.0035531, -0.02164316, -0.01786264
-0.14200263, -0.68568987, -0.713889
0.43670502, 0.36887246
0.0, -0.02164316, -0.01821259
0.0, -0.68568987, -0.72786647
0.42644051, 0.36786121
0.00355308, -0.02164316, -0.01786265
0.14200263, -0.68568987, -0.713889
0.4161756, 0.36887246
0.00696963, -0.02164316, -0.01682625
0.27854243, -0.68568987, -0.67247534
0.40630528, 0.37186623
0.01011836, -0.02164316, -0.01514323
0.40437025, -0.68568987, -0.60521257
0.39720893, 0.37672842
0.01682623, -0.02164316, -0.00696967
0.67247534, -0.68568987, -0.27854243
0.37782979, 0.40034145
0.01287823, -0.02164316, -0.01287826
0.51466417, -0.68568987, -0.51466417
0.38923562, 0.3832714
0.01514321, -0.02164316, -0.01011839
0.60521257, -0.68568987, -0.40437025
0.38269207, 0.39124471
0.01786264, -0.02164316, -0.00355311
0.713889, -0.68568987, -0.14200263
0.37483576, 0.41021222
0.01821259, -0.02164316, -1e-08
0.72786647, -0.68568987, 0.0
0.37382469, 0.42047685
0.01786265, -0.02164316, 0.00355309
0.713889, -0.68568987, 0.14200263
0.37483576, 0.43074155
0.01682625, -0.02164316, 0.00696965
0.67247534, -0.68568987, 0.27854243
0.37782979, 0.44061196
0.01514322, -0.02164316, 0.01011837
0.60521257, -0.68568987, 0.40437025
0.38269207, 0.4497084
0.01287826, -0.02164316, 0.01287824
0.51466417, -0.68568987, 0.51469469
0.38923562, 0.45768172
0.01011838, -0.02164316, 0.01514322
0.40437025, -0.68568987, 0.60521257
0.3972086, 0.46422499
0.00355311, -0.02164316, 0.01786265
0.14200263, -0.68568987, 0.713889
0.4161756, 0.4720816
0.0, -0.02164316, 0.0182126
0.0, -0.68568987, 0.72786647
0.42644051, 0.47309256
-0.0035531, -0.02164316, 0.01786265
-0.14200263, -0.68568987, 0.713889
0.43670502, 0.4720816
-0.00696966, -0.02164316, 0.01682625
-0.27854243, -0.68568987, 0.67247534
0.44657567, 0.46908754
-0.01011838, -0.02164316, 0.01514322
-0.40437025, -0.68568987, 0.60521257
0.45567232, 0.46422499
-0.01287825, -0.02164316, 0.01287825
-0.51466417, -0.68568987, 0.51466417
0.46364564, 0.45768172
-0.01514322, -0.02164316, 0.01011838
-0.60521257, -0.68568987, 0.40437025
0.47018886, 0.4497087
-0.01786264, -0.02164316, 0.0035531
-0.713889, -0.68568987, 0.14200263
0.47804484, 0.43074155
-0.01821259, -0.02164316, 0.0
-0.72786647, -0.68568987, 0.0
0.47905591, 0.42047685
-0.01786264, -0.02164316, -0.0035531
-0.713889, -0.68568987, -0.14200263
0.47804484, 0.41021222
-0.01682624, -0.02164316, -0.00696966
-0.67247534, -0.68568987, -0.27854243
0.47505113, 0.40034145
-0.01514322, -0.02164316, -0.01011837
-0.60521257, -0.68568987, -0.40437025
0.47018886, 0.39124471
-0.01287825, -0.02164316, -0.01287825
-0.51466417, -0.68568987, -0.51466417
0.46364564, 0.3832714
-0.01011837, -0.02164316, -0.01514322
-0.40437025, -0.68568987, -0.60521257
0.45567232, 0.37672842
0.0, 0.45031294, -0.0182126
0.0, 0.68565935, -0.72789699
0.42644051, 0.36786121
-0.0035531, 0.45031294, -0.01786265
-0.14200263, 0.68568987, -0.713889
0.43670502, 0.36887181
-0.00696966, 0.45031294, -0.01682625
-0.27854243, 0.68572038, -0.6724143
0.44657567, 0.37186623
-0.01011837, 0.45031294, -0.01514322
-0.40437025, 0.68568987, -0.60521257
0.45567232, 0.37672842
-0.01287825, 0.45031294, -0.01287825
-0.51466417, 0.68568987, -0.51466417
0.46364564, 0.3832714
-0.01786264, 0.45031294, -0.00355311
-0.713889, 0.68568987, -0.14200263
0.47804484, 0.41021222
-0.01514322, 0.45031294, -0.01011838
-0.60521257, 0.68568987, -0.40437025
0.47018886, 0.39124471
-0.01682624, 0.45031294, -0.00696966
-0.67247534, 0.68568987, -0.27854243
0.47505113, 0.40034145
-0.01821259, 0.45031294, -1e-08
-0.72786647, 0.68568987, 0.0
0.47905591, 0.42047685
-0.01786264, 0.45031294, 0.00355309
-0.713889, 0.68568987, 0.14200263
0.47804484, 0.43074155
-0.01682624, 0.45031294, 0.00696965
-0.67247534, 0.68568987, 0.27854243
0.47505113, 0.44061196
-0.01514322, 0.45031294, 0.01011837
-0.60521257, 0.68568987, 0.40437025
0.47018886, 0.4497084
-0.01287825, 0.45031294, 0.01287824
-0.51469469, 0.68568987, 0.5146336
0.46364564, 0.45768172
-0.01011838, 0.45031294, 0.01514321
-0.40437025, 0.68568987, 0.60521257
0.45567232, 0.46422499
-0.00696966, 0.45031294, 0.01682624
-0.27854243, 0.68572038, 0.6724143
0.44657567, 0.46908754
-0.0035531, 0.45031294, 0.01786264
-0.14200263, 0.68568987, 0.713889
0.43670502, 0.4720816
0.0, 0.45031294, 0.01821259
0.0, 0.68568987, 0.72786647
0.42644051, 0.47309256
0.00355311, 0.45031294, 0.01786264
0.14200263, 0.68568987, 0.713889
0.4161756, 0.4720816
0.00696966, 0.45031294, 0.01682623
0.27854243, 0.68565935, 0.67247534
0.40630528, 0.46908754
0.01287826, 0.45031294, 0.01287824
0.51469469, 0.68568987, 0.5146336
0.38923562, 0.45768172
0.01514322, 0.45031294, 0.01011836
0.60521257, 0.68568987, 0.40437025
0.38269207, 0.4497084
0.01682625, 0.45031294, 0.00696964
0.67247534, 0.68568987, 0.27851191
0.37782979, 0.44061196
0.01821259, 0.45031294, -2e-08
0.72786647, 0.68568987, 0.0
0.37382469, 0.42047685
0.01786264, 0.45031294, -0.00355312
0.713889, 0.68568987, -0.14200263
0.37483576, 0.41021156
0.01682623, 0.45031294, -0.00696968
0.67247534, 0.68568987, -0.27854243
0.37782979, 0.40034145
0.01514321, 0.45031294, -0.01011839
0.60521257, 0.68568987, -0.40437025
0.38269207, 0.39124471
0.01287823, 0.45031294, -0.01287827
0.51466417, 0.68568987, -0.51466417
0.38923562, 0.3832714
0.01011836, 0.45031294, -0.01514323
0.40437025, 0.68568987, -0.60521257
0.39720893, 0.37672842
0.00696963, 0.45031294, -0.01682626
0.27851191, 0.68565935, -0.67250586
0.40630528, 0.37186623
# Number of Faces:
124
# Face Data:
0, 1, 2
1, 3, 4
3, 5, 6
5, 7, 8
9, 10, 11
10, 12, 13
12, 14, 15
14, 16, 17
16, 18, 19
18, 20, 21
20, 22, 23
22, 24, 25
26, 27, 28
27, 29, 30
29, 31, 32
32, 31, 33
33, 34, 35
34, 36, 37
36, 38, 39
38, 40, 41
42, 43, 44
43, 45, 46
45, 47, 48
47, 49, 50
49, 51, 52
51, 53, 54
53, 55, 56
55, 57, 58
59, 60, 61
60, 62, 63
64, 65, 66
67, 0, 68
62, 67, 69
70, 71, 72
68, 0, 2
2, 1, 4
4, 3, 6
6, 5, 8
73, 9, 11
11, 10, 13
13, 12, 15
15, 14, 17
17, 16, 19
19, 18, 21
21, 20, 23
23, 22, 25
74, 26, 28
28, 27, 30
30, 29, 32
75, 32, 33
75, 33, 35
35, 34, 37
37, 36, 39
39, 38, 41
76, 42, 44
44, 43, 46
46, 45, 48
48, 47, 50
50, 49, 52
52, 51, 54
54, 53, 56
56, 55, 58
77, 59, 61
61, 60, 63
66, 78, 79
79, 80, 81
81, 82, 83
84, 85, 83
83, 86, 87
87, 88, 83
89, 90, 64
91, 92, 64
64, 93, 94
94, 95, 64
96, 97, 65
98, 99, 65
65, 100, 101
101, 102, 103
103, 104, 105
105, 106, 66
66, 79, 81
82, 84, 83
83, 88, 89
90, 91, 64
64, 95, 96
97, 98, 65
65, 101, 103
103, 105, 65
66, 81, 64
83, 89, 64
64, 96, 65
65, 105, 66
81, 83, 64
69, 67, 68
63, 62, 69
72, 107, 108
108, 109, 110
110, 111, 112
113, 114, 112
112, 115, 116
116, 117, 112
118, 119, 120
120, 121, 122
122, 123, 124
124, 125, 122
70, 126, 127
127, 128, 71
71, 129, 130
130, 131, 71
132, 133, 134
134, 135, 72
72, 108, 112
111, 113, 112
112, 117, 118
118, 120, 112
122, 125, 70
70, 127, 71
71, 131, 132
132, 134, 71
108, 110, 112
112, 120, 122
122, 70, 72
71, 134, 72
72, 112, 122
