# Project Zomboid Skinned Mesh
# File Version:
1.0
# Model Name:
KingdomStaff_Cube.004
# Vertex Stride Element Count:
3
# Vertex Stride Size (in bytes):
76
# Vertex Stride Data:
# (Int)    Offset
# (String) Type
0
VertexArray
12
NormalArray
24
TextureCoordArray
# Vertex Count:
258
# Vertex Buffer:
-0.12528247, 0.77133781, -0.01234548
-0.73329872, -0.42335278, 0.53196812
0.20444891, 0.02180642
-0.12095235, 0.7738378, -0.09234552
0.0, 0.0, -0.99996948
0.2077221, 0.05204296
-0.11662222, 0.77133781, -0.01234548
0.73329872, -0.42335278, 0.53196812
0.21099532, 0.02180642
-0.12095235, 0.7788378, -0.01234548
0.0, 0.84673607, 0.53196812
0.75598878, 0.0198378
-0.12095235, 0.7738378, -0.09234552
0.0, 0.0, -0.99996948
0.75220925, 0.05007434
-0.12528247, 0.77133781, -0.01234548
-0.73329872, -0.42335278, 0.53196812
0.75031942, 0.0198378
-0.11662222, 0.77133781, -0.01234548
0.73329872, -0.42335278, 0.53196812
0.75031942, 0.0198378
-0.12095235, 0.7788378, -0.01234548
0.0, 0.84673607, 0.53196812
0.44789451, 0.01314521
-0.12528247, 0.77133781, -0.01234548
-0.73329872, -0.42335278, 0.53196812
0.44462132, 0.01597989
-0.11662222, 0.77133781, -0.01234548
0.73329872, -0.42335278, 0.53196812
0.45116773, 0.01597989
-0.01309916, 0.67126787, 0.0068644
-0.58268988, 0.60219121, 0.54570144
0.67467517, 0.01257718
-0.01309916, 0.67126787, -0.0068644
-0.58268988, 0.60219121, -0.54570144
0.67467517, 0.01776612
-0.01309916, 0.6450696, -0.00944819
-0.57234412, -0.55061495, -0.607593
0.65487146, 0.01874268
0.01309916, 0.67126787, 0.0068644
0.58268988, 0.60219121, 0.54570144
0.30905363, 0.0145458
0.01309916, 0.67126787, -0.0068644
0.58268988, 0.60219121, -0.54570144
0.30905363, 0.01973474
-0.01309916, 0.67126787, -0.0068644
-0.58268988, 0.60219121, -0.54570144
0.28924996, 0.01973474
0.01309916, 0.6450696, 0.00944819
0.57234412, -0.55061495, 0.607593
0.65487146, 0.01160073
0.01309916, 0.6450696, -0.00944819
0.57234412, -0.55061495, -0.607593
0.65487146, 0.01874268
0.01309916, 0.67126787, -0.0068644
0.58268988, 0.60219121, -0.54570144
0.67467517, 0.01776612
-0.01309916, 0.6450696, 0.00944819
-0.57234412, -0.55061495, 0.607593
0.28924996, 0.01356936
-0.01309916, 0.6450696, -0.00944819
-0.57234412, -0.55061495, -0.607593
0.28924996, 0.0207113
0.01309916, 0.6450696, -0.00944819
0.57234412, -0.55061495, -0.607593
0.30905363, 0.0207113
-0.01309916, 0.67126787, -0.0068644
-0.58268988, 0.60219121, -0.54570144
0.5294224, 0.05380201
0.01309916, 0.67126787, -0.0068644
0.58268988, 0.60219121, -0.54570144
0.54922611, 0.05380201
0.01309916, 0.6450696, -0.00944819
0.57234412, -0.55061495, -0.607593
0.54922611, 0.06370384
0.01309916, 0.67126787, 0.0068644
0.58268988, 0.60219121, 0.54570144
0.54922611, 0.05380201
-0.01309916, 0.67126787, 0.0068644
-0.58268988, 0.60219121, 0.54570144
0.5294224, 0.05380201
-0.01309916, 0.6450696, 0.00944819
-0.57234412, -0.55061495, 0.607593
0.5294224, 0.06370384
-0.1347658, 0.78831381, -0.01288353
0.57734919, -0.57734919, 0.57734919
0.76315194, 0.02004111
-0.1347658, 0.78831381, -0.00329929
0.57734919, -0.57734919, -0.57734919
0.76315194, 0.01641864
-0.1347658, 0.76211548, -0.00329929
0.57734919, 0.57734919, -0.57734919
0.74334818, 0.01641864
0.1347658, 0.78831381, -0.01288353
-0.57734919, -0.57734919, 0.57734919
0.4010233, 0.02200973
0.1347658, 0.78831381, -0.00329929
-0.57734919, -0.57734919, -0.57734919
0.4010233, 0.01838726
-0.1347658, 0.78831381, -0.00329929
0.57734919, -0.57734919, -0.57734919
0.19728032, 0.01838726
0.1347658, 0.76211548, -0.01288353
-0.57734919, 0.57734919, 0.57734919
0.74334818, 0.02004111
0.1347658, 0.76211548, -0.00329929
-0.57734919, 0.57734919, -0.57734919
0.74334818, 0.01641864
0.1347658, 0.78831381, -0.00329929
-0.57734919, -0.57734919, -0.57734919
0.76315194, 0.01641864
-0.1347658, 0.76211548, -0.01288353
0.57734919, 0.57734919, 0.57734919
0.19728032, 0.02200973
-0.1347658, 0.76211548, -0.00329929
0.57734919, 0.57734919, -0.57734919
0.19728032, 0.01838726
0.1347658, 0.76211548, -0.00329929
-0.57734919, 0.57734919, -0.57734919
0.4010233, 0.01838726
-0.1347658, 0.78831381, -0.00329929
0.57734919, -0.57734919, -0.57734919
0.43745273, 0.00956362
0.1347658, 0.78831381, -0.00329929
-0.57734919, -0.57734919, -0.57734919
0.64119577, 0.00956362
0.1347658, 0.76211548, -0.00329929
-0.57734919, 0.57734919, -0.57734919
0.64119577, 0.01946551
0.1347658, 0.78831381, -0.01288353
-0.57734919, -0.57734919, 0.57734919
0.64119577, 0.00956362
-0.1347658, 0.78831381, -0.01288353
0.57734919, -0.57734919, 0.57734919
0.43745273, 0.00956362
-0.1347658, 0.76211548, -0.01288353
0.57734919, 0.57734919, 0.57734919
0.43745273, 0.01946551
-0.12981564, 0.77953202, -0.00446119
0.02987762, -0.81594288, 0.57734919
0.75651354, 0.0168578
-0.12981564, 0.77953202, 0.0017702
0.02987762, -0.81594288, -0.57734919
0.75651354, 0.01450258
-0.13391858, 0.77511722, 0.0017702
0.81594288, 0.02987762, -0.57734919
0.75317639, 0.01450258
-0.00144917, 0.66023552, -0.00446119
-0.81594288, -0.02987762, 0.57734919
0.29805633, 0.01882643
-0.00144917, 0.66023552, 0.0017702
-0.81594288, -0.02987762, -0.57734919
0.29805633, 0.01647121
-0.12981564, 0.77953202, 0.0017702
0.02987762, -0.81594288, -0.57734919
0.20102221, 0.01647121
-0.00555211, 0.65582067, -0.00446119
-0.02987762, 0.81594288, 0.57734919
0.66299832, 0.0168578
-0.00555211, 0.65582067, 0.0017702
-0.02987762, 0.81594288, -0.57734919
0.66299832, 0.01450258
-0.00144917, 0.66023552, 0.0017702
-0.81594288, -0.02987762, -0.57734919
0.66633564, 0.01450258
-0.13391858, 0.77511722, -0.00446119
0.81594288, 0.02987762, 0.57731867
0.19792074, 0.01882643
-0.13391858, 0.77511722, 0.0017702
0.81594288, 0.02987762, -0.57734919
0.19792074, 0.01647121
-0.00555211, 0.65582067, 0.0017702
-0.02987762, 0.81594288, -0.57734919
0.29495487, 0.01647121
-0.12981564, 0.77953202, 0.0017702
0.02987762, -0.81594288, -0.57734919
0.44119462, 0.01288283
-0.00144917, 0.66023552, 0.0017702
-0.81594288, -0.02987762, -0.57734919
0.53822881, 0.05797184
-0.00555211, 0.65582067, 0.0017702
-0.02987762, 0.81594288, -0.57734919
0.53512728, 0.05964041
-0.00144917, 0.66023552, -0.00446119
-0.81594288, -0.02987762, 0.57734919
0.53822881, 0.05797184
-0.12981564, 0.77953202, -0.00446119
0.02987762, -0.81594288, 0.57734919
0.44119462, 0.01288283
-0.13391858, 0.77511722, -0.00446119
0.81594288, 0.02987762, 0.57731867
0.43809316, 0.0145514
0.12985584, 0.77953202, -0.00446119
0.0298471, 0.81594288, -0.57734919
0.75651354, 0.0168578
0.12985584, 0.77953202, 0.0017702
0.0298471, 0.81594288, 0.57734919
0.75651354, 0.01450258
0.1339588, 0.77511722, 0.0017702
0.81594288, -0.0298471, 0.57734919
0.75317639, 0.01450258
0.00148938, 0.66023552, -0.00446119
-0.81594288, 0.02987762, -0.57734919
0.30027762, 0.01882643
0.00148938, 0.66023552, 0.0017702
-0.81594288, 0.02987762, 0.57734919
0.30027762, 0.01647121
0.12985584, 0.77953202, 0.0017702
0.0298471, 0.81594288, 0.57734919
0.39731178, 0.01647121
0.00559232, 0.65582067, -0.00446119
-0.02987762, -0.81594288, -0.57734919
0.66299832, 0.0168578
0.00559232, 0.65582067, 0.0017702
-0.02987762, -0.81594288, 0.57734919
0.66299832, 0.01450258
0.00148938, 0.66023552, 0.0017702
-0.81594288, 0.02987762, 0.57734919
0.66633564, 0.01450258
0.1339588, 0.77511722, -0.00446119
0.81594288, -0.0298471, -0.57734919
0.40041324, 0.01882643
0.1339588, 0.77511722, 0.0017702
0.81594288, -0.0298471, 0.57734919
0.40041324, 0.01647121
0.00559232, 0.65582067, 0.0017702
-0.02987762, -0.81594288, 0.57734919
0.30337909, 0.01647121
0.12985584, 0.77953202, 0.0017702
0.0298471, 0.81594288, 0.57734919
0.63748425, 0.01288283
0.00148938, 0.66023552, 0.0017702
-0.81594288, 0.02987762, 0.57734919
0.5404501, 0.05797184
0.00559232, 0.65582067, 0.0017702
-0.02987762, -0.81594288, 0.57734919
0.54355156, 0.05964041
0.00559232, 0.65582067, -0.00446119
-0.02987762, -0.81594288, -0.57734919
0.54355156, 0.05964041
0.00148938, 0.66023552, -0.00446119
-0.81594288, 0.02987762, -0.57734919
0.5404501, 0.05797184
0.12985584, 0.77953202, -0.00446119
0.0298471, 0.81594288, -0.57734919
0.63748425, 0.01288283
-0.10459419, 0.77133781, -0.01234548
-0.73329872, -0.42335278, 0.53196812
0.2200875, 0.02180642
-0.10026407, 0.7738378, -0.09234552
0.0, 0.0, -1.0
0.22336069, 0.05204296
-0.09593394, 0.77133781, -0.01234548
0.73329872, -0.42335278, 0.53196812
0.22663391, 0.02180642
-0.10026407, 0.7788378, -0.01234548
0.0, 0.84673607, 0.53196812
0.75598878, 0.0198378
-0.10026407, 0.7738378, -0.09234552
0.0, 0.0, -1.0
0.75220925, 0.05007434
-0.10459419, 0.77133781, -0.01234548
-0.73329872, -0.42335278, 0.53196812
0.75031942, 0.0198378
-0.09593394, 0.77133781, -0.01234548
0.73329872, -0.42335278, 0.53196812
0.75031942, 0.0198378
-0.10026407, 0.7788378, -0.01234548
0.0, 0.84673607, 0.53196812
0.4635331, 0.01314521
-0.10459419, 0.77133781, -0.01234548
-0.73329872, -0.42335278, 0.53196812
0.46025991, 0.01597989
-0.09593394, 0.77133781, -0.01234548
0.73329872, -0.42335278, 0.53196812
0.46680632, 0.01597989
-0.08441675, 0.77133781, -0.01234548
-0.73329872, -0.42335278, 0.53196812
0.23533991, 0.02180642
-0.08008663, 0.7738378, -0.09234552
0.0, 0.0, -1.0
0.2386131, 0.05204296
-0.07575651, 0.77133781, -0.01234548
0.73329872, -0.42335278, 0.53196812
0.24188632, 0.02180642
-0.08008663, 0.7788378, -0.01234548
0.0, 0.84673607, 0.53196812
0.75598878, 0.0198378
-0.08008663, 0.7738378, -0.09234552
0.0, 0.0, -1.0
0.75220925, 0.05007434
-0.08441675, 0.77133781, -0.01234548
-0.73329872, -0.42335278, 0.53196812
0.75031942, 0.0198378
-0.07575651, 0.77133781, -0.01234548
0.73329872, -0.42335278, 0.53196812
0.75031942, 0.0198378
-0.08008663, 0.7788378, -0.01234548
0.0, 0.84673607, 0.53196812
0.47878551, 0.01314521
-0.08441675, 0.77133781, -0.01234548
-0.73329872, -0.42335278, 0.53196812
0.47551233, 0.01597989
-0.07575651, 0.77133781, -0.01234548
0.73329872, -0.42335278, 0.53196812
0.48205873, 0.01597989
-0.06475013, 0.77133781, -0.01234548
-0.73329872, -0.42335278, 0.53196812
0.2502062, 0.02180642
-0.06042001, 0.7738378, -0.09234552
-3.052e-05, 0.0, -1.0
0.25347939, 0.05204296
-0.05608987, 0.77133781, -0.01234548
0.73329872, -0.42335278, 0.53196812
0.25675261, 0.02180642
-0.06042, 0.7788378, -0.01234548
0.0, 0.84673607, 0.53196812
0.75598878, 0.0198378
-0.06042001, 0.7738378, -0.09234552
-3.052e-05, 0.0, -1.0
0.75220925, 0.05007434
-0.06475013, 0.77133781, -0.01234548
-0.73329872, -0.42335278, 0.53196812
0.75031942, 0.0198378
-0.05608987, 0.77133781, -0.01234548
0.73329872, -0.42335278, 0.53196812
0.75031942, 0.0198378
-0.06042, 0.7788378, -0.01234548
0.0, 0.84673607, 0.53196812
0.49365184, 0.01314521
-0.06475013, 0.77133781, -0.01234548
-0.73329872, -0.42335278, 0.53196812
0.49037862, 0.01597989
-0.05608987, 0.77133781, -0.01234548
0.73329872, -0.42335278, 0.53196812
0.49692503, 0.01597989
-0.04482809, 0.77133781, -0.01234548
-0.73329872, -0.42335278, 0.53196812
0.26526555, 0.02180642
-0.04049797, 0.7738378, -0.09234552
-3.052e-05, 0.0, -1.0
0.26853877, 0.05204296
-0.03616784, 0.77133781, -0.01234548
0.73329872, -0.42335278, 0.53196812
0.27181196, 0.02180642
-0.04049796, 0.7788378, -0.01234548
0.0, 0.84673607, 0.53196812
0.75598878, 0.0198378
-0.04049797, 0.7738378, -0.09234552
-3.052e-05, 0.0, -1.0
0.75220925, 0.05007434
-0.04482809, 0.77133781, -0.01234548
-0.73329872, -0.42335278, 0.53196812
0.75031942, 0.0198378
-0.03616784, 0.77133781, -0.01234548
0.73329872, -0.42335278, 0.53196812
0.75031942, 0.0198378
-0.04049796, 0.7788378, -0.01234548
0.0, 0.84673607, 0.53196812
0.50871122, 0.01314521
-0.04482809, 0.77133781, -0.01234548
-0.73329872, -0.42335278, 0.53196812
0.50543797, 0.01597989
-0.03616784, 0.77133781, -0.01234548
0.73329872, -0.42335278, 0.53196812
0.51198441, 0.01597989
-0.02465064, 0.77133781, -0.01234548
-0.73329872, -0.42335278, 0.53196812
0.280518, 0.02180642
-0.02032052, 0.7738378, -0.09234552
0.0, 0.0, -1.0
0.28379118, 0.05204296
-0.01599039, 0.77133781, -0.01234548
0.73329872, -0.42335278, 0.53196812
0.2870644, 0.02180642
-0.02032051, 0.7788378, -0.01234548
0.0, 0.84673607, 0.53196812
0.75598878, 0.0198378
-0.02032052, 0.7738378, -0.09234552
0.0, 0.0, -1.0
0.75220925, 0.05007434
-0.02465064, 0.77133781, -0.01234548
-0.73329872, -0.42335278, 0.53196812
0.75031942, 0.0198378
-0.01599039, 0.77133781, -0.01234548
0.73329872, -0.42335278, 0.53196812
0.75031942, 0.0198378
-0.02032051, 0.7788378, -0.01234548
0.0, 0.84673607, 0.53196812
0.52396363, 0.01314521
-0.02465064, 0.77133781, -0.01234548
-0.73329872, -0.42335278, 0.53196812
0.52069044, 0.01597989
-0.01599039, 0.77133781, -0.01234548
0.73329872, -0.42335278, 0.53196812
0.52723682, 0.01597989
-0.00447319, 0.77133781, -0.01234548
-0.73329872, -0.42335278, 0.53196812
0.29577044, 0.02180642
-0.00014307, 0.7738378, -0.09234552
0.0, 0.0, -1.0
0.29904363, 0.05204296
0.00418706, 0.77133781, -0.01234548
0.73329872, -0.42335278, 0.53196812
0.30231687, 0.02180642
-0.00014307, 0.7788378, -0.01234548
0.0, 0.84673607, 0.53196812
0.75598878, 0.0198378
-0.00014307, 0.7738378, -0.09234552
0.0, 0.0, -1.0
0.75220925, 0.05007434
-0.00447319, 0.77133781, -0.01234548
-0.73329872, -0.42335278, 0.53196812
0.75031942, 0.0198378
0.00418706, 0.77133781, -0.01234548
0.73329872, -0.42335278, 0.53196812
0.75031942, 0.0198378
-0.00014307, 0.7788378, -0.01234548
0.0, 0.84673607, 0.53196812
0.5392161, 0.01314521
-0.00447319, 0.77133781, -0.01234548
-0.73329872, -0.42335278, 0.53196812
0.53594291, 0.01597989
0.00418706, 0.77133781, -0.01234548
0.73329872, -0.42335278, 0.53196812
0.54248935, 0.01597989
0.01570426, 0.77133781, -0.01234548
-0.73329872, -0.42335278, 0.53196812
0.31102285, 0.02180642
0.02003438, 0.7738378, -0.09234552
0.0, -3.052e-05, -1.0
0.3142961, 0.05204296
0.02436452, 0.77133781, -0.01234548
0.73329872, -0.42335278, 0.53196812
0.31756923, 0.02180642
0.02003439, 0.7788378, -0.01234548
0.0, 0.84673607, 0.53196812
0.75598878, 0.0198378
0.02003438, 0.7738378, -0.09234552
0.0, -3.052e-05, -1.0
0.75220925, 0.05007434
0.01570426, 0.77133781, -0.01234548
-0.73329872, -0.42335278, 0.53196812
0.75031942, 0.0198378
0.02436452, 0.77133781, -0.01234548
0.73329872, -0.42335278, 0.53196812
0.75031942, 0.0198378
0.02003439, 0.7788378, -0.01234548
0.0, 0.84673607, 0.53196812
0.55446857, 0.01314521
0.01570426, 0.77133781, -0.01234548
-0.73329872, -0.42335278, 0.53196812
0.55119532, 0.01597989
0.02436452, 0.77133781, -0.01234548
0.73329872, -0.42335278, 0.53196812
0.5577417, 0.01597989
0.03639253, 0.77133781, -0.01234548
-0.73329872, -0.42335278, 0.53196812
0.32666144, 0.02180642
0.04072265, 0.7738378, -0.09234552
0.0, -3.052e-05, -1.0
0.32993457, 0.05204296
0.04505279, 0.77133781, -0.01234548
0.73329872, -0.42335278, 0.53196812
0.33320782, 0.02180642
0.04072266, 0.7788378, -0.01234548
0.0, 0.84673607, 0.53196812
0.75598878, 0.0198378
0.04072265, 0.7738378, -0.09234552
0.0, -3.052e-05, -1.0
0.75220925, 0.05007434
0.03639253, 0.77133781, -0.01234548
-0.73329872, -0.42335278, 0.53196812
0.75031942, 0.0198378
0.04505279, 0.77133781, -0.01234548
0.73329872, -0.42335278, 0.53196812
0.75031942, 0.0198378
0.04072266, 0.7788378, -0.01234548
0.0, 0.84673607, 0.53196812
0.57010704, 0.01314521
0.03639253, 0.77133781, -0.01234548
-0.73329872, -0.42335278, 0.53196812
0.56683391, 0.01597989
0.04505279, 0.77133781, -0.01234548
0.73329872, -0.42335278, 0.53196812
0.57338029, 0.01597989
0.05656997, 0.77133781, -0.01234548
-0.73329872, -0.42335278, 0.53196812
0.34191385, 0.02180642
0.06090009, 0.7738378, -0.09234552
-3.052e-05, 0.0, -1.0
0.34518704, 0.05204296
0.06523023, 0.77133781, -0.01234548
0.73329872, -0.42335278, 0.53196812
0.34846029, 0.02180642
0.0609001, 0.7788378, -0.01234548
0.0, 0.84673607, 0.53196812
0.75598878, 0.0198378
0.06090009, 0.7738378, -0.09234552
-3.052e-05, 0.0, -1.0
0.75220925, 0.05007434
0.05656997, 0.77133781, -0.01234548
-0.73329872, -0.42335278, 0.53196812
0.75031942, 0.0198378
0.06523023, 0.77133781, -0.01234548
0.73329872, -0.42335278, 0.53196812
0.75031942, 0.0198378
0.0609001, 0.7788378, -0.01234548
0.0, 0.84673607, 0.53196812
0.58535951, 0.01314521
0.05656997, 0.77133781, -0.01234548
-0.73329872, -0.42335278, 0.53196812
0.58208632, 0.01597989
0.06523023, 0.77133781, -0.01234548
0.73329872, -0.42335278, 0.53196812
0.58863276, 0.01597989
0.0762366, 0.77133781, -0.01234548
-0.73329872, -0.42335278, 0.53196812
0.35678014, 0.02180642
0.08056672, 0.7738378, -0.09234552
0.0, 0.0, -1.0
0.36005339, 0.05204296
0.08489685, 0.77133781, -0.01234548
0.73329872, -0.42335278, 0.53196812
0.36332652, 0.02180642
0.08056672, 0.7788378, -0.01234548
0.0, 0.84673607, 0.53196812
0.75598878, 0.0198378
0.08056672, 0.7738378, -0.09234552
0.0, 0.0, -1.0
0.75220925, 0.05007434
0.0762366, 0.77133781, -0.01234548
-0.73329872, -0.42335278, 0.53196812
0.75031942, 0.0198378
0.08489685, 0.77133781, -0.01234548
0.73329872, -0.42335278, 0.53196812
0.75031942, 0.0198378
0.08056672, 0.7788378, -0.01234548
0.0, 0.84673607, 0.53196812
0.60022587, 0.01314521
0.0762366, 0.77133781, -0.01234548
-0.73329872, -0.42335278, 0.53196812
0.59695262, 0.01597989
0.08489685, 0.77133781, -0.01234548
0.73329872, -0.42335278, 0.53196812
0.603499, 0.01597989
0.09615864, 0.77133781, -0.01234548
-0.73329872, -0.42335278, 0.53196812
0.37183949, 0.02180642
0.10048876, 0.7738378, -0.09234552
0.0, 0.0, -0.99996948
0.37511274, 0.05204296
0.10481889, 0.77133781, -0.01234548
0.73329872, -0.42335278, 0.53196812
0.37838599, 0.02180642
0.10048876, 0.7788378, -0.01234548
0.0, 0.84673607, 0.53196812
0.75598878, 0.0198378
0.10048876, 0.7738378, -0.09234552
0.0, 0.0, -0.99996948
0.75220925, 0.05007434
0.09615864, 0.77133781, -0.01234548
-0.73329872, -0.42335278, 0.53196812
0.75031942, 0.0198378
0.10481889, 0.77133781, -0.01234548
0.73329872, -0.42335278, 0.53196812
0.75031942, 0.0198378
0.10048876, 0.7788378, -0.01234548
0.0, 0.84673607, 0.53196812
0.61528522, 0.01314521
0.09615864, 0.77133781, -0.01234548
-0.73329872, -0.42335278, 0.53196812
0.61201197, 0.01597989
0.10481889, 0.77133781, -0.01234548
0.73329872, -0.42335278, 0.53196812
0.61855847, 0.01597989
0.11633609, 0.77133781, -0.01234548
-0.73329872, -0.42335278, 0.53196812
0.38709196, 0.02180642
0.12066621, 0.7738378, -0.09234552
0.0, 0.0, -0.99996948
0.39036521, 0.05204296
0.12499633, 0.77133781, -0.01234548
0.73329872, -0.42335278, 0.53196812
0.39363834, 0.02180642
0.12066621, 0.7788378, -0.01234548
0.0, 0.84673607, 0.53196812
0.75598878, 0.0198378
0.12066621, 0.7738378, -0.09234552
0.0, 0.0, -0.99996948
0.75220925, 0.05007434
0.11633609, 0.77133781, -0.01234548
-0.73329872, -0.42335278, 0.53196812
0.75031942, 0.0198378
0.12499633, 0.77133781, -0.01234548
0.73329872, -0.42335278, 0.53196812
0.75031942, 0.0198378
0.12066621, 0.7788378, -0.01234548
0.0, 0.84673607, 0.53196812
0.63053769, 0.01314521
0.11633609, 0.77133781, -0.01234548
-0.73329872, -0.42335278, 0.53196812
0.62726444, 0.01597989
0.12499633, 0.77133781, -0.01234548
0.73329872, -0.42335278, 0.53196812
0.63381082, 0.01597989
0.01199727, 0.65262491, 1.1e-07
0.0, 0.99996948, 0.0
0.26294225, 0.49650085
0.00599862, 0.65262491, -0.00757413
-0.00051881, 0.99996948, -0.00039674
0.25840783, 0.49936348
0.00599862, 0.65262491, 0.00757436
0.0, 1.0, 0.0
0.25840783, 0.49363804
-0.00599865, 0.65262491, 0.00757436
-0.00076296, 0.99996948, -0.00061037
0.24933888, 0.49363804
-0.00601254, 0.65260935, -0.00759178
-0.00128178, 0.99996948, -0.00100711
0.24932839, 0.49937016
-0.01202522, 0.65260935, 1.1e-07
-0.00128178, 0.99996948, -0.00100711
0.24478333, 0.49650085
0.00607077, -0.15918531, -0.00766534
0.34128848, -0.6209296, -0.70564896
0.25846231, 0.49939799
0.01214156, -0.15918531, 2e-08
0.80709249, -0.59041107, 0.0
0.26305139, 0.49650085
0.00607077, -0.15918531, 0.00766538
0.34128848, -0.6209296, 0.70564896
0.25846231, 0.49360365
-0.00607079, -0.15918531, 0.00766538
-0.34128848, -0.6209296, 0.70564896
0.24928437, 0.49360365
-0.01214158, -0.15918531, 2e-08
-0.80706197, -0.59041107, 0.0
0.24469535, 0.49650085
-0.00607079, -0.15918531, -0.00766534
-0.34128848, -0.6209296, -0.70564896
0.24928437, 0.49939799
-0.00607079, -0.15918531, 0.00766538
-0.34128848, -0.6209296, 0.70564896
0.24928437, 0.55666608
0.00607077, -0.15918531, 0.00766538
0.34128848, -0.6209296, 0.70564896
0.25846231, 0.55666608
0.00599862, 0.65262491, 0.00757436
0.43537706, 0.00012207, 0.900235
0.25840783, 0.24983644
-0.00607079, -0.15918531, 0.00766538
-0.34128848, -0.6209296, 0.70564896
0.13354285, 0.49360365
-0.00599865, 0.65262491, 0.00757436
-0.43412581, 0.00012207, 0.90081483
0.74720216, 0.49363804
-0.01202522, 0.65260935, 1.1e-07
-0.99996948, 0.00015259, 0.00152593
0.74719048, 0.49650085
-0.00607079, -0.15918531, -0.00766534
-0.34128848, -0.6209296, -0.70564896
0.13354285, 0.49939799
-0.01214158, -0.15918531, 2e-08
-0.80706197, -0.59041107, 0.0
0.13354285, 0.49650085
0.00607077, -0.15918531, -0.00766534
0.34128848, -0.6209296, -0.70564896
0.25846231, 0.55666608
-0.00607079, -0.15918531, -0.00766534
-0.34128848, -0.6209296, -0.70564896
0.24928437, 0.55666608
-0.00601254, 0.65260935, -0.00759178
-0.43455306, 0.00012207, -0.90063173
0.24932839, 0.24984229
0.01199727, 0.65262491, 1.1e-07
1.0, 0.00015259, 0.0
0.74720216, 0.49650085
0.01214156, -0.15918531, 2e-08
0.80709249, -0.59041107, 0.0
0.13354285, 0.49650085
0.00607077, -0.15918531, -0.00766534
0.34128848, -0.6209296, -0.70564896
0.13354285, 0.49939799
0.00607077, -0.15918531, 0.00766538
0.34128848, -0.6209296, 0.70564896
0.13354285, 0.49360365
-0.01309916, 0.6450696, 0.00944819
-0.57234412, -0.55061495, 0.607593
0.65487146, 0.01160073
-0.01309916, 0.67126787, 0.0068644
-0.58268988, 0.60219121, 0.54570144
0.28924996, 0.0145458
0.01309916, 0.67126787, 0.0068644
0.58268988, 0.60219121, 0.54570144
0.67467517, 0.01257718
0.01309916, 0.6450696, 0.00944819
0.57234412, -0.55061495, 0.607593
0.30905363, 0.01356936
-0.01309916, 0.6450696, -0.00944819
-0.57234412, -0.55061495, -0.607593
0.5294224, 0.06370384
0.01309916, 0.6450696, 0.00944819
0.57234412, -0.55061495, 0.607593
0.54922611, 0.06370384
-0.1347658, 0.76211548, -0.01288353
0.57734919, 0.57734919, 0.57734919
0.74334818, 0.02004111
-0.1347658, 0.78831381, -0.01288353
0.57734919, -0.57734919, 0.57734919
0.19728032, 0.02200973
0.1347658, 0.78831381, -0.01288353
-0.57734919, -0.57734919, 0.57734919
0.76315194, 0.02004111
0.1347658, 0.76211548, -0.01288353
-0.57734919, 0.57734919, 0.57734919
0.4010233, 0.02200973
-0.1347658, 0.76211548, -0.00329929
0.57734919, 0.57734919, -0.57734919
0.43745273, 0.01946551
0.1347658, 0.76211548, -0.01288353
-0.57734919, 0.57734919, 0.57734919
0.64119577, 0.01946551
-0.13391858, 0.77511722, -0.00446119
0.81594288, 0.02987762, 0.57731867
0.75317639, 0.0168578
-0.12981564, 0.77953202, -0.00446119
0.02987762, -0.81594288, 0.57734919
0.20102221, 0.01882643
-0.00144917, 0.66023552, -0.00446119
-0.81594288, -0.02987762, 0.57734919
0.66633564, 0.0168578
-0.00555211, 0.65582067, -0.00446119
-0.02987762, 0.81594288, 0.57734919
0.29495487, 0.01882643
-0.13391858, 0.77511722, 0.0017702
0.81594288, 0.02987762, -0.57734919
0.43809316, 0.0145514
-0.00555211, 0.65582067, -0.00446119
-0.02987762, 0.81594288, 0.57734919
0.53512728, 0.05964041
0.1339588, 0.77511722, -0.00446119
0.81594288, -0.0298471, -0.57734919
0.75317639, 0.0168578
0.12985584, 0.77953202, -0.00446119
0.0298471, 0.81594288, -0.57734919
0.39731178, 0.01882643
0.00148938, 0.66023552, -0.00446119
-0.81594288, 0.02987762, -0.57734919
0.66633564, 0.0168578
0.00559232, 0.65582067, -0.00446119
-0.02987762, -0.81594288, -0.57734919
0.30337909, 0.01882643
0.1339588, 0.77511722, 0.0017702
0.81594288, -0.0298471, 0.57734919
0.64058572, 0.0145514
0.1339588, 0.77511722, -0.00446119
0.81594288, -0.0298471, -0.57734919
0.64058572, 0.0145514
-0.00599865, 0.65262491, 0.00757436
-0.43412581, 0.00012207, 0.90081483
0.24933888, 0.24983644
-0.00601254, 0.65260935, -0.00759178
-0.43455306, 0.00012207, -0.90063173
0.74719048, 0.49937016
0.00599862, 0.65262491, -0.00757413
0.43623158, 0.00012207, -0.89980775
0.25840783, 0.24983644
0.00599862, 0.65262491, -0.00757413
0.43623158, 0.00012207, -0.89980775
0.74720216, 0.49936348
0.00599862, 0.65262491, 0.00757436
0.43537706, 0.00012207, 0.900235
0.74720216, 0.49363804
# Number of Faces:
120
# Face Data:
0, 1, 2
3, 4, 5
6, 4, 3
7, 8, 9
10, 11, 12
13, 14, 15
16, 17, 18
19, 20, 21
22, 23, 24
25, 26, 27
28, 29, 30
31, 32, 33
34, 35, 36
37, 38, 39
40, 41, 42
43, 44, 45
46, 47, 48
49, 50, 51
52, 53, 54
55, 56, 57
58, 59, 60
61, 62, 63
64, 65, 66
67, 68, 69
70, 71, 72
73, 74, 75
76, 77, 78
79, 80, 81
82, 83, 84
85, 86, 87
88, 86, 85
89, 90, 91
92, 93, 94
95, 96, 97
98, 96, 95
99, 100, 101
102, 103, 104
105, 106, 107
108, 106, 105
109, 110, 111
112, 113, 114
115, 116, 117
118, 116, 115
119, 120, 121
122, 123, 124
125, 126, 127
128, 126, 125
129, 130, 131
132, 133, 134
135, 136, 137
138, 136, 135
139, 140, 141
142, 143, 144
145, 146, 147
148, 146, 145
149, 150, 151
152, 153, 154
155, 156, 157
158, 156, 155
159, 160, 161
162, 163, 164
165, 166, 167
168, 166, 165
169, 170, 171
172, 173, 174
175, 176, 177
178, 176, 175
179, 180, 181
182, 183, 184
185, 186, 187
188, 186, 185
189, 190, 191
192, 193, 194
195, 196, 197
198, 196, 195
199, 200, 201
202, 203, 204
205, 206, 207
203, 206, 205
208, 209, 210
211, 212, 213
213, 208, 210
214, 215, 216
217, 218, 219
220, 221, 219
222, 223, 224
225, 226, 227
228, 226, 225
229, 10, 12
230, 13, 15
231, 16, 18
232, 19, 21
233, 22, 24
234, 25, 27
235, 28, 30
236, 31, 33
237, 34, 36
238, 37, 39
239, 40, 42
240, 43, 45
241, 46, 48
242, 49, 51
243, 52, 54
244, 55, 57
245, 58, 60
246, 61, 63
247, 64, 66
248, 67, 69
249, 70, 72
250, 73, 75
251, 76, 78
252, 79, 81
204, 203, 205
211, 213, 210
253, 214, 216
221, 217, 219
254, 220, 219
255, 222, 224
256, 225, 227
257, 228, 225
