# Project Zomboid Skinned Mesh
# File Version:
1.0
# Model Name:
weapons_baseballbat
# Vertex Stride Element Count:
3
# Vertex Stride Size (in bytes):
76
# Vertex Stride Data:
# (Int)    Offset
# (String) Type
0
VertexArray
12
NormalArray
24
TextureCoordArray
# Vertex Count:
85
# Vertex Buffer:
0.0, 0.47030142, 0.0
0.03555406, 0.23319194, 0.97177041
0.56104606, 0.02723646
0.012389, 0.46762943, 0.012389
0.32248908, 0.88988924, 0.32255012
0.78510582, 0.05519152
0.017521, 0.46762943, 0.0
0.45606861, 0.88991976, 0.0
0.68954951, 0.05519152
0.019608, 0.45934942, 0.019608
0.65181434, 0.38755456, 0.65181434
0.78510666, 0.07196748
0.02773, 0.45934942, 0.0
0.92181158, 0.38755456, 0.0
0.68955028, 0.07196748
0.018224, 0.32109842, 0.018224
0.70632041, -0.04696799, 0.70632041
0.78510666, 0.29968452
0.025773, 0.32109842, 0.0
0.99887079, -0.0469985, 0.0
0.68955028, 0.29968452
0.015404, 0.27174044, 0.015404
0.70479447, -0.08050783, 0.70479447
0.78510666, 0.39968956
0.021784, 0.27174044, 0.0
0.9967345, -0.08050783, 0.0
0.68955028, 0.39968956
0.011792, 0.20850042, 0.011792
0.70522171, -0.07257301, 0.70522171
0.78510666, 0.50270051
0.016677, 0.20850042, 0.0
0.99734491, -0.07257301, 0.0
0.68954951, 0.50270051
0.008556, 0.13754943, 0.008556
0.70671713, -0.03244118, 0.70671713
0.78510666, 0.5825125
0.012099, 0.13754943, 0.0
0.99945068, -0.03244118, 0.0
0.68954951, 0.5825125
0.008556, -0.00743958, 0.008556
0.70708334, 0.0, 0.70708334
0.78510666, 0.88330974
0.012099, -0.00743958, 0.0
1.0, 0.0, 0.0
0.68954951, 0.88330974
0.018371, -0.01052458, 0.018371
0.15338603, 0.97616506, 0.15338603
0.78510666, 0.88956074
0.025981, -0.01052458, 0.0
0.21692556, 0.97616506, 0.0
0.68955028, 0.88956074
0.018371, -0.02275658, 0.018371
0.70708334, 0.0, 0.70708334
0.78510666, 0.9073135
0.025981, -0.02275658, 0.0
1.0, 0.0, 0.0
0.68955028, 0.9073135
0.0, -0.02275658, 0.0
0.0, -0.2425306, 0.9701224
0.49843749, 0.9073135
0.0, 0.46762943, 0.017521
0.0, 0.88991976, 0.45606861
0.8806622, 0.05519152
0.0, 0.45934942, 0.02773
0.0, 0.38755456, 0.92181158
0.88066304, 0.07196748
0.0, 0.32109842, 0.025773
0.0, -0.0469985, 0.99887079
0.88066304, 0.29968452
0.0, 0.27174044, 0.021784
0.0, -0.08050783, 0.9967345
0.88066304, 0.39968956
0.0, 0.20850042, 0.016677
0.13333537, -0.07458724, 0.98825037
0.88066304, 0.50270051
0.0, 0.13754943, 0.012099
0.38239694, -0.02996918, 0.92349011
0.88066375, 0.5825125
0.0, -0.00743958, 0.012099
0.38258004, 0.0, 0.92391735
0.88066375, 0.88330974
0.0, -0.01052458, 0.025981
0.08948027, 0.97225869, 0.21607104
0.88066375, 0.88956074
0.0, -0.02275658, 0.025981
0.38270211, 0.0, 0.92385632
0.88066375, 0.9073135
0.018371, -0.02275658, 0.018371
0.0, -1.0, 0.00027467
0.02065564, 0.9073135
0.0, -0.02275658, 0.025981
0.0, -1.0, 0.0
0.11621279, 0.9073135
-0.012389, 0.46762943, 0.012389
-0.18561357, 0.87438583, 0.44825587
0.97621864, 0.05519152
-0.019608, 0.45934942, 0.019608
-0.35670033, 0.3620716, 0.86117131
0.97621942, 0.07196748
-0.018224, 0.32109842, 0.018224
-0.3823359, -0.04339732, 0.92297131
0.97621942, 0.29968452
-0.015404, 0.27174044, 0.015404
-0.38157293, -0.07443465, 0.9213233
0.97621942, 0.39968956
-0.011792, 0.20850042, 0.011792
-0.38163397, -0.07437361, 0.92129278
0.97621942, 0.50270051
0.0, 0.20850042, 0.016677
-0.3820307, -0.05948057, 0.92220831
0.11621202, 0.50270051
-0.008556, 0.13754943, 0.008556
-0.70671713, -0.03244118, 0.70671713
0.21176916, 0.5825125
0.0, 0.13754943, 0.012099
-0.38239694, -0.0299997, 0.92349011
0.11621279, 0.5825125
-0.011792, 0.20850042, 0.011792
-0.79711294, -0.06918546, 0.59981078
0.21176839, 0.50270051
-0.008556, -0.00743958, 0.008555
-0.70711386, 0.0, 0.70708334
0.21176916, 0.88330974
0.0, -0.00743958, 0.012099
-0.38267159, 0.0, 0.92385632
0.11621279, 0.88330974
-0.018371, -0.01052458, 0.018371
-0.15338603, 0.97616506, 0.15338603
0.21176916, 0.88956074
0.0, -0.01052458, 0.025981
-0.08948027, 0.97225869, 0.21604052
0.11621279, 0.88956074
-0.018371, -0.02275658, 0.018371
-0.70708334, 0.0, 0.70708334
0.21176916, 0.9073135
-0.017521, 0.46762943, 0.0
-0.45606861, 0.88991976, 0.0
0.30732396, 0.05519152
-0.012389, 0.46762943, 0.012389
-0.4481338, 0.87444687, 0.18561357
0.21176761, 0.05519152
-0.02773, 0.45934942, 0.0
-0.92181158, 0.38755456, 0.0
0.30732474, 0.07196748
-0.019608, 0.45934942, 0.019608
-0.86117131, 0.3620716, 0.35670033
0.21176839, 0.07196748
-0.025773, 0.32109842, 0.0
-0.99887079, -0.0469985, 0.0
0.30732474, 0.29968452
-0.018224, 0.32109842, 0.018224
-0.92300183, -0.04342784, 0.38230535
0.21176839, 0.29968452
-0.021784, 0.27174044, 0.0
-0.9967345, -0.08050783, 0.0
0.30732474, 0.39968956
-0.015404, 0.27174044, 0.015404
-0.9213233, -0.07440413, 0.38157293
0.21176839, 0.39968956
-0.016677, 0.20850042, 0.0
-0.99734491, -0.07257301, 0.0
0.30732474, 0.50270051
-0.012099, 0.13754943, 0.0
-0.99945068, -0.03244118, 0.0
0.30732474, 0.5825125
-0.012099, -0.00743958, 0.0
-1.0, 0.0, 0.0
0.30732551, 0.88330974
-0.025981, -0.01052458, 0.0
-0.21692556, 0.97616506, 0.0
0.30732474, 0.88956074
-0.025981, -0.02275658, 0.0
-1.0, 0.0, 0.0
0.30732474, 0.9073135
-0.012389, 0.46762943, -0.012389
-0.32248908, 0.88995028, -0.32239753
0.40288034, 0.05519152
-0.019608, 0.45934942, -0.019608
-0.65181434, 0.38755456, -0.65181434
0.40288112, 0.07196748
-0.018224, 0.32109842, -0.018224
-0.70632041, -0.04696799, -0.70632041
0.40288112, 0.29968452
-0.015404, 0.27174044, -0.015404
-0.70479447, -0.08050783, -0.70479447
0.40288112, 0.39968956
-0.011792, 0.20850042, -0.011792
-0.70522171, -0.07257301, -0.70522171
0.40288112, 0.50270051
-0.008556, 0.13754943, -0.008556
-0.70671713, -0.03244118, -0.70671713
0.40288112, 0.5825125
-0.008556, -0.00743958, -0.008556
-0.70708334, 0.0, -0.70708334
0.40288112, 0.88330974
-0.018371, -0.01052458, -0.018372
-0.15338603, 0.97616506, -0.15338603
0.40288112, 0.88956074
-0.018371, -0.02275658, -0.018372
-0.70708334, 0.0, -0.70711386
0.40288112, 0.9073135
0.0, 0.46762943, -0.017521
0.0, 0.88991976, -0.45606861
0.49843672, 0.05519152
0.0, 0.45934942, -0.02773
0.0, 0.38755456, -0.92181158
0.49843749, 0.07196748
0.0, 0.32109842, -0.025773
0.0, -0.0469985, -0.99887079
0.49843749, 0.29968452
0.0, 0.27174044, -0.021784
0.0, -0.08050783, -0.9967345
0.49843672, 0.39968956
0.0, 0.20850042, -0.016677
0.0, -0.07257301, -0.99734491
0.49843672, 0.50270051
0.0, 0.13754943, -0.012099
0.0, -0.03244118, -0.99945068
0.49843672, 0.5825125
0.0, -0.00743958, -0.012099
0.0, 0.0, -1.0
0.49843672, 0.88330974
0.0, -0.01052458, -0.025981
0.0, 0.97616506, -0.21692556
0.49843672, 0.88956074
0.0, -0.02275658, -0.025981
0.0, 0.0, -0.99996948
0.49843672, 0.9073135
0.012389, 0.46762943, -0.012389
0.32248908, 0.88995028, -0.32239753
0.59399313, 0.05519152
0.019608, 0.45934942, -0.019608
0.65181434, 0.38755456, -0.65181434
0.5939939, 0.07196748
0.018224, 0.32109842, -0.018224
0.70632041, -0.04696799, -0.70632041
0.5939939, 0.29968452
0.015404, 0.27174044, -0.015404
0.70479447, -0.08050783, -0.70479447
0.59399313, 0.39968956
0.011792, 0.20850042, -0.011792
0.70522171, -0.07257301, -0.70522171
0.59399313, 0.50270051
0.008556, 0.13754943, -0.008556
0.70671713, -0.03244118, -0.70671713
0.59399313, 0.5825125
0.008556, -0.00743958, -0.008556
0.70708334, 0.0, -0.70708334
0.59399313, 0.88330974
0.018371, -0.01052458, -0.018371
0.15338603, 0.97616506, -0.15338603
0.59399313, 0.88956074
0.018371, -0.02275658, -0.018371
0.70708334, 0.0, -0.70708334
0.59399313, 0.9073135
# Number of Faces:
160
# Face Data:
0, 1, 2
1, 0, 0
2, 3, 4
3, 2, 1
4, 5, 6
5, 4, 3
6, 7, 8
7, 6, 5
8, 9, 10
9, 8, 7
10, 11, 12
11, 10, 9
12, 13, 14
13, 12, 11
14, 15, 16
15, 14, 13
16, 17, 18
17, 16, 15
18, 19, 19
19, 18, 17
0, 20, 1
20, 0, 0
1, 21, 3
21, 1, 20
3, 22, 5
22, 3, 21
5, 23, 7
23, 5, 22
7, 24, 9
24, 7, 23
9, 25, 11
25, 9, 24
11, 26, 13
26, 11, 25
13, 27, 15
27, 13, 26
15, 28, 17
28, 15, 27
29, 19, 19
19, 29, 30
0, 31, 20
31, 0, 0
20, 32, 21
32, 20, 31
21, 33, 22
33, 21, 32
22, 34, 23
34, 22, 33
23, 35, 24
35, 23, 34
36, 37, 38
37, 36, 39
38, 40, 41
40, 38, 37
41, 42, 43
42, 41, 40
43, 44, 30
44, 43, 42
30, 19, 19
19, 30, 44
0, 45, 46
45, 0, 0
46, 47, 48
47, 46, 45
48, 49, 50
49, 48, 47
50, 51, 52
51, 50, 49
52, 53, 39
53, 52, 51
39, 54, 37
54, 39, 53
37, 55, 40
55, 37, 54
40, 56, 42
56, 40, 55
42, 57, 44
57, 42, 56
44, 19, 19
19, 44, 57
0, 58, 45
58, 0, 0
45, 59, 47
59, 45, 58
47, 60, 49
60, 47, 59
49, 61, 51
61, 49, 60
51, 62, 53
62, 51, 61
53, 63, 54
63, 53, 62
54, 64, 55
64, 54, 63
55, 65, 56
65, 55, 64
56, 66, 57
66, 56, 65
57, 19, 19
19, 57, 66
0, 67, 58
67, 0, 0
58, 68, 59
68, 58, 67
59, 69, 60
69, 59, 68
60, 70, 61
70, 60, 69
61, 71, 62
71, 61, 70
62, 72, 63
72, 62, 71
63, 73, 64
73, 63, 72
64, 74, 65
74, 64, 73
65, 75, 66
75, 65, 74
66, 19, 19
19, 66, 75
0, 76, 67
76, 0, 0
67, 77, 68
77, 67, 76
68, 78, 69
78, 68, 77
69, 79, 70
79, 69, 78
70, 80, 71
80, 70, 79
71, 81, 72
81, 71, 80
72, 82, 73
82, 72, 81
73, 83, 74
83, 73, 82
74, 84, 75
84, 74, 83
75, 19, 19
19, 75, 84
0, 2, 76
2, 0, 0
76, 4, 77
4, 76, 2
77, 6, 78
6, 77, 4
78, 8, 79
8, 78, 6
79, 10, 80
10, 79, 8
80, 12, 81
12, 80, 10
81, 14, 82
14, 81, 12
82, 16, 83
16, 82, 14
83, 18, 84
18, 83, 16
84, 19, 19
19, 84, 18
