# Project Zomboid Skinned Mesh
# File Version:
1.0
# Model Name:
Cylinder
# Vertex Stride Element Count:
3
# Vertex Stride Size (in bytes):
76
# Vertex Stride Data:
# (Int)    Offset
# (String) Type
0
VertexArray
12
NormalArray
24
TextureCoordArray
# Vertex Count:
58
# Vertex Buffer:
0.00353555, -0.02624477, 0.00853556
0.2705771, -0.70708334, 0.65327919
0.34614468, 0.15895015
0.0070711, -0.02624477, 0.00707109
0.54896694, -0.63023776, 0.54896694
0.35130909, 0.15895015
0.0070711, 0.08508877, 0.0070711
0.70619833, 0.04986724, 0.70619833
0.35130909, 0.07763892
0.00853557, -0.02624477, 0.00353554
0.65327919, -0.70708334, 0.2705771
0.36348626, 0.1590246
0.01000004, -0.02624477, -1e-08
0.77636033, -0.63023776, 0.0
0.36865047, 0.15902179
0.01000004, 0.08508877, -0.0
0.99874872, 0.04986724, 0.0
0.36847162, 0.07771057
0.00853557, -0.02624477, -0.00353555
0.65327919, -0.70708334, -0.2705771
0.3738147, 0.15901887
0.0070711, -0.02624477, -0.0070711
0.54896694, -0.63023776, -0.54896694
0.37897894, 0.15901607
0.0070711, 0.08508877, -0.0070711
0.70619833, 0.04986724, -0.70619833
0.37880009, 0.07770491
0.00353555, -0.02624477, -0.00853557
0.2705771, -0.70708334, -0.65327919
0.34614468, 0.15895015
-0.0, -0.02624477, -0.01000005
0.0, -0.63023776, -0.77636033
0.34098044, 0.15895015
-0.0, 0.08508877, -0.01000004
0.0, 0.04986724, -0.99874872
0.34098044, 0.07763892
-0.00353555, -0.02624477, -0.00853557
-0.2705771, -0.70708334, -0.65327919
0.33581609, 0.15895015
-0.0070711, -0.02624477, -0.0070711
-0.54896694, -0.63023776, -0.54896694
0.33065188, 0.15895015
-0.0070711, 0.08508877, -0.0070711
-0.70619833, 0.04986724, -0.70619833
0.33065188, 0.07763892
-0.00853557, -0.02624477, -0.00353555
-0.65327919, -0.70708334, -0.2705771
0.3738147, 0.15901887
-0.01000004, -0.02624477, -0.0
-0.77636033, -0.63023776, 0.0
0.36865047, 0.15902179
-0.01000004, 0.08508877, 0.0
-0.99874872, 0.04986724, 0.0
0.36847162, 0.07771057
-0.00853557, -0.02624477, -0.00353555
-0.65327919, -0.70708334, -0.2705771
0.32851273, 0.14236462
0.00353555, -0.02624477, -0.00853557
0.2705771, -0.70708334, -0.65327919
0.34614468, 0.14601648
0.00853557, -0.02624477, 0.00353554
0.65327919, -0.70708334, 0.2705771
0.35344821, 0.13720047
-0.00353555, -0.02624477, 0.00853556
-0.2705771, -0.70708334, 0.65327919
0.33581609, 0.15895015
0.0, -0.02624477, 0.01000004
0.0, -0.63023776, 0.77636033
0.34098044, 0.15895015
0.0, 0.08508877, 0.01000004
0.0, 0.04986724, 0.99874872
0.34098044, 0.07763892
-0.00853557, -0.02624477, 0.00353554
-0.65327919, -0.70708334, 0.2705771
0.36348626, 0.1590246
-0.0070711, -0.02624477, 0.00707109
-0.54896694, -0.63023776, 0.54896694
0.35832199, 0.15902746
-0.0070711, 0.08508877, 0.0070711
-0.70619833, 0.04986724, 0.70619833
0.35814312, 0.07771623
-0.00853557, 0.08508877, 0.00353555
-0.92284918, 0.0466628, 0.38224432
0.36330742, 0.07771337
-0.0070711, -0.02624477, 0.00707109
-0.54896694, -0.63023776, 0.54896694
0.33065188, 0.15895015
-0.00353555, 0.08508877, 0.00853557
-0.38224432, 0.0466628, 0.92284918
0.33581609, 0.07763892
-0.0070711, -0.02624477, -0.0070711
-0.54896694, -0.63023776, -0.54896694
0.37897894, 0.15901607
-0.00853557, 0.08508877, -0.00353555
-0.92284918, 0.0466628, -0.38224432
0.37363583, 0.07770765
-0.00353555, 0.08508877, -0.00853557
-0.38224432, 0.0466628, -0.92284918
0.33581609, 0.07763892
0.0070711, -0.02624477, -0.0070711
0.54896694, -0.63023776, -0.54896694
0.35130909, 0.15895015
0.00353555, 0.08508877, -0.00853557
0.38224432, 0.0466628, -0.92284918
0.34614468, 0.07763892
0.00853557, 0.08508877, -0.00353555
0.92284918, 0.0466628, -0.38224432
0.37363583, 0.07770765
0.0070711, -0.02624477, 0.00707109
0.54896694, -0.63023776, 0.54896694
0.35832199, 0.15902746
0.00853557, 0.08508877, 0.00353555
0.92284918, 0.0466628, 0.38224432
0.36330742, 0.07771337
0.00353555, 0.08508877, 0.00853557
0.38224432, 0.0466628, 0.92284918
0.34614468, 0.07763892
0.0, 0.18375526, 0.0
0.0, 1.0, 3.052e-05
0.3683131, 0.00565052
0.0, 0.18375526, 0.0
0.0, 1.0, 3.052e-05
0.34098044, 0.00557876
-0.0070711, 0.08508877, 0.0070711
-0.70619833, 0.04986724, 0.70619833
0.33065188, 0.07763892
-0.0070711, 0.08508877, -0.0070711
-0.70619833, 0.04986724, -0.70619833
0.37880009, 0.07770491
0.0070711, 0.08508877, -0.0070711
0.70619833, 0.04986724, -0.70619833
0.35130909, 0.07763892
0.0070711, 0.08508877, 0.0070711
0.70619833, 0.04986724, 0.70619833
0.35814312, 0.07771623
0.0070711, -0.02624477, 0.00707109
0.54896694, -0.63023776, 0.54896694
0.35130909, 0.13461828
0.00353555, -0.02624477, 0.00853556
0.2705771, -0.70708334, 0.65327919
0.34614468, 0.13354862
0.0, -0.02624477, 0.01000004
0.0, -0.63023776, 0.77636033
0.34098044, 0.13247913
-0.00353555, -0.02624477, 0.00853556
-0.2705771, -0.70708334, 0.65327919
0.33581609, 0.13354862
-0.0070711, -0.02624477, 0.00707109
-0.54896694, -0.63023776, 0.54896694
0.33065188, 0.13461828
-0.00853557, -0.02624477, 0.00353554
-0.65327919, -0.70708334, 0.2705771
0.32851273, 0.13720047
-0.01000004, -0.02624477, -0.0
-0.77636033, -0.63023776, 0.0
0.32637358, 0.13978255
-0.0070711, -0.02624477, -0.0070711
-0.54896694, -0.63023776, -0.54896694
0.33065188, 0.14494681
-0.00353555, -0.02624477, -0.00853557
-0.2705771, -0.70708334, -0.65327919
0.33581609, 0.14601648
-0.0, -0.02624477, -0.01000005
0.0, -0.63023776, -0.77636033
0.34098044, 0.14708596
0.0070711, -0.02624477, -0.0070711
0.54896694, -0.63023776, -0.54896694
0.35130909, 0.14494681
0.00853557, -0.02624477, -0.00353555
0.65327919, -0.70708334, -0.2705771
0.35344821, 0.14236462
0.01000004, -0.02624477, -1e-08
0.77636033, -0.63023776, 0.0
0.35558718, 0.13978255
# Number of Faces:
62
# Face Data:
0, 1, 2
3, 4, 5
6, 7, 8
9, 10, 11
12, 13, 14
15, 16, 17
18, 19, 20
21, 22, 23
24, 25, 26
16, 24, 27
28, 21, 29
30, 15, 31
10, 12, 32
33, 9, 34
4, 6, 35
36, 3, 37
22, 0, 38
39, 27, 26
39, 17, 27
40, 29, 23
40, 41, 29
39, 31, 17
39, 42, 31
40, 32, 14
40, 11, 32
40, 34, 11
40, 43, 34
39, 35, 8
39, 5, 35
39, 37, 5
39, 44, 37
40, 38, 2
40, 23, 38
38, 0, 2
37, 3, 5
35, 6, 8
34, 9, 11
32, 12, 14
31, 15, 17
20, 45, 46
46, 47, 48
48, 49, 50
50, 51, 18
18, 52, 53
53, 54, 19
19, 55, 56
56, 57, 20
20, 46, 18
48, 50, 18
18, 53, 19
19, 56, 20
46, 48, 18
29, 21, 23
27, 24, 26
17, 16, 27
41, 28, 29
42, 30, 31
11, 10, 32
43, 33, 34
5, 4, 35
44, 36, 37
23, 22, 38
