# Project Zomboid Skinned Mesh
# File Version:
1.0
# Model Name:
Halberd
# Vertex Stride Element Count:
3
# Vertex Stride Size (in bytes):
76
# Vertex Stride Data:
# (Int)    Offset
# (String) Type
0
VertexArray
12
NormalArray
24
TextureCoordArray
# Vertex Count:
106
# Vertex Buffer:
-0.00905316, 0.48681843, -0.02534484
-0.81221962, -0.57707447, 0.0852382
0.4364146, 0.05355215
-0.00508938, 0.46887088, -0.04338104
-0.79030734, -0.41758478, 0.4483169
0.43839651, 0.05806112
0.00508941, 0.46887088, -0.04338104
0.79030734, -0.41758478, 0.4483169
0.44348592, 0.05806112
0.00905319, 0.48681843, -0.02534484
0.81221962, -0.57707447, 0.0852382
0.44546783, 0.05355215
0.01423732, 0.48681843, 0.0142373
0.70851773, -0.67564929, 0.20349742
0.44805986, 0.04365659
-0.01423728, 0.48681843, 0.0142373
-0.70851773, -0.67564929, 0.20349742
0.43382257, 0.04365659
0.01423732, 0.51529306, 0.0142373
0.70635092, 0.67635119, 0.20874661
0.44805986, 0.04365659
0.00905319, 0.51529306, -0.02534484
0.81221962, 0.57707447, 0.0852382
0.44546783, 0.05355215
-0.00905316, 0.51529306, -0.02534484
-0.81221962, 0.57707447, 0.0852382
0.4364146, 0.05355215
0.00508942, 0.53324074, -0.04338104
0.79030734, 0.41758478, 0.4483169
0.51041919, 0.031039
0.00205669, 0.56469476, -0.05452758
0.77303386, 0.20883816, 0.59895629
0.50890285, 0.02317548
-0.00205664, 0.56469476, -0.05452758
-0.77303386, 0.20883816, 0.59895629
0.50684619, 0.02317548
0.00508942, 0.53324074, -0.04338104
0.79030734, 0.41758478, 0.4483169
0.44348592, 0.05806112
-0.00205665, 0.43741679, -0.05452758
-0.77303386, -0.20883816, 0.59895629
0.5553124, 0.05395758
-0.00205664, 0.47589493, -0.0627578
-0.98730427, -0.02459792, -0.15677358
0.57455146, 0.05601513
2e-08, 0.46331453, -0.07590961
0.0, -0.18558306, -0.98260444
0.56826127, 0.05930316
-0.00508938, 0.53324074, -0.04338104
-0.79030734, 0.41758478, 0.4483169
0.6032244, 0.05117095
-0.00205664, 0.56469476, -0.05452758
-0.77303386, 0.20883816, 0.59895629
0.61895138, 0.05395758
-0.00205664, 0.52621663, -0.0627578
-0.98730427, 0.02459792, -0.15677358
0.59971231, 0.05601513
-0.00508938, 0.46887088, -0.04338104
-0.79030734, -0.41758478, 0.4483169
0.50532979, 0.04713148
-0.00205665, 0.43741679, -0.05452758
-0.77303386, -0.20883816, 0.59895629
0.50684619, 0.054995
0.00205668, 0.43741679, -0.05452758
0.77303386, -0.20883816, 0.59895629
0.50890285, 0.054995
0.00508941, 0.46887088, -0.04338104
0.79030734, -0.41758478, 0.4483169
0.57103944, 0.05117095
0.00205668, 0.43741679, -0.05452758
0.77303386, -0.20883816, 0.59895629
0.5553124, 0.05395758
0.00205668, 0.47589493, -0.0627578
0.98730427, -0.02459792, -0.15677358
0.57455146, 0.05601513
0.00755711, 0.49330515, 0.02903645
0.67049164, -0.65495771, 0.34849086
0.44471979, 0.03995681
-0.00755708, 0.49330515, 0.02903645
-0.67049164, -0.65495771, 0.34849086
0.43716264, 0.03995681
0.00508942, 0.51178402, -0.04925504
0.98294014, 0.0257271, -0.18204291
0.59249604, 0.05263948
0.00905319, 0.50105578, -0.02534484
0.98931855, 0.0, -0.14566484
0.58713186, 0.04666197
0.00508942, 0.50105578, -0.05051209
0.98181099, 0.0, -0.18985565
0.58713186, 0.05295372
-0.01423728, 0.51529306, 0.0142373
-0.70635092, 0.67635119, 0.20874661
0.43382257, 0.04365659
-0.00755708, 0.50841939, 0.02903645
-0.64149904, 0.64943385, 0.40821558
0.43716264, 0.03995681
0.00755711, 0.50841939, 0.02903645
0.64149904, 0.64943385, 0.4082461
0.44471979, 0.03995681
0.00905319, 0.48681843, -0.02534484
0.81221962, -0.57707447, 0.0852382
0.58001322, 0.04666197
0.00508942, 0.49032748, -0.04925504
0.98294014, -0.0257271, -0.18204291
0.58176774, 0.05263948
-0.00508938, 0.49032748, -0.04925504
-0.98294014, -0.0257271, -0.18204291
0.58176774, 0.05263948
-0.00905316, 0.50105578, -0.02534484
-0.98931855, 0.0, -0.14566484
0.58713186, 0.04666197
-0.00508938, 0.50105578, -0.05051209
-0.98181099, 0.0, -0.18985565
0.58713186, 0.05295372
0.00905319, 0.51529306, -0.02534484
0.81221962, 0.57707447, 0.0852382
0.59425056, 0.04666197
-0.00905316, 0.48681843, -0.02534484
-0.81221962, -0.57707447, 0.0852382
0.58001322, 0.04666197
-0.01423728, 0.48681843, 0.0142373
-0.70851773, -0.67564929, 0.20349742
0.58001322, 0.03676641
2e-08, 0.53879696, -0.07590961
0.0, 0.18558306, -0.98260444
0.60600245, 0.05930316
2e-08, 0.50105578, -0.07962397
0.0, 0.0, -0.99996948
0.58713186, 0.06023169
-0.00508938, 0.46887088, -0.04338104
-0.79030734, -0.41758478, 0.4483169
0.57103944, 0.05117095
-0.00508938, 0.51178402, -0.04925504
-0.98294014, 0.0257271, -0.18204291
0.59249604, 0.05263948
-0.00205664, 0.50105578, -0.06400457
-0.98532057, 0.0, -0.17059846
0.58713186, 0.05632687
0.00508942, 0.53324074, -0.04338104
0.79030734, 0.41758478, 0.4483169
0.6032244, 0.05117095
0.00205668, 0.52621663, -0.0627578
0.98730427, 0.02459792, -0.15677358
0.59971231, 0.05601513
0.00205668, 0.50105578, -0.06400457
0.98532057, 0.0, -0.17059846
0.58713186, 0.05632687
-0.00755708, 0.49330515, 0.02903645
-0.67049164, -0.65495771, 0.34849086
0.5832566, 0.03306663
-0.00405814, 0.49311745, 0.06406453
-0.69618821, -0.71031833, 0.1035493
0.58316272, 0.02430964
-0.00405814, 0.50229627, 0.06406453
-0.69249552, 0.68776512, 0.21756646
0.5877521, 0.02430964
-0.00755708, 0.50841939, 0.02903645
-0.64149904, 0.64943385, 0.40821558
0.5908137, 0.03306663
-0.00905316, 0.51529306, -0.02534484
-0.81221962, 0.57707447, 0.0852382
0.59425056, 0.04666197
2e-08, 0.40559727, -0.05889364
0.0, -0.99996948, 0.00546281
0.5394026, 0.05504918
2e-08, 0.59651428, -0.05889364
0.0, 0.99996948, 0.00546281
0.63486111, 0.05504918
2e-08, 0.40559727, -0.05889364
0.0, -0.99996948, 0.00546281
0.50787449, 0.0629499
0.00205669, 0.56469476, -0.05452758
0.77303386, 0.20883816, 0.59895629
0.61895138, 0.05395758
2e-08, 0.59651428, -0.05889364
0.0, 0.99996948, 0.00546281
0.50787449, 0.01522064
0.00861295, 0.5475983, 0.00015774
0.77636033, 0.63023776, 0.0
0.67511666, 0.00428021
0.00609009, 0.5475983, 0.00624845
0.54896694, 0.63023776, 0.54896694
0.58755863, 0.00428021
0.00609006, -0.26793957, 0.00624845
0.54896694, -0.63023776, 0.54896694
0.58755726, 0.99664214
-6.1e-07, 0.5475983, 0.0087713
0.0, 0.63023776, 0.77636033
0.50000036, 0.00428021
-6.5e-07, -0.26793957, 0.0087713
0.0, -0.63023776, 0.77636033
0.49999985, 0.99664214
-0.00609132, 0.5475983, 0.00624845
-0.54896694, 0.63023776, 0.54896694
0.41244185, 0.00428021
-0.00609136, -0.26793957, 0.00624845
-0.54896694, -0.63023776, 0.54896694
0.41244251, 0.99664214
-0.00861418, 0.5475983, 0.00015774
-0.77636033, 0.63023776, 0.0
0.32488352, 0.00428021
-0.00861422, -0.26793957, 0.00015774
-0.77636033, -0.63023776, 0.0
0.32488492, 0.99664214
-0.00609132, 0.5475983, -0.00593296
-0.54896694, 0.63023776, -0.54896694
0.23732567, 0.00428021
-0.00609136, -0.26793957, -0.00593296
-0.54896694, -0.63023776, -0.54896694
0.23732701, 0.99664214
-6.1e-07, 0.5475983, -0.00845582
0.0, 0.63023776, -0.77636033
0.14976814, 0.00428021
-6.5e-07, -0.26793957, -0.00845582
0.0, -0.63023776, -0.77636033
0.14976859, 0.99664214
-0.00609132, 0.5475983, -0.00593296
-0.54896694, 0.63023776, -0.54896694
0.49999997, 1.0
-0.00861418, 0.5475983, 0.00015774
-0.77636033, 0.63023776, 0.0
0.14644656, 0.85355332
-6.1e-07, 0.5475983, 0.0087713
0.0, 0.63023776, 0.77636033
0.14644656, 0.14644665
0.00609009, 0.5475983, -0.00593296
0.54896694, 0.63023776, -0.54896694
1.0, 1.0
0.00861295, 0.5475983, 0.00015774
0.77636033, 0.63023776, 0.0
1.0, 0.0
0.00861292, -0.26793957, 0.00015774
0.77636033, -0.63023776, 0.0
0.0, 0.0
0.00609009, 0.5475983, -0.00593296
0.54896694, 0.63023776, -0.54896694
0.06221072, 0.00428021
0.00609006, -0.26793957, -0.00593296
0.54896694, -0.63023776, -0.54896694
0.06221003, 0.99664214
-0.00609136, -0.26793957, -0.00593296
-0.54896694, -0.63023776, -0.54896694
0.93779045, 0.99664214
0.00609006, -0.26793957, -0.00593296
0.54896694, -0.63023776, -0.54896694
0.76267356, 0.99664214
0.01423732, 0.48681843, 0.0142373
0.70851773, -0.67564929, 0.20349742
0.58001322, 0.03676641
0.01423732, 0.51529306, 0.0142373
0.70635092, 0.67635119, 0.20874661
0.59425056, 0.03676641
0.00755711, 0.50841939, 0.02903645
0.64149904, 0.64943385, 0.4082461
0.5908137, 0.03306663
0.00755711, 0.49330515, 0.02903645
0.67049164, -0.65495771, 0.34849086
0.5832566, 0.03306663
0.00405817, 0.50229627, 0.06406453
0.69249552, 0.68776512, 0.21756646
0.5877521, 0.02430964
-0.00405814, 0.50229627, 0.06406453
-0.69249552, 0.68776512, 0.21756646
0.43891215, 0.03119981
0.00405817, 0.50229627, 0.06406453
0.69249552, 0.68776512, 0.21756646
0.44297028, 0.03119981
0.00405817, 0.49311745, 0.06406453
0.69618821, -0.71031833, 0.1035493
0.44297028, 0.03119981
-0.00405814, 0.49311745, 0.06406453
-0.69618821, -0.71031833, 0.1035493
0.43891215, 0.03119981
1e-08, 0.49534452, 0.09419622
0.0, -0.0758385, 0.99710071
0.58427626, 0.01677668
1e-08, 0.49534452, 0.09419622
0.0, -0.0758385, 0.99710071
0.44094121, 0.02366686
0.00405817, 0.49311745, 0.06406453
0.69618821, -0.71031833, 0.1035493
0.58316272, 0.02430964
-0.00508938, 0.53324074, -0.04338104
-0.79030734, 0.41758478, 0.4483169
0.50532979, 0.031039
-0.00508938, 0.53324074, -0.04338104
-0.79030734, 0.41758478, 0.4483169
0.43839651, 0.05806112
0.00508941, 0.46887088, -0.04338104
0.79030734, -0.41758478, 0.4483169
0.51041919, 0.04713148
-0.01423728, 0.51529306, 0.0142373
-0.70635092, 0.67635119, 0.20874661
0.59425056, 0.03676641
0.00861292, -0.26793957, 0.00015774
0.77636033, -0.63023776, 0.0
0.67511517, 0.99664214
0.00609009, 0.5475983, 0.00624845
0.54896694, 0.63023776, 0.54896694
0.5, 0.0
0.00861295, 0.5475983, 0.00015774
0.77636033, 0.63023776, 0.0
0.85355341, 0.14644659
0.00609009, 0.5475983, -0.00593296
0.54896694, 0.63023776, -0.54896694
1.0, 0.50000003
-6.1e-07, 0.5475983, -0.00845582
0.0, 0.63023776, -0.77636033
0.85355341, 0.85355338
-0.00609132, 0.5475983, 0.00624845
-0.54896694, 0.63023776, 0.54896694
0.0, 0.5
0.00609006, -0.26793957, -0.00593296
0.54896694, -0.63023776, -0.54896694
0.0, 1.0
-6.5e-07, -0.26793957, -0.00845582
0.0, -0.63023776, -0.77636033
0.85023206, 0.99664214
# Number of Faces:
112
# Face Data:
0, 1, 2
3, 4, 5
6, 7, 8
9, 10, 11
8, 7, 12
13, 14, 15
16, 17, 18
19, 20, 21
22, 23, 24
4, 25, 26
27, 28, 29
30, 31, 32
33, 22, 34
35, 36, 37
38, 28, 27
36, 39, 40
39, 36, 35
18, 41, 42
43, 35, 14
44, 18, 45
46, 27, 47
34, 24, 48
49, 50, 51
40, 49, 52
53, 16, 44
23, 54, 15
17, 55, 41
21, 20, 56
24, 15, 42
57, 47, 41
11, 10, 58
59, 60, 61
60, 62, 63
62, 64, 65
64, 66, 67
66, 68, 69
68, 70, 71
72, 73, 74
75, 76, 77
70, 78, 79
65, 80, 81
14, 45, 42
35, 37, 45
27, 29, 48
47, 48, 42
36, 44, 37
28, 34, 29
82, 83, 84
85, 84, 86
82, 33, 28
31, 87, 88
25, 89, 90
51, 50, 91
88, 87, 92
90, 89, 92
93, 86, 91
3, 0, 2
0, 3, 5
30, 6, 8
94, 9, 11
95, 8, 12
54, 13, 15
44, 16, 18
96, 19, 21
34, 22, 24
5, 4, 26
6, 30, 32
28, 33, 34
46, 38, 27
40, 97, 36
53, 36, 97
43, 39, 35
45, 18, 42
13, 43, 14
37, 44, 45
57, 46, 47
29, 34, 48
52, 49, 51
97, 40, 52
36, 53, 44
24, 23, 15
18, 17, 41
48, 24, 42
55, 57, 41
98, 59, 61
61, 60, 63
63, 62, 65
65, 64, 67
67, 66, 69
69, 68, 71
74, 99, 100
100, 101, 74
102, 72, 74
73, 103, 74
74, 101, 102
104, 75, 77
71, 70, 79
81, 98, 61
61, 63, 81
65, 67, 80
80, 105, 81
81, 63, 65
15, 14, 42
14, 35, 45
47, 27, 48
41, 47, 42
85, 82, 84
93, 85, 86
28, 38, 83
83, 82, 28
32, 31, 88
26, 25, 90
