# Project Zomboid Skinned Mesh
# File Version:
1.0
# Model Name:
KingdomLongsword_Cube
# Vertex Stride Element Count:
3
# Vertex Stride Size (in bytes):
76
# Vertex Stride Data:
# (Int)    Offset
# (String) Type
0
VertexArray
12
NormalArray
24
TextureCoordArray
# Vertex Count:
129
# Vertex Buffer:
-0.00455743, 0.25216481, 0.00035565
-0.95779288, 0.00067141, -0.28736228
0.44072971, 0.34727561
-0.00455743, 0.28918993, 0.00035565
-0.95672476, 0.0, -0.29096347
0.50919867, 0.34707493
-1.49e-06, 0.28918993, -0.01462481
-0.95709097, -3.052e-05, -0.28971222
0.50927985, 0.37477762
0.00455444, 0.25216499, 0.00035565
0.95779288, 0.00067141, -0.28736228
0.44073004, 0.34727561
-1.5e-06, 0.25216499, -0.01485908
0.95861691, 0.0021363, -0.28458509
0.4408125, 0.37541151
0.00455444, 0.28919011, 0.00035565
0.95672476, 0.0, 0.29096347
0.50919902, 0.34707493
-1.49e-06, 0.28918993, 0.01533615
0.95709097, -3.052e-05, 0.28971222
0.50911748, 0.31937212
-1.5e-06, 0.25216499, 0.01557037
-0.95861691, 0.0021363, 0.28458509
0.4406476, 0.31913966
-0.00455742, 0.32852, 0.00035565
-0.9582507, -0.00088504, -0.28586689
0.5819301, 0.34686178
-1.49e-06, 0.32852, 0.01566722
-0.95849484, -0.00122074, 0.2850734
0.58184713, 0.31854677
0.00455445, 0.32852, 0.00035565
0.9582507, -0.00088504, 0.28586689
0.5819301, 0.34686178
-1.49e-06, 0.32852, -0.01495588
0.95849484, -0.00122074, -0.2850734
0.58201307, 0.37517673
-1.67e-06, 0.37645069, -0.01502061
0.9587695, 0.00158696, -0.28406629
0.67064965, 0.37503666
0.00455426, 0.37645069, 0.00035565
0.95843381, 0.00128178, -0.28525651
0.67056632, 0.34660202
-1.67e-06, 0.37645069, 0.01573194
-0.9587695, 0.00158696, 0.28406629
0.67048293, 0.31816727
-0.00455761, 0.37645069, 0.00035565
-0.95843381, 0.00125126, 0.28525651
0.67056632, 0.34660202
-0.0045576, 0.42299527, 0.00035547
-0.95693839, 0.0, -0.29023102
0.75663918, 0.34635007
-1.67e-06, 0.42299527, -0.01443043
-0.95599228, -0.002472, -0.29337442
0.75671935, 0.37369305
-1.67e-06, 0.42299527, 0.01514158
-0.95599228, -0.002472, 0.2933439
0.75655901, 0.31900674
0.00455427, 0.42299527, 0.00035547
0.95693839, 0.0, 0.29023102
0.75663918, 0.34635007
-1.66e-06, 0.44729036, -0.01490447
0.96096683, 0.00784326, -0.27646717
0.80164969, 0.37443799
0.00409868, 0.46679413, 0.00035547
0.96032596, 0.01126133, 0.27863398
0.83763456, 0.34611273
-1.66e-06, 0.44729036, 0.0156154
0.96096683, 0.00784326, 0.27646717
0.80148435, 0.31799889
-0.004102, 0.46679413, 0.00035547
-0.96032596, 0.01126133, -0.27863398
0.83763456, 0.34611273
-0.004102, 0.50292492, 0.00035547
-0.94933927, 0.01403851, -0.31388286
0.90444976, 0.34591693
-1.66e-06, 0.50292492, -0.01216973
-0.95168918, 0.01672414, -0.30652791
0.90451753, 0.36907923
-0.004102, 0.46679413, 0.00035547
-0.96032596, 0.01126133, 0.27863398
0.13554332, 0.34817034
-1.66e-06, 0.44729036, 0.0156154
-0.96096683, 0.00784326, 0.27646717
0.09939311, 0.3200565
-1.66e-06, 0.50292492, 0.01288089
-0.95168918, 0.01672414, 0.30652791
0.20229059, 0.32481182
0.00409868, 0.50292492, 0.00035547
0.94933927, 0.01403851, 0.31385234
0.90444976, 0.34591693
-1.66e-06, 0.50292492, 0.01288089
0.95168918, 0.01672414, 0.30652791
0.90438181, 0.32275414
0.00409868, 0.46679413, 0.00035547
0.96032596, 0.01126133, -0.27863398
0.13554332, 0.34817034
-1.66e-06, 0.44729036, -0.01490447
0.96096683, 0.00784326, -0.27646717
0.09955848, 0.3764956
-1.66e-06, 0.50292492, -0.01216973
0.95168918, 0.01672414, -0.30652791
0.20242634, 0.37113684
0.00409868, 0.50292492, 0.00035547
0.94933927, 0.01403851, -0.31388286
0.20235845, 0.34797454
-1.66e-06, 0.52322149, -0.01011768
0.94494462, 0.03738517, -0.32502213
0.23994872, 0.36723208
0.00364309, 0.52322149, 0.00035547
0.94546342, 0.03885006, 0.32337412
0.23989195, 0.34786457
-1.65e-06, 0.52322149, 0.01082879
0.94494462, 0.03738517, 0.32502213
0.23983517, 0.32849669
-0.004102, 0.50292492, 0.00035547
-0.94933927, 0.01403851, 0.31385234
0.20235845, 0.34797454
-0.0036464, 0.52322149, 0.00035547
-0.94546342, 0.03885006, -0.32337412
0.23989195, 0.34786457
-0.00227962, 0.54167318, 0.00035547
-0.95471054, 0.07382427, -0.28812525
0.27401397, 0.34776455
-1.65e-06, 0.54167318, -0.007192
-0.95269632, 0.06994842, -0.29572436
0.27405488, 0.36172169
-1.65e-06, 0.54167318, 0.00790315
-0.95269632, 0.06994842, 0.29572436
0.27397305, 0.33380693
0.00227631, 0.54167318, 0.00035547
0.95471054, 0.07382427, 0.28812525
0.27401397, 0.34776455
-1.65e-06, 0.56989872, 0.00035547
0.95449692, 0.07702872, -0.28806421
0.3262102, 0.34761155
-1.5e-06, 0.22208576, -0.01570705
-0.962035, 0.00357067, -0.27286598
0.38519287, 0.37714267
-0.00455744, 0.22208537, 0.00035565
-0.96139407, 0.00253304, -0.27512437
0.38510513, 0.34743863
-1.5e-06, 0.22208557, 0.01641834
0.962035, 0.00357067, 0.27286598
0.38501844, 0.3177346
0.00455443, 0.22208557, 0.00035565
0.96139407, 0.00253304, 0.27512437
0.38510549, 0.34743863
0.00455462, 0.20689912, 0.00035565
0.96191287, 0.0, -0.27326274
0.35702184, 0.34752095
-1.31e-06, 0.20689932, -0.01568103
0.96215707, 0.00067141, -0.27246925
0.35710907, 0.37717688
-0.00455725, 0.20689893, 0.00035565
-0.96191287, 0.0, 0.27326274
0.35702151, 0.34752095
-1.31e-06, 0.20689912, 0.01639237
-0.96215707, 0.00064089, 0.27246925
0.35693491, 0.31786489
-1.32e-06, 0.19171286, -0.01584658
-0.96276742, 0.00192267, -0.27024141
0.32902634, 0.37756532
-0.00455706, 0.19171247, 0.00035565
-0.96246225, 0.00067141, -0.27137059
0.32893783, 0.3476032
-1.31e-06, 0.19171268, 0.0165577
0.96276742, 0.00195318, 0.27027193
0.32885039, 0.31764144
0.00455481, 0.19171268, 0.00035565
0.96246225, 0.00067141, 0.27137059
0.32893819, 0.3476032
0.00455481, 0.17652622, 0.00035565
0.96234018, -0.00180059, -0.2717368
0.30085453, 0.34768552
-0.00455706, 0.17652604, 0.00035565
-0.96234018, -0.00180059, 0.27170628
0.30085418, 0.34768552
-1.13e-06, 0.17652622, 0.01665944
0.9630726, -0.00372326, 0.26911223
0.30076617, 0.31753564
-1.13e-06, 0.1765264, -0.01594833
-0.9630726, -0.00372326, -0.26911223
0.30094323, 0.37783575
-1.13e-06, 0.16133997, -0.01541889
-0.96185184, 0.00134281, -0.27350688
0.27285671, 0.376939
-1.13e-06, 0.16133976, 0.01613
0.96185184, 0.00137333, 0.27350688
0.27268538, 0.31859702
-0.00455687, 0.15374637, 0.00035565
-0.9564501, 0.02197333, 0.29102451
0.25872871, 0.34780896
0.004555, 0.15374655, 0.00035565
0.9564501, 0.02200384, -0.29102451
0.25872907, 0.34780896
0.00624278, 0.13275281, 0.00035547
0.93652147, 0.07528916, -0.34238717
0.21990624, 0.3479231
-3.7e-07, 0.13378339, -0.0164937
0.94854581, 0.04773095, -0.31299782
0.22190335, 0.37907594
-0.00624333, 0.13275261, 0.00035547
-0.93652147, 0.07522812, 0.34238717
0.21990588, 0.3479231
-3.7e-07, 0.13378319, 0.01720463
-0.94854581, 0.04766991, 0.31299782
0.22172037, 0.31675911
0.00671204, 0.12588625, 0.01619019
0.78365427, 0.6100955, 0.11676382
0.20712236, 0.31867784
-0.01060222, 0.12465633, 0.00035547
-0.88048953, 0.474044, 0.0
0.20493379, 0.34796703
-0.00671278, 0.12588625, 0.01619019
-0.78365427, 0.61006498, 0.11676382
0.20712236, 0.31867784
0.01060224, 0.12465671, 0.00035546
0.88045901, 0.47407451, 0.0
0.20493448, 0.34796703
0.00671204, 0.12588644, -0.01547926
0.78325754, 0.60911894, -0.12414929
0.20729434, 0.3772428
-0.00671278, 0.12588644, -0.01547926
-0.78328806, 0.60911894, -0.12414929
0.20729434, 0.3772428
-3.7e-07, 0.13436028, 0.06158873
0.0, 0.80983919, 0.58662677
0.22254699, 0.23467839
0.00738328, 0.12667158, 0.06095583
0.84279919, -0.02810755, 0.53746146
0.20833203, 0.23589039
-0.00738402, 0.12667158, 0.06095583
-0.84279919, -0.02810755, 0.53746146
0.20833203, 0.23589039
-1.8e-07, 0.11521189, 0.01515525
-0.83367413, -0.53682059, 0.1296121
0.18738836, 0.32064956
-1.8e-07, 0.12002788, 0.06149763
0.0, -0.79805905, 0.6025269
0.19604322, 0.23492455
0.00738328, 0.12536478, -0.06044368
0.84292126, -0.04977569, -0.53569138
0.2065734, 0.46039641
-3.8e-07, 0.13299407, -0.06158873
0.0, 0.77901548, -0.62697226
0.2206881, 0.46247256
-0.00738403, 0.12536478, -0.06044368
-0.84292126, -0.04977569, -0.53569138
0.2065734, 0.46039641
-1.9e-07, 0.11869982, -0.06054031
0.0, -0.82705158, -0.56212044
0.19424871, 0.46061122
-1.9e-07, 0.11521207, -0.01444432
0.83516955, -0.53675956, -0.11969359
0.18754911, 0.37538677
-3.7e-07, 0.13436028, 0.06158873
0.0, 0.80983919, 0.58662677
0.22315469, 0.44202363
-0.00738402, 0.12667158, 0.06095583
-0.84279919, -0.02810755, 0.53746146
0.2089763, 0.45571959
-1.8e-07, 0.12002788, 0.06149763
0.0, -0.79805905, 0.6025269
0.19665036, 0.442101
-3.8e-07, 0.13299407, -0.06158873
0.0, 0.77901548, -0.62697226
0.22062823, 0.44203103
0.00738328, 0.12536478, -0.06044368
0.84292126, -0.04977569, -0.53569138
0.2064797, 0.42841816
-1.9e-07, 0.11869982, -0.06054031
0.0, -0.82705158, -0.56212044
0.19419447, 0.44210815
0.00707611, -0.03748256, 0.00596099
0.70201725, -0.62639242, 0.33875546
0.48518947, 0.76426362
-5.8e-07, -0.03748256, 0.0115657
0.0, -0.5973388, 0.80196542
0.50365353, 0.74928236
-0.00707747, -0.03748256, 0.00596099
-0.70201725, -0.62639242, 0.33875546
0.52246636, 0.76382388
-0.00707747, -0.03748256, -0.00524834
-0.70201725, -0.62639242, -0.33875546
0.52281463, 0.79334639
0.00707611, -0.03748256, -0.00524834
0.70201725, -0.62639242, -0.33875546
0.48553774, 0.79378615
-5.8e-07, -0.03748256, -0.01085287
0.0, -0.5973388, -0.80196542
0.50435007, 0.80832715
0.0087362, 0.10572377, 0.00727572
0.89480269, -0.00372326, 0.44639423
0.94947106, 0.88458966
-5.7e-07, 0.10572377, 0.01419508
0.0, -0.06054872, 0.99813837
0.9497425, 0.90760006
-5.8e-07, -0.03748256, 0.0115657
0.0, -0.5973388, 0.80196542
0.57257372, 0.91204958
-0.00873733, 0.10572377, 0.00727572
-0.89480269, -0.00369274, 0.44639423
0.95001394, 0.93061049
-0.00707747, -0.03748256, 0.00596099
-0.70201725, -0.62639242, 0.33875546
0.57081842, 0.76325347
-0.00873733, 0.10572377, 0.00727572
-0.89480269, -0.00369274, 0.44639423
0.94794631, 0.7553414
-0.00873733, 0.10572377, -0.00656289
-0.89480269, -0.00372326, -0.44639423
0.9483763, 0.79178877
-0.00873733, 0.10572377, -0.00656289
-0.89480269, -0.00372326, -0.44639423
0.95001394, 0.93061049
-5.7e-07, 0.10572377, -0.01348225
0.0, -0.06064028, -0.99813837
0.9497425, 0.90760006
-5.8e-07, -0.03748256, -0.01085287
0.0, -0.5973388, -0.80196542
0.57257372, 0.91204958
0.0087362, 0.10572377, -0.00656289
0.89480269, -0.00375378, -0.44639423
0.94947106, 0.88458966
0.0087362, 0.10572377, -0.00656289
0.89480269, -0.00375378, -0.44639423
0.9483763, 0.79178877
0.0087362, 0.10572377, 0.00727572
0.89480269, -0.00372326, 0.44639423
0.94794631, 0.7553414
0.00707611, -0.03748256, 0.00596099
0.70201725, -0.62639242, 0.33875546
0.57081842, 0.76325347
0.01060224, 0.12465671, 0.00035546
0.99548328, 0.09466842, 0.0
0.49906373, 0.87283599
0.0087362, 0.10572377, 0.00727572
0.89480269, -0.00372326, 0.44639423
0.48083627, 0.92270398
0.0087362, 0.10572377, -0.00656289
0.89480269, -0.00375378, -0.44639423
0.51728618, 0.92270398
-5.7e-07, 0.10572377, -0.01348225
0.0, -0.06064028, -0.99813837
0.53551126, 0.92270398
-1.9e-07, 0.11521207, -0.01444432
0.0, 0.08713035, -0.99618518
0.53804529, 0.8977125
-1.8e-07, 0.11521189, 0.01515525
0.0, 0.08728294, 0.99615467
0.46008217, 0.89771298
-5.7e-07, 0.10572377, 0.01419508
0.0, -0.06054872, 0.99813837
0.4626112, 0.92270398
-0.01060222, 0.12465633, 0.00035547
-0.99548328, 0.09475997, 0.0
0.49906373, 0.87283698
-0.00873733, 0.10572377, -0.00656289
-0.89480269, -0.00372326, -0.44639423
0.51728618, 0.92270398
-0.00873733, 0.10572377, 0.00727572
-0.89480269, -0.00369274, 0.44639423
0.48083627, 0.92270398
0.00738328, 0.12667158, 0.06095583
0.84279919, -0.02810755, 0.53746146
0.20889625, 0.42841107
-0.00738403, 0.12536478, -0.06044368
-0.84292126, -0.04977569, -0.53569138
0.20655969, 0.45572662
0.00707611, -0.03748256, 0.00596099
0.70201725, -0.62639242, 0.33875546
0.57235384, 0.89341137
-0.00707747, -0.03748256, 0.00596099
-0.70201725, -0.62639242, 0.33875546
0.5727936, 0.93068826
-0.00707747, -0.03748256, -0.00524834
-0.70201725, -0.62639242, -0.33875546
0.57116669, 0.79277597
-0.00707747, -0.03748256, -0.00524834
-0.70201725, -0.62639242, -0.33875546
0.5727936, 0.93068826
0.00707611, -0.03748256, -0.00524834
0.70201725, -0.62639242, -0.33875546
0.57235384, 0.89341137
0.00707611, -0.03748256, -0.00524834
0.70201725, -0.62639242, -0.33875546
0.57116669, 0.79277597
# Number of Faces:
174
# Face Data:
0, 1, 2
3, 4, 2
3, 5, 6
0, 7, 6
2, 1, 8
6, 9, 8
6, 5, 10
2, 11, 10
11, 12, 13
9, 10, 13
9, 14, 15
11, 8, 15
15, 16, 17
15, 14, 18
13, 19, 18
13, 12, 17
19, 17, 20
19, 21, 22
16, 18, 22
16, 23, 20
23, 24, 25
26, 27, 28
21, 29, 30
31, 32, 33
34, 33, 35
34, 36, 37
38, 28, 37
38, 39, 35
39, 40, 41
39, 37, 42
36, 43, 42
36, 35, 41
43, 41, 44
42, 43, 44
40, 42, 44
41, 40, 44
4, 45, 46
7, 47, 48
7, 0, 46
4, 3, 48
48, 49, 50
46, 51, 52
48, 47, 52
46, 45, 50
50, 53, 54
52, 55, 56
52, 51, 54
50, 49, 56
53, 56, 57
55, 54, 58
55, 59, 57
53, 60, 58
58, 60, 61
57, 59, 62
58, 63, 62
57, 64, 61
64, 65, 66
63, 67, 68
64, 62, 68
63, 61, 66
65, 68, 69
67, 70, 71
65, 72, 73
67, 66, 74
68, 75, 76
68, 71, 77
71, 78, 79
69, 76, 79
66, 73, 80
66, 81, 82
74, 82, 83
73, 84, 83
72, 69, 78
72, 84, 73
70, 78, 71
70, 74, 84
85, 86, 87
88, 89, 90
91, 92, 93
94, 95, 91
94, 96, 95
97, 98, 99
99, 98, 100
101, 102, 103
104, 105, 106
106, 105, 107
108, 109, 110
111, 112, 113
113, 114, 115
116, 117, 112
118, 119, 120
116, 118, 120
119, 118, 115
4, 0, 2
5, 3, 2
7, 3, 6
1, 0, 6
11, 2, 8
1, 6, 8
9, 6, 10
5, 2, 10
10, 11, 13
14, 9, 13
8, 9, 15
12, 11, 15
12, 15, 17
16, 15, 18
14, 13, 18
19, 13, 17
21, 19, 20
18, 19, 22
23, 16, 22
17, 16, 20
20, 23, 25
38, 26, 28
22, 21, 30
34, 31, 33
36, 34, 35
28, 34, 37
39, 38, 37
33, 38, 35
35, 39, 41
40, 39, 42
37, 36, 42
43, 36, 41
0, 4, 46
3, 7, 48
47, 7, 46
45, 4, 48
45, 48, 50
47, 46, 52
49, 48, 52
51, 46, 50
51, 50, 54
49, 52, 56
55, 52, 54
53, 50, 56
60, 53, 57
59, 55, 58
56, 55, 57
54, 53, 58
63, 58, 61
64, 57, 62
59, 58, 62
60, 57, 61
61, 64, 66
62, 63, 68
65, 64, 68
67, 63, 66
72, 65, 69
68, 67, 71
66, 65, 73
70, 67, 74
69, 68, 76
75, 68, 77
77, 71, 79
78, 69, 79
81, 66, 80
74, 66, 82
84, 74, 83
80, 73, 83
121, 85, 87
122, 88, 90
93, 94, 91
123, 97, 99
124, 99, 100
125, 101, 103
126, 104, 106
127, 106, 107
128, 108, 110
111, 113, 115
111, 116, 112
117, 116, 120
114, 119, 115
