# Project Zomboid Skinned Mesh
# File Version:
1.0
# Model Name:
Axe
# Vertex Stride Element Count:
3
# Vertex Stride Size (in bytes):
76
# Vertex Stride Data:
# (Int)    Offset
# (String) Type
0
VertexArray
12
NormalArray
24
TextureCoordArray
# Vertex Count:
87
# Vertex Buffer:
0.00889832, 0.34368199, 0.0
0.77636033, 0.63023776, 0.0
0.66942722, 0.08638769
0.00629207, 0.34368199, 0.00629205
0.54896694, 0.63023776, 0.54896694
0.57701701, 0.08638769
0.00629205, -0.020902, 0.00629205
0.54896694, -0.63023776, 0.54896694
0.57701641, 0.99794338
1e-08, 0.34368199, 0.0088983
0.0, 0.63023776, 0.77636033
0.48460653, 0.08638769
-1e-08, -0.020902, 0.0088983
0.0, -0.63023776, 0.77636033
0.48460636, 0.99794338
-0.00629204, 0.34368199, 0.00629205
-0.54896694, 0.63023776, 0.54899746
0.39219603, 0.08638769
-0.00629206, -0.020902, 0.00629205
-0.54896694, -0.63023776, 0.54896694
0.39219639, 0.99794338
-0.0088983, 0.34368199, -0.0
-0.77636033, 0.63023776, 0.0
0.29978564, 0.08638769
-0.00889832, -0.020902, -0.0
-0.77636033, -0.63023776, 0.0
0.29978636, 0.99794338
-0.00629204, 0.34368199, -0.00629205
-0.54896694, 0.63023776, -0.54896694
0.20737541, 0.08638769
-0.00629206, -0.020902, -0.00629205
-0.54896694, -0.63023776, -0.54896694
0.20737603, 0.99794338
1e-08, 0.34368199, -0.00889831
0.0, 0.63023776, -0.77636033
0.11496532, 0.08638769
-0.0, -0.020902, -0.00889831
0.0, -0.63023776, -0.77636033
0.1149655, 0.99794338
-0.00629204, 0.34368199, -0.00629205
-0.54896694, 0.63023776, -0.54896694
0.94665748, 0.08638769
0.00629207, 0.34368199, -0.00629205
0.54896694, 0.63023776, -0.54896694
0.7618373, 0.08638769
0.00889831, -0.020902, 0.0
0.77636033, -0.63023776, 0.0
0.6694265, 0.99794338
0.00629207, 0.34368199, -0.00629205
0.54896694, 0.63023776, -0.54896694
0.02255523, 0.08638769
0.00629205, -0.020902, -0.00629205
0.54896694, -0.63023776, -0.54896694
0.02255493, 0.99794338
-0.00629206, -0.020902, -0.00629205
-0.54896694, -0.63023776, -0.54896694
0.94665807, 0.99794338
0.00629205, -0.020902, -0.00629205
0.54896694, -0.63023776, -0.54896694
0.76183707, 0.99794338
-0.01138983, 0.29599392, -0.01138984
-0.801355, -0.59807122, -0.00802637
0.73310989, 0.03508115
-0.00400186, 0.28311548, -0.03188631
-0.73720509, -0.59556872, 0.31904051
0.73958546, 0.04406363
0.00400188, 0.28311548, -0.03188631
0.73720509, -0.59556872, 0.31900999
0.74660063, 0.04406363
0.01138985, 0.31105381, 0.01138984
0.70708334, 0.0, 0.70708334
0.91849273, 0.02030486
0.01138985, 0.29599392, 0.01138984
0.57734919, -0.57734919, 0.57734919
0.90529305, 0.02030486
0.01138985, 0.29599392, -0.01138984
0.801355, -0.59807122, -0.00802637
0.90529305, 0.03028786
0.01138985, 0.29599392, -0.01138984
0.801355, -0.59807122, -0.00802637
0.75307602, 0.03508115
0.01138985, 0.29599392, 0.01138984
0.57734919, -0.57734919, 0.57734919
0.75307602, 0.02509803
-0.01138983, 0.29599392, 0.01138984
-0.57734919, -0.57734919, 0.57734919
0.73310989, 0.02509803
0.01138985, 0.32611364, 0.01138984
0.57734919, 0.57734919, 0.57734919
0.75307602, 0.02509803
0.01138985, 0.32611364, -0.01138984
0.801355, 0.59807122, -0.00802637
0.75307602, 0.03508115
-0.01138983, 0.32611364, -0.01138984
-0.801355, 0.59807122, -0.00802637
0.73310989, 0.03508115
0.00400188, 0.33899206, -0.03188631
0.73720509, 0.59556872, 0.31900999
0.74660063, 0.04406363
0.0016172, 0.3552475, -0.04847185
0.73854792, 0.47495955, 0.47843868
0.74451053, 0.05133212
-0.00161717, 0.3552475, -0.04847185
-0.73854792, 0.47495955, 0.47843868
0.74167562, 0.05133212
-0.00161718, 0.26686001, -0.04847185
-0.73854792, -0.47495955, 0.47843868
0.87975734, 0.04653889
-0.00161717, 0.29358095, -0.0568053
-0.99664295, -0.01614429, -0.08011109
0.90317804, 0.05019093
1e-08, 0.28484458, -0.080777
0.0, -0.23801385, -0.97125155
0.89552069, 0.0606963
-0.00400186, 0.33899206, -0.03188631
-0.73720509, 0.59556872, 0.31900999
0.94298041, 0.03927028
-0.00161717, 0.3552475, -0.04847185
-0.73854792, 0.47495955, 0.47843868
0.95722806, 0.04653889
-0.00161717, 0.32852662, -0.0568053
-0.99664295, 0.01614429, -0.08011109
0.93380761, 0.05019093
-0.00161718, 0.26686001, -0.04847185
-0.73854792, -0.47495955, 0.47843868
0.74167562, 0.05133212
0.0016172, 0.26686001, -0.04847185
0.73854792, -0.47495955, 0.47843868
0.74451053, 0.05133212
0.00400188, 0.28311548, -0.03188631
0.73720509, -0.59556872, 0.31900999
0.89400524, 0.03927028
0.0016172, 0.26686001, -0.04847185
0.73854792, -0.47495955, 0.47843868
0.87975734, 0.04653889
0.0016172, 0.29358095, -0.0568053
0.99664295, -0.01614429, -0.08011109
0.90317804, 0.05019093
0.01138985, 0.32611364, 0.01138984
0.57734919, 0.57734919, 0.57734919
0.9316926, 0.02030486
0.01138985, 0.31105381, -0.01138984
0.9859615, 0.0, -0.16693625
0.91849273, 0.03028786
0.00400188, 0.301741, -0.03188631
0.97527999, -0.02911466, -0.21893978
0.9103303, 0.03927028
0.00400188, 0.31105375, -0.03483234
0.98440504, 0.0, -0.17584765
0.91849273, 0.04056138
-0.01138983, 0.32611364, 0.01138984
-0.57734919, 0.57734919, 0.57734919
0.79610759, 0.02960157
-0.01138983, 0.31105381, 0.01138984
-0.70708334, 0.0, 0.70708334
0.79610759, 0.03620154
0.01138985, 0.31105381, 0.01138984
0.70708334, 0.0, 0.70708334
0.81607378, 0.03620154
-0.01138983, 0.31105381, -0.01138984
-0.9859615, 0.0, -0.16693625
0.91849273, 0.03028786
-0.00400186, 0.32036656, -0.03188631
-0.97527999, 0.02911466, -0.21893978
0.92665535, 0.03927028
-0.00400186, 0.31105375, -0.03483234
-0.98440504, 0.0, -0.17584765
0.91849273, 0.04056138
0.01138985, 0.32611364, -0.01138984
0.801355, 0.59807122, -0.00802637
0.9316926, 0.03028786
0.00400188, 0.32036656, -0.03188631
0.97527999, 0.02911466, -0.21893978
0.92665535, 0.03927028
-0.01138983, 0.29599392, 0.01138984
-0.57734919, -0.57734919, 0.57734919
0.79610759, 0.04280144
-0.01138983, 0.29599392, -0.01138984
-0.801355, -0.59807122, -0.00802637
0.90529305, 0.03028786
-0.00400186, 0.301741, -0.03188631
-0.97527999, -0.02911466, -0.21893978
0.9103303, 0.03927028
1e-08, 0.33726299, -0.080777
0.0, 0.23801385, -0.97125155
0.9414649, 0.0606963
1e-08, 0.31105375, -0.08372304
0.0, 0.0, -1.0
0.91849273, 0.06198752
-0.00400186, 0.28311548, -0.03188631
-0.73720509, -0.59556872, 0.31904051
0.89400524, 0.03927028
0.00400188, 0.33899206, -0.03188631
0.73720509, 0.59556872, 0.31900999
0.94298041, 0.03927028
0.0016172, 0.32852662, -0.0568053
0.99664295, 0.01614429, -0.08011109
0.93380761, 0.05019093
-0.01138983, 0.32611364, -0.01138984
-0.801355, 0.59807122, -0.00802637
0.9316926, 0.03028786
-0.01138983, 0.31105381, 0.01138984
-0.70708334, 0.0, 0.70708334
0.91849273, 0.02030486
-0.01138983, 0.29599392, 0.01138984
-0.57734919, -0.57734919, 0.57734919
0.90529305, 0.02030486
1e-08, 0.24476317, -0.06354759
0.0, -0.96810818, -0.25040436
0.86038971, 0.05314577
2e-08, 0.37734437, -0.06354759
0.0, 0.96810818, -0.25040436
0.9765957, 0.05314577
0.0016172, 0.26686001, -0.04847185
0.73854792, -0.47495955, 0.47843868
0.80750805, 0.05556917
-0.00161718, 0.26686001, -0.04847185
-0.73854792, -0.47495955, 0.47843868
0.80467314, 0.05556917
1e-08, 0.24476317, -0.06354759
0.0, -0.96810818, -0.25040436
0.80609059, 0.0652529
0.0016172, 0.3552475, -0.04847185
0.73854792, 0.47495955, 0.47843868
0.95722806, 0.04653889
-0.00161717, 0.3552475, -0.04847185
-0.73854792, 0.47495955, 0.47843868
0.80467314, 0.01683384
0.0016172, 0.3552475, -0.04847185
0.73854792, 0.47495955, 0.47843868
0.80750805, 0.01683384
2e-08, 0.37734437, -0.06354759
0.0, 0.96810818, -0.25040436
0.80609059, 0.00714993
-0.00161717, 0.31105375, -0.05975133
-0.99679554, 0.0, -0.0798059
0.91849273, 0.0514819
0.0016172, 0.31105375, -0.05975133
0.99679554, 0.0, -0.0798059
0.91849273, 0.0514819
1e-08, 0.34368199, -0.00889831
0.0, 0.63023776, -0.77636033
0.85424739, 0.08638769
-0.0, -0.020902, -0.00889831
0.0, -0.63023776, -0.77636033
0.85424763, 0.99794338
-0.01138983, 0.32611364, 0.01138984
-0.57734919, 0.57734919, 0.57734919
0.73310989, 0.02509803
-0.00400186, 0.33899206, -0.03188631
-0.73720509, 0.59556872, 0.31900999
0.73958546, 0.04406363
0.01138985, 0.32611364, 0.01138984
0.57734919, 0.57734919, 0.57734919
0.81607378, 0.02960157
0.01138985, 0.29599392, 0.01138984
0.57734919, -0.57734919, 0.57734919
0.81607378, 0.04280144
-0.01138983, 0.32611364, 0.01138984
-0.57734919, 0.57734919, 0.57734919
0.9316926, 0.02030486
# Number of Faces:
98
# Face Data:
0, 1, 2
1, 3, 4
3, 5, 6
5, 7, 8
7, 9, 10
9, 11, 12
13, 7, 3
14, 0, 15
11, 16, 17
6, 18, 19
20, 21, 22
23, 24, 25
26, 27, 28
29, 30, 31
32, 33, 34
31, 30, 32
35, 36, 37
38, 39, 40
21, 41, 42
43, 44, 45
46, 23, 47
47, 48, 49
50, 51, 52
25, 43, 48
53, 54, 55
56, 47, 57
52, 51, 58
59, 53, 60
40, 61, 62
63, 60, 36
55, 54, 40
64, 57, 65
49, 48, 45
66, 53, 67
53, 59, 68
66, 38, 54
44, 69, 37
39, 70, 61
71, 72, 73
45, 37, 62
74, 65, 61
75, 76, 77
36, 78, 62
55, 78, 36
49, 79, 65
65, 79, 62
15, 0, 2
2, 1, 4
4, 3, 6
6, 5, 8
8, 7, 10
10, 9, 12
3, 1, 0
0, 14, 3
80, 13, 3
7, 5, 3
3, 14, 80
19, 14, 15
12, 11, 17
19, 15, 2
2, 4, 19
6, 8, 18
18, 81, 19
19, 4, 6
26, 20, 22
47, 23, 25
20, 26, 28
82, 29, 31
83, 32, 34
83, 31, 32
69, 35, 37
54, 38, 40
22, 21, 42
48, 43, 45
56, 46, 47
57, 47, 49
84, 50, 52
47, 25, 48
60, 53, 55
64, 56, 57
85, 52, 58
63, 59, 60
78, 40, 62
35, 63, 36
78, 55, 40
74, 64, 65
79, 49, 45
86, 66, 67
67, 53, 68
53, 66, 54
45, 44, 37
40, 39, 61
79, 45, 62
70, 74, 61
37, 36, 62
60, 55, 36
57, 49, 65
61, 65, 62
