# Project Zomboid Skinned Mesh
# File Version:
1.0
# Model Name:
KingdomHammer_Cube.005
# Vertex Stride Element Count:
3
# Vertex Stride Size (in bytes):
76
# Vertex Stride Data:
# (Int)    Offset
# (String) Type
0
VertexArray
12
NormalArray
24
TextureCoordArray
# Vertex Count:
102
# Vertex Buffer:
0.02700655, 0.25881031, -0.02529998
0.94030577, 0.34028137, 0.0
0.42177618, 0.01593316
0.03360108, 0.24058771, -0.02529998
0.98495436, 0.17273477, 0.0
0.42177618, 0.02995157
0.03360108, 0.24058771, -0.05897403
0.98495436, 0.17273477, 0.0
0.36996627, 0.02995157
0.03360108, 0.21954595, -0.02529998
0.98495436, -0.17273477, 0.0
0.42177618, 0.04613864
0.03360108, 0.21954595, -0.05897403
0.98495436, -0.17273477, 0.0
0.36996627, 0.04613864
0.02700674, 0.20132332, -0.02529998
0.94030577, -0.34028137, 0.0
0.42177618, 0.06015712
0.02700655, 0.20132314, -0.05897403
0.34028137, -0.94030577, 0.0
0.56941414, 0.01718479
0.02700674, 0.20132332, -0.02529998
0.34028137, -0.94030577, 0.0
0.62122411, 0.01718467
0.00878395, 0.19472879, -0.02529998
0.17273477, -0.98495436, 0.0
0.62122411, 0.03120321
-0.01225782, 0.19472879, -0.02529998
-0.17273477, -0.98495436, 0.0
0.62122411, 0.04739028
-0.01225782, 0.19472879, -0.05897403
-0.17273477, -0.98495436, 0.0
0.56941414, 0.04739028
-0.03048042, 0.20132314, -0.02529998
-0.34028137, -0.94030577, 0.0
0.62122411, 0.06140876
-0.03048042, 0.20132314, -0.05897403
-0.34028137, -0.94030577, 0.0
0.56941414, 0.06140876
-0.03048042, 0.20132314, -0.05897403
-0.94030577, -0.34028137, 0.0
0.36996627, 0.06015724
-0.03048042, 0.20132314, -0.02529998
-0.94030577, -0.34028137, 0.0
0.42177618, 0.06015724
-0.03707495, 0.21954574, -0.02529998
-0.98495436, -0.17273477, 0.0
0.42177618, 0.04613882
-0.03707495, 0.21954592, -0.05897403
-0.98495436, -0.17273477, 0.0
0.36996627, 0.0461387
-0.03707495, 0.2405875, -0.02529998
-0.98495436, 0.17273477, 0.0
0.42177618, 0.02995175
-0.03707495, 0.24058771, -0.05897403
-0.98495436, 0.17273477, 0.0
0.36996627, 0.02995157
-0.03048062, 0.25881031, -0.02529998
-0.94030577, 0.34028137, 0.0
0.42177618, 0.01593316
-0.03048043, 0.25881031, -0.05897403
-0.34028137, 0.94030577, 0.0
0.56941414, 0.06140876
-0.03048062, 0.25881031, -0.02529998
-0.34028137, 0.94030577, 0.0
0.62122411, 0.06140888
-0.01225783, 0.26540485, -0.02529998
-0.17273477, 0.98495436, 0.0
0.62122411, 0.04739034
0.00878394, 0.26540485, -0.02529998
0.17273477, 0.98495436, 0.0
0.62122411, 0.03120321
0.00878395, 0.26540485, -0.05897403
0.17273477, 0.98495436, 0.0
0.56941414, 0.03120321
0.02700655, 0.25881031, -0.02529998
0.34028137, 0.94030577, 0.0
0.62122411, 0.01718479
0.02700655, 0.25881031, -0.05897403
0.34028137, 0.94030577, 0.0
0.56941414, 0.01718479
-0.03048042, 0.20132314, -0.02529998
-0.5274514, -0.47898799, 0.70165104
0.44303852, 0.06015724
-0.03048062, 0.25881031, -0.02529998
-0.5274514, 0.47898799, 0.70165104
0.44303823, 0.01593316
-0.03707495, 0.2405875, -0.02529998
0.0, 0.0, 1.0
0.43289238, 0.02995175
0.02700655, 0.25881031, -0.02529998
0.5274514, 0.47898799, 0.70165104
0.53148639, 0.01593316
0.00878394, 0.26540485, -0.02529998
0.0, 0.0, 1.0
0.50344962, 0.01086009
-0.01225783, 0.26540485, -0.02529998
0.0, 0.0, 1.0
0.4710753, 0.01086009
0.02700674, 0.20132332, -0.02529998
0.5274514, -0.47898799, 0.70165104
0.53148663, 0.06015712
0.03360108, 0.21954595, -0.02529998
0.0, 0.0, 1.0
0.54163253, 0.04613864
-0.01225782, 0.19472879, -0.02529998
0.0, 0.0, 1.0
0.47107533, 0.06523019
-0.01649503, 0.20893534, 0.00266265
-0.62981045, -0.70326853, 0.32969147
0.46479872, 0.05430126
-0.01322786, 0.21361335, 0.04594231
-0.99716181, 0.0, 0.07525864
0.53138769, 0.05070257
-0.01322786, 0.2465201, 0.04594231
-0.99716181, 0.0, 0.07525864
0.53138769, 0.02538782
-0.01649504, 0.25119829, 0.00266265
-0.62981045, 0.70326853, 0.32969147
0.66424662, 0.05064994
-0.01322786, 0.2465201, 0.04594231
0.0, 0.99420148, 0.10745567
0.73083556, 0.04813653
0.00975398, 0.2465201, 0.04594231
0.0, 0.99420148, 0.10745567
0.73083556, 0.0304569
0.01302116, 0.20893534, 0.00266265
0.62981045, -0.70326853, 0.32969147
0.46479872, 0.05430126
0.01302116, 0.25119829, 0.00266265
0.62981045, 0.70326853, 0.32969147
0.46479872, 0.02178895
0.00975398, 0.2465201, 0.04594231
0.99716181, 0.0, 0.07525864
0.53138769, 0.02538782
-0.01649503, 0.20893534, 0.00266265
-0.62981045, -0.70326853, 0.32969147
0.66424662, 0.05064994
0.01302116, 0.20893534, 0.00266265
0.62981045, -0.70326853, 0.32969147
0.66424662, 0.02794355
0.00975398, 0.21361335, 0.04594231
0.0, -0.99420148, 0.10745567
0.73083556, 0.0304569
0.02700655, 0.25881031, -0.05897403
0.0, 0.0, -1.0
0.53148639, 0.01593316
0.03360108, 0.24058771, -0.05897403
0.0, 0.0, -1.0
0.54163253, 0.02995157
0.03360108, 0.21954595, -0.05897403
0.0, 0.0, -1.0
0.54163253, 0.04613864
0.02700655, 0.20132314, -0.05897403
0.0, 0.0, -1.0
0.53148639, 0.06015724
0.00878396, 0.19472879, -0.05897403
0.0, 0.0, -1.0
0.50344962, 0.06523019
-0.01225782, 0.19472879, -0.05897403
0.0, 0.0, -1.0
0.47107533, 0.06523019
-0.01225783, 0.26540485, -0.05897403
0.0, 0.0, -1.0
0.4710753, 0.01086009
-0.03048042, 0.20132314, -0.05897403
0.0, 0.0, -1.0
0.44303852, 0.06015724
-0.03048043, 0.25881031, -0.05897403
0.0, 0.0, -1.0
0.44303852, 0.01593316
-0.03707495, 0.21954592, -0.05897403
0.0, 0.0, -0.99996948
0.43289238, 0.0461387
-0.03707495, 0.24058771, -0.05897403
0.0, 0.0, -1.0
0.43289238, 0.02995157
-0.01649504, 0.25119829, 0.00266265
-0.62981045, 0.70326853, 0.32969147
0.46479872, 0.02178895
-0.00921994, -0.01065806, -0.00568004
-0.7053743, -0.62135684, -0.34107485
0.46247387, 0.33734202
-0.00173682, -0.01065806, -0.01160655
0.0, -0.59096044, -0.80666524
0.45160788, 0.32362211
0.00574631, -0.01065806, -0.00568004
0.70473343, -0.62181461, -0.34150213
0.46247387, 0.30990213
-0.00921994, -0.01065806, 0.00617279
-0.70516068, -0.62224191, 0.33991516
0.48420548, 0.33734202
0.00578143, -0.01062693, 0.00620069
0.7066561, -0.61986142, 0.34113589
0.48425663, 0.30983776
-0.00173682, -0.01062693, 0.01215494
-0.00122074, -0.58949554, 0.80773342
0.49517345, 0.32362211
0.00975398, 0.21361335, 0.04594231
0.0, 0.0, 1.0
0.50494212, 0.05070257
0.00975398, 0.2465201, 0.04594231
0.0, 0.0, 0.99996948
0.50494212, 0.02538782
-0.01322786, 0.2465201, 0.04594231
0.0, 0.0, 1.0
0.46958283, 0.02538782
-0.0094022, 0.21231301, -0.0058245
-0.90020448, -0.00100711, -0.4354381
0.49048501, 0.21375483
-0.00173684, 0.21231301, -0.01189529
0.0, -0.00128178, -0.99996948
0.50453907, 0.21375483
-0.00173682, -0.01065806, -0.01160655
0.0, -0.59096044, -0.80666524
0.50453913, 0.62256172
0.00592852, 0.21231301, -0.00582449
0.90017396, -0.00091556, -0.43549913
0.51859313, 0.21375483
0.00592852, 0.21231301, -0.00582449
0.90017396, -0.00091556, -0.43549913
0.46220905, 0.21375483
0.00592852, 0.21231301, 0.00631726
0.90020448, -0.00079348, 0.4354381
0.48447037, 0.21375483
0.00578143, -0.01062693, 0.00620069
0.7066561, -0.61986142, 0.34113589
0.48425663, 0.62250465
0.00592852, 0.21231301, 0.00631726
0.90020448, -0.00079348, 0.4354381
0.51859313, 0.21375483
-0.00173684, 0.21231301, 0.01238804
0.0, -0.00103763, 0.99996948
0.50453907, 0.21375483
-0.00173682, -0.01062693, 0.01215494
-0.00122074, -0.58949554, 0.80773342
0.50453913, 0.62250465
-0.0094022, 0.21231301, 0.00631725
-0.900235, -0.00088504, 0.43537706
0.49048501, 0.21375483
-0.00921994, -0.01065806, -0.00568004
-0.7053743, -0.62135684, -0.34107485
0.46247387, 0.62256172
-0.00921994, -0.01065806, 0.00617279
-0.70516068, -0.62224191, 0.33991516
0.48420548, 0.62256172
-0.0094022, 0.21231301, 0.00631725
-0.900235, -0.00088504, 0.43537706
0.48447037, 0.21375483
0.02700655, 0.25881031, -0.05897403
0.94030577, 0.34028137, 0.0
0.36996627, 0.01593316
0.02700655, 0.20132314, -0.05897403
0.94030577, -0.34028137, 0.0
0.36996627, 0.06015724
0.00878396, 0.19472879, -0.05897403
0.17273477, -0.98495436, 0.0
0.56941414, 0.03120321
-0.03048043, 0.25881031, -0.05897403
-0.94030577, 0.34028137, 0.0
0.36996627, 0.01593316
-0.01225783, 0.26540485, -0.05897403
-0.17273477, 0.98495436, 0.0
0.56941414, 0.04739034
-0.03707495, 0.21954574, -0.02529998
0.0, 0.0, 1.0
0.43289238, 0.04613882
0.03360108, 0.24058771, -0.02529998
0.0, 0.0, 1.0
0.54163253, 0.02995157
0.00878395, 0.19472879, -0.02529998
0.0, 0.0, 1.0
0.50344962, 0.06523019
0.01302116, 0.25119829, 0.00266265
0.62981045, 0.70326853, 0.32969147
0.66424662, 0.02794355
0.00975398, 0.21361335, 0.04594231
0.99716181, 0.0, 0.07525864
0.53138769, 0.05070257
-0.01322786, 0.21361335, 0.04594231
0.0, -0.99420148, 0.10745567
0.73083556, 0.04813653
0.00878395, 0.26540485, -0.05897403
0.0, 0.0, -1.0
0.50344962, 0.01086009
-0.01322786, 0.21361335, 0.04594231
0.0, 0.0, 1.0
0.46958286, 0.05070257
-0.00921994, -0.01065806, -0.00568004
-0.7053743, -0.62135684, -0.34107485
0.49081922, 0.62256172
0.00574631, -0.01065806, -0.00568004
0.70473343, -0.62181461, -0.34150213
0.51825911, 0.62256172
0.00574631, -0.01065806, -0.00568004
0.70473343, -0.62181461, -0.34150213
0.46247387, 0.62256172
0.00578143, -0.01062693, 0.00620069
0.7066561, -0.61986142, 0.34113589
0.51832348, 0.62250465
-0.00921994, -0.01065806, 0.00617279
-0.70516068, -0.62224191, 0.33991516
0.49081922, 0.62256172
-0.0094022, 0.21231301, -0.0058245
-0.90020448, -0.00100711, -0.4354381
0.46220905, 0.21375483
# Number of Faces:
76
# Face Data:
0, 1, 2
1, 3, 4
4, 3, 5
6, 7, 8
8, 9, 10
9, 11, 12
13, 14, 15
16, 15, 17
18, 17, 19
20, 21, 22
22, 23, 24
23, 25, 26
27, 28, 29
30, 31, 32
30, 33, 34
33, 27, 35
36, 37, 38
39, 40, 41
42, 43, 44
45, 46, 47
48, 49, 50
48, 51, 52
52, 53, 54
53, 55, 56
57, 58, 56
36, 59, 19
46, 45, 11
0, 43, 42
25, 21, 39
60, 61, 62
63, 64, 65
62, 64, 63
66, 67, 68
69, 70, 71
71, 70, 72
73, 74, 75
76, 77, 78
78, 77, 79
80, 81, 82
83, 0, 2
2, 1, 4
84, 4, 5
85, 6, 8
85, 8, 10
10, 9, 12
16, 13, 15
18, 16, 17
86, 18, 19
87, 20, 22
87, 22, 24
24, 23, 26
88, 27, 29
28, 30, 32
89, 30, 34
90, 33, 35
59, 36, 38
91, 39, 41
92, 42, 44
93, 45, 47
51, 48, 50
94, 48, 52
94, 52, 54
54, 53, 56
55, 57, 56
14, 36, 19
7, 46, 11
5, 0, 42
91, 25, 39
60, 62, 63
95, 66, 68
96, 69, 71
97, 71, 72
98, 73, 75
99, 76, 78
100, 78, 79
101, 80, 82
