# Project Zomboid Skinned Mesh
# File Version:
1.0
# Model Name:
Mace
# Vertex Stride Element Count:
3
# Vertex Stride Size (in bytes):
76
# Vertex Stride Data:
# (Int)    Offset
# (String) Type
0
VertexArray
12
NormalArray
24
TextureCoordArray
# Vertex Count:
324
# Vertex Buffer:
-0.0, 0.29507321, -0.00889833
0.0, 0.63023776, -0.77636033
0.23511127, 0.16791326
0.00629205, 0.29507321, -0.00629207
0.54896694, 0.63023776, -0.54896694
0.24712592, 0.16791326
0.00629205, -0.06110277, -0.00629205
0.54896694, -0.63023776, -0.54896694
0.24712592, 0.5079692
0.00629205, 0.29507321, -0.00629207
0.54896694, 0.63023776, -0.54896694
0.83604848, 0.61032674
0.0088983, 0.29507321, -1e-08
0.77636033, 0.63023776, 0.0
0.83604848, 0.60431936
0.0088983, -0.06110277, 0.0
0.77636033, -0.63023776, 0.0
0.15593663, 0.60431936
0.00629205, 0.29507321, 0.00629204
0.54896694, 0.63023776, 0.54896694
0.83604848, 0.59831229
0.00629205, -0.06110277, 0.00629206
0.54896694, -0.63023776, 0.54896694
0.15593663, 0.59831205
0.00629205, 0.29507321, 0.00629204
0.54896694, 0.63023776, 0.54896694
0.24712592, 0.16791326
-0.0, 0.29507321, 0.0088983
0.0, 0.63023776, 0.77636033
0.23511127, 0.16791326
-0.0, -0.06110277, 0.00889832
0.0, -0.63023776, 0.77636033
0.23511127, 0.5079692
-0.00629205, 0.29507321, 0.00629204
-0.54896694, 0.63023776, 0.54896694
0.2230967, 0.16791326
-0.00629205, 0.29507321, 0.00629204
-0.54896694, 0.63023776, 0.54896694
0.83604848, 0.59831229
-0.00889831, 0.29507321, -1e-08
-0.77636033, 0.63023776, 0.0
0.83604848, 0.60431936
-0.00889831, -0.06110277, 0.0
-0.77636033, -0.63023776, 0.0
0.15593663, 0.60431936
-0.00629205, 0.29507321, 0.00629204
-0.54896694, 0.63023776, 0.54896694
0.42622167, 0.43424982
-0.0, 0.29507321, 0.0088983
0.0, 0.63023776, 0.77636033
0.43823624, 0.43176138
0.0088983, 0.29507321, -1e-08
0.77636033, 0.63023776, 0.0
0.45522732, 0.44025689
-0.00629205, 0.29507321, -0.00629207
-0.54896694, 0.63023776, -0.54896694
0.2230967, 0.16791326
-0.0, -0.06110277, -0.00889831
0.0, -0.63023776, -0.77636033
0.23511127, 0.5079692
-0.00629205, 0.29507321, -0.00629207
-0.54896694, 0.63023776, -0.54896694
0.83604848, 0.61032674
-0.00629205, -0.06110277, -0.00629205
-0.54896694, -0.63023776, -0.54896694
0.15593663, 0.61032674
0.00629205, -0.06110277, 0.00629206
0.54896694, -0.63023776, 0.54896694
0.45025092, 0.43424958
-0.00629205, -0.06110277, 0.00629206
-0.54896694, -0.63023776, 0.54896694
0.42622167, 0.43424958
-0.00629205, -0.06110277, -0.00629205
-0.54896694, -0.63023776, -0.54896694
0.42622167, 0.44626427
0.01978386, 0.25553602, -1e-08
0.99993896, 0.00936918, 0.0
0.61842573, 0.03835708
0.01462768, 0.28601035, -1e-08
0.72182381, 0.6920377, 0.0
0.6410076, 0.03835708
0.01034332, 0.28601035, 0.01034331
0.51039153, 0.6920377, 0.51039153
0.6410076, 0.03069252
-0.01523716, 0.2250617, -1e-08
-0.72853786, -0.68498796, 0.0
0.59584373, 0.03835708
-0.01978386, 0.25553602, -1e-08
-0.99993896, 0.00936918, 0.0
0.61842573, 0.03835708
-0.01398931, 0.25553602, -0.01398931
-0.70705283, 0.00936918, -0.70705283
0.61842573, 0.04872334
0.0107743, 0.2250617, 0.01077429
0.51515245, -0.68498796, 0.51515245
0.54792106, 0.03474951
-0.0, 0.2250617, 0.01523715
0.0, -0.68498796, 0.72853786
0.5399372, 0.03144252
-0.01523716, 0.2250617, -1e-08
-0.72853786, -0.68498796, 0.0
0.52864617, 0.04273343
-0.01398931, 0.25553602, -0.01398931
-0.70705283, 0.00936918, -0.70705283
0.69295424, 0.03718382
0.0, 0.25553602, -0.01978387
0.0, 0.00936918, -0.99993896
0.7033205, 0.03718382
0.0, 0.2250617, -0.01523717
0.0, -0.68498796, -0.72853786
0.7033205, 0.05976588
-0.01398931, 0.25553602, 0.01398929
-0.70705283, 0.00936918, 0.70705283
0.61842573, 0.02799082
-0.0, 0.2250617, 0.01523715
0.0, -0.68498796, 0.72853786
0.7033205, 0.05976588
-0.0, 0.25553602, 0.01978385
0.0, 0.00936918, 0.99993896
0.7033205, 0.03718382
-0.01398931, 0.25553602, 0.01398929
-0.70705283, 0.00936918, 0.70705283
0.69295424, 0.03718382
0.0107743, 0.2250617, 0.01077429
0.51515245, -0.68498796, 0.51515245
0.71130437, 0.05976588
0.0139893, 0.25553602, 0.01398929
0.70705283, 0.00936918, 0.70705283
0.71368682, 0.03718382
0.01523716, 0.2250617, -1e-08
0.72853786, -0.68498796, 0.0
0.59584373, 0.03835708
0.0139893, 0.25553602, 0.01398929
0.70705283, 0.00936918, 0.70705283
0.61842573, 0.02799082
0.0139893, 0.25553602, -0.01398931
0.70705283, 0.00936918, -0.70705283
0.61842573, 0.04872334
0.0139893, 0.25553602, -0.01398931
0.70705283, 0.00936918, -0.70705283
0.71368682, 0.03718382
0.0107743, 0.2250617, -0.01077431
0.51515245, -0.68498796, -0.51515245
0.71130437, 0.05976588
-0.01034333, 0.28601035, 0.01034331
-0.51039153, 0.6920377, 0.51039153
0.53227264, 0.03506887
0.01034332, 0.28601035, 0.01034331
0.51039153, 0.6920377, 0.51039153
0.5476017, 0.03506887
0.01034332, 0.28601035, -0.01034334
0.51039153, 0.6920377, -0.51039153
0.5476017, 0.05039793
-0.01034333, 0.28601035, -0.01034334
-0.51039153, 0.6920377, -0.51039153
0.69565594, 0.01460201
-0.0, 0.28601035, 0.01462767
0.0, 0.6920377, 0.72182381
0.7033205, 0.01460201
-0.01034333, 0.28601035, 0.01034331
-0.51039153, 0.6920377, 0.51039153
0.69565594, 0.01460201
0.01034332, 0.28601035, -0.01034334
0.51039153, 0.6920377, -0.51039153
0.6410076, 0.04602164
-0.01462768, 0.28601035, -1e-08
-0.72182381, 0.6920377, 0.0
0.6410076, 0.03835708
-0.01034333, 0.28601035, -0.01034334
-0.51039153, 0.6920377, -0.51039153
0.6410076, 0.04602164
0.0, 0.28601035, -0.01462769
0.0, 0.6920377, -0.72182381
0.7033205, 0.01460201
0.01034332, 0.28601035, 0.01034331
0.51039153, 0.6920377, 0.51039153
0.71098506, 0.01460201
-0.01034333, 0.28601035, 0.01034331
-0.51039153, 0.6920377, 0.51039153
0.6410076, 0.03069252
-0.0397431, 0.25593412, 0.00380929
-0.80480361, 0.0, 0.59352398
0.61872065, 0.03553432
-0.03974317, 0.25593412, -0.00380929
-0.80480361, 0.0, -0.59349346
0.61872065, 0.04117984
-0.01987162, 0.22954257, -0.0038093
-0.3505356, -0.70271921, -0.61906797
0.59916419, 0.04117984
-0.01987156, 0.22954257, 0.00380928
-0.3505356, -0.70271921, 0.61906797
0.52521205, 0.03991061
-0.01987162, 0.22954257, -0.0038093
-0.3505356, -0.70271921, -0.61906797
0.52521193, 0.04555619
0.01987152, 0.22954255, -0.00380931
0.3505356, -0.70271921, -0.61906797
0.55466223, 0.04555619
0.01987156, 0.22954255, 0.00380927
0.3505356, -0.70271921, 0.61906797
0.59916407, 0.03553438
0.01987152, 0.22954255, -0.00380931
0.3505356, -0.70271921, -0.61906797
0.59916407, 0.04117984
0.0397431, 0.25593406, -0.00380931
0.80480361, 0.0, -0.59352398
0.61872059, 0.04117984
0.01987155, 0.28232557, -0.0038093
0.3505356, 0.70271921, -0.61906797
0.63827705, 0.04117984
0.01987162, 0.28232557, 0.00380928
0.3505356, 0.70271921, 0.61906797
0.63827705, 0.03553432
-0.01987156, 0.28232563, -0.0038093
-0.3505356, 0.70271921, -0.61906797
0.68859541, 0.01733243
0.01987155, 0.28232557, -0.0038093
0.3505356, 0.70271921, -0.61906797
0.71804565, 0.01733243
-0.01987162, 0.22954257, -0.0038093
-0.3505356, -0.70271921, -0.61906797
0.68859529, 0.0564453
-0.01987156, 0.28232563, -0.0038093
-0.3505356, 0.70271921, -0.61906797
0.63827711, 0.04117984
0.01987155, 0.28232557, -0.0038093
0.3505356, 0.70271921, -0.61906797
0.55466229, 0.04555619
-0.01987156, 0.28232563, -0.0038093
-0.3505356, 0.70271921, -0.61906797
0.52521205, 0.04555619
-0.01987149, 0.28232563, 0.00380928
-0.3505356, 0.70271921, 0.61906797
0.52521217, 0.03991061
0.01987156, 0.22954255, 0.00380927
0.3505356, -0.70271921, 0.61906797
0.71804565, 0.05644548
0.01987162, 0.28232557, 0.00380928
0.3505356, 0.70271921, 0.61906797
0.71804565, 0.01733243
-0.01987149, 0.28232563, 0.00380928
-0.3505356, 0.70271921, 0.61906797
0.68859547, 0.01733243
-0.00380926, 0.25593412, -0.03974311
-0.59352398, 0.0, -0.80480361
0.70049775, 0.03688896
0.00380932, 0.25593412, -0.03974318
0.59349346, 0.0, -0.80480361
0.70614326, 0.03688896
0.00380931, 0.22954257, -0.01987163
0.61906797, -0.70271921, -0.3505356
0.70614326, 0.0564453
-0.00380927, 0.22954257, -0.01987158
-0.61906797, -0.70271921, -0.3505356
0.53711438, 0.05745852
0.00380931, 0.22954257, -0.01987163
0.61906797, -0.70271921, -0.3505356
0.54275995, 0.05745852
0.00380928, 0.22954255, 0.01987151
0.61906797, -0.70271921, 0.3505356
0.54275995, 0.02800834
-0.0038093, 0.22954255, 0.01987155
-0.61906797, -0.70271921, 0.3505356
0.70049775, 0.05644548
0.00380928, 0.22954255, 0.01987151
0.61906797, -0.70271921, 0.3505356
0.70614326, 0.05644548
0.00380926, 0.25593406, 0.03974309
0.59352398, 0.0, 0.80480361
0.7061432, 0.03688896
0.00380927, 0.28232557, 0.01987154
0.61906797, 0.70271921, 0.3505356
0.7061432, 0.01733243
-0.00380931, 0.28232557, 0.01987161
-0.61906797, 0.70271921, 0.3505356
0.70049775, 0.01733243
0.0038093, 0.28232563, -0.01987158
0.61906797, 0.70271921, -0.3505356
0.63827711, 0.05308223
0.00380927, 0.28232557, 0.01987154
0.61906797, 0.70271921, 0.3505356
0.63827705, 0.02363193
0.00380931, 0.22954257, -0.01987163
0.61906797, -0.70271921, -0.3505356
0.59916419, 0.05308223
0.0038093, 0.28232563, -0.01987158
0.61906797, 0.70271921, -0.3505356
0.70614326, 0.01733243
0.00380927, 0.28232557, 0.01987154
0.61906797, 0.70271921, 0.3505356
0.54275984, 0.02800828
0.0038093, 0.28232563, -0.01987158
0.61906797, 0.70271921, -0.3505356
0.54275995, 0.05745852
-0.00380928, 0.28232563, -0.01987151
-0.61906797, 0.70271921, -0.3505356
0.53711438, 0.05745852
-0.0038093, 0.22954255, 0.01987155
-0.61906797, -0.70271921, 0.3505356
0.59916407, 0.02363193
-0.00380931, 0.28232557, 0.01987161
-0.61906797, 0.70271921, 0.3505356
0.63827705, 0.02363193
-0.00380928, 0.28232563, -0.01987151
-0.61906797, 0.70271921, -0.3505356
0.63827711, 0.05308223
-7.1e-07, 0.2518875, 0.01559844
-0.0003357, -0.99966431, 0.02496414
0.32835925, 0.01304144
-0.00216829, 0.25482351, 0.06771019
-0.94924772, -0.3084811, 0.06088443
0.27203232, 0.01350594
-0.00348674, 0.25442049, 0.01560128
-0.95071262, -0.30890834, 0.02642903
0.32811642, 0.01539779
8.033e-05, 0.2531895, 0.06770837
0.00012207, -0.9981994, 0.05978576
0.272183, 0.01201296
-0.00130984, 0.2574665, 0.06770949
-0.9499191, 0.30854213, 0.04953154
0.27166277, 0.01499623
-0.00215597, 0.2585195, 0.01560019
-0.95089573, 0.30869472, 0.02166814
0.32773328, 0.01771861
-0.00215597, 0.2585195, 0.01560019
0.0, 0.99978638, 0.02017273
0.32823855, 0.00599372
0.0014705, 0.2574665, 0.06770724
0.58680987, 0.80751973, 0.05908383
0.27215415, 0.0090121
0.00215454, 0.2585195, 0.0155967
0.58738977, 0.8089236, 0.02404859
0.32841772, 0.00835222
-0.00130984, 0.2574665, 0.06770949
3.052e-05, 0.99880975, 0.04837184
0.27197456, 0.00751406
0.00232962, 0.25482351, 0.06770582
0.94943082, -0.30838954, 0.05865657
0.27211827, 0.01051337
0.00348675, 0.25442049, 0.01559561
0.95074314, -0.30903041, 0.02346873
0.32845724, 0.01068145
0.00010021, 0.25555348, 0.09219123
-0.58140814, -0.80077517, 0.14380321
0.2456416, 0.01208812
0.00010021, 0.25555348, 0.09219123
0.58494824, 0.80538344, 0.09564501
0.24560751, 0.00932837
-7.1e-07, 0.2518875, -0.01559844
-0.0003357, -0.99966431, -0.02496414
0.13724436, 0.05018491
-0.00348675, 0.25442049, -0.01560128
-0.95071262, -0.30890834, -0.02642903
0.13748713, 0.04782861
-0.00216829, 0.25482351, -0.06771019
-0.94924772, -0.3084811, -0.06088443
0.19357117, 0.04972005
8.032e-05, 0.2531895, -0.06770837
0.00012207, -0.9981994, -0.05978576
0.19342062, 0.05121303
-0.00215598, 0.2585195, -0.01560019
-0.95089573, 0.30869472, -0.02166814
0.13787016, 0.04550773
-0.00130985, 0.2574665, -0.06770949
-0.9499191, 0.30854213, -0.04953154
0.19394073, 0.04822975
-0.00215598, 0.2585195, -0.01560019
0.0, 0.99978638, -0.02020325
0.13736521, 0.05723268
0.00215454, 0.2585195, -0.0155967
0.58738977, 0.8089236, -0.02404859
0.13718604, 0.05487406
0.00147049, 0.2574665, -0.06770724
0.58680987, 0.80751973, -0.05908383
0.19344954, 0.05421382
-0.00130985, 0.2574665, -0.06770949
3.052e-05, 0.99880975, -0.04837184
0.19362916, 0.05571187
0.00348674, 0.25442049, -0.01559561
0.95074314, -0.30903041, -0.02346873
0.13714643, 0.05254489
0.00232961, 0.25482351, -0.06770582
0.94943082, -0.30838954, -0.05865657
0.1934853, 0.05271262
0.00010021, 0.25555348, -0.09219123
-0.58140814, -0.80077517, -0.14380321
0.21996202, 0.05113775
0.00010021, 0.25555348, -0.09219123
0.58494824, 0.80538344, -0.09564501
0.21999611, 0.05389738
-0.01559844, 0.2518875, -7.1e-07
-0.02496414, -0.99966431, -0.0003357
0.23529102, 0.02856392
-0.06771019, 0.25482351, -0.00216829
-0.06088443, -0.3084811, -0.94924772
0.23622026, 0.05672735
-0.01560128, 0.25442049, -0.00348675
-0.02642903, -0.30890834, -0.95071262
0.24000363, 0.02868527
-0.06770837, 0.2531895, 8.032e-05
-0.05978576, -0.9981994, 0.00012207
0.23323424, 0.05665201
-0.06770949, 0.2574665, -0.00130985
-0.04953154, 0.30854213, -0.9499191
0.23920079, 0.05691212
-0.01560019, 0.2585195, -0.00215597
-0.02166814, 0.30869472, -0.95089573
0.24464522, 0.02887684
-0.01560019, 0.2585195, -0.00215597
-0.02017273, 0.99978638, 0.0
0.22119533, 0.0286243
-0.06770724, 0.2574665, 0.0014705
-0.05908383, 0.80751973, 0.58680987
0.22723258, 0.05666649
-0.0155967, 0.2585195, 0.00215454
-0.02404859, 0.8089236, 0.58738977
0.22591248, 0.02853471
-0.06770949, 0.2574665, -0.00130985
-0.04837184, 0.99880975, 3.052e-05
0.22423647, 0.05675626
-0.06770582, 0.25482351, 0.00232962
-0.05865657, -0.30838954, 0.94943082
0.230235, 0.05668437
-0.01559561, 0.25442049, 0.00348675
-0.02346873, -0.30903041, 0.95074314
0.23057093, 0.02851492
-0.09219123, 0.25555348, 0.00010021
-0.14380321, -0.80077517, -0.58140814
0.2333848, 0.06992275
-0.09219123, 0.25555348, 0.00010021
-0.09564501, 0.80538344, 0.58494824
0.22786529, 0.06993979
0.01559844, 0.2518875, -7.1e-07
0.02496414, -0.99966431, -0.0003357
0.25244629, 0.07019496
0.01560128, 0.25442049, -0.00348675
0.02642903, -0.30890834, -0.95071262
0.24773364, 0.0700736
0.06771019, 0.25482351, -0.00216829
0.06088443, -0.3084811, -0.94924772
0.2515164, 0.04203153
0.06770837, 0.2531895, 8.032e-05
0.05978576, -0.9981994, 0.00012207
0.25450242, 0.04210681
0.01560019, 0.2585195, -0.00215597
0.02166814, 0.30869472, -0.95089573
0.24309205, 0.06988209
0.06770949, 0.2574665, -0.00130985
0.04953154, 0.30854213, -0.9499191
0.24853586, 0.04184675
0.01560019, 0.2585195, -0.00215597
0.02017273, 0.99978638, 0.0
0.26654184, 0.07013452
0.0155967, 0.2585195, 0.00215454
0.02404859, 0.8089236, 0.58738977
0.26182479, 0.07022411
0.06770724, 0.2574665, 0.0014705
0.05908383, 0.80751973, 0.58680987
0.26050407, 0.04209238
0.06770949, 0.2574665, -0.00130985
0.04837184, 0.99880975, 3.052e-05
0.26350015, 0.04200256
0.01559561, 0.25442049, 0.00348675
0.02346873, -0.30903041, 0.95074314
0.25716633, 0.07024395
0.06770582, 0.25482351, 0.00232962
0.05865657, -0.30838954, 0.94943082
0.2575016, 0.04207444
0.09219123, 0.25555348, 0.00010021
0.14380321, -0.80077517, -0.58140814
0.25435156, 0.02883613
0.09219123, 0.25555348, 0.00010021
0.09564501, 0.80538344, 0.58494824
0.25987107, 0.02881908
-7.1e-07, 0.26320618, 0.02371669
-0.0003357, -0.82158881, 0.57005525
0.32787073, 0.024804
-0.00216829, 0.29428816, 0.06564717
-0.94924772, -0.22431104, 0.22037415
0.27154398, 0.02526844
-0.00348674, 0.26532423, 0.02232751
-0.95071262, -0.24359874, 0.19180883
0.3276279, 0.02716029
8.033e-05, 0.29292181, 0.06654333
0.00012207, -0.80120242, 0.59834588
0.2716946, 0.02377546
-0.00130984, 0.29649618, 0.0641946
-0.94988859, 0.28501236, -0.12808618
0.27117443, 0.02675867
-0.00215597, 0.2687487, 0.02007472
-0.95089573, 0.26984465, -0.15146336
0.32724482, 0.02948111
-0.00215597, 0.2687487, 0.02007472
0.0, 0.84649187, -0.5323649
0.32775003, 0.01775622
0.0014705, 0.29649496, 0.06419272
0.58680987, 0.70723593, -0.39423811
0.27166575, 0.0207746
0.00215454, 0.26874676, 0.0200718
0.58738977, 0.68910795, -0.42429882
0.3279292, 0.02011484
-0.00130984, 0.29649618, 0.0641946
3.052e-05, 0.86117131, -0.50825524
0.27148622, 0.01927656
0.00232962, 0.29428574, 0.06564352
0.94943082, -0.22544023, 0.21842097
0.27162993, 0.02227587
0.00348675, 0.26532114, 0.02232277
0.95074314, -0.24530777, 0.18939787
0.32796878, 0.02244401
0.00010021, 0.30834728, 0.08570197
-0.58140814, -0.59010589, 0.5600757
0.24515344, 0.02385062
0.00010021, 0.30834728, 0.08570197
0.58494824, 0.7255165, -0.36249885
0.24511828, 0.02109098
-7.1e-07, 0.26319996, -0.02372159
-0.0003357, -0.82146674, -0.57023835
0.16207723, 0.02071989
-0.00348675, 0.26531774, -0.02233196
-0.95071262, -0.24353771, -0.19183935
0.16232003, 0.01836354
-0.00216829, 0.29429057, -0.06564567
-0.94924772, -0.22425, -0.22040467
0.21840385, 0.02025533
8.032e-05, 0.2929244, -0.06654211
0.00012207, -0.80108035, -0.59849846
0.21825328, 0.0217483
-0.00215598, 0.26874173, -0.02007848
-0.95089573, 0.26981413, 0.15152439
0.16270314, 0.01604265
-0.00130985, 0.2964983, -0.06419265
-0.94988859, 0.28498185, 0.12814721
0.21877342, 0.01876503
-0.00215598, 0.26874173, -0.02007848
0.0, 0.8463698, 0.53254801
0.16219793, 0.0277676
0.00215454, 0.26873982, -0.02007556
0.58738977, 0.68904692, 0.42442092
0.16201884, 0.02540904
0.00147049, 0.29649708, -0.06419078
0.58680987, 0.70714438, 0.3943907
0.21828213, 0.02474916
-0.00130985, 0.2964983, -0.06419265
3.052e-05, 0.86107975, 0.50843835
0.21846168, 0.0262472
0.00348674, 0.26531464, -0.02232723
0.95074314, -0.24527726, -0.18945891
0.16197923, 0.02307987
0.00232961, 0.29428816, -0.06564203
0.94943082, -0.2253792, -0.218482
0.21831793, 0.0232479
0.00010021, 0.30835384, -0.08569758
-0.58140814, -0.58998382, -0.56019777
0.24479459, 0.02167314
0.00010021, 0.30835384, -0.08569758
0.58494824, 0.72542495, 0.36265144
0.24482979, 0.02443284
-0.02372031, 0.26320159, -7.1e-07
-0.57017732, -0.82149726, -0.0003357
0.32969034, 0.0295437
-0.06564607, 0.29428995, -0.00216829
-0.22040467, -0.22425, -0.94924772
0.33061916, 0.05770701
-0.0223308, 0.26531944, -0.00348675
-0.19183935, -0.24356823, -0.95071262
0.33440292, 0.02966517
-0.06654243, 0.29292375, 8.032e-05
-0.59846795, -0.80114138, 0.00012207
0.32763308, 0.05763173
-0.06419316, 0.29649776, -0.00130985
0.12814721, 0.28498185, -0.94988859
0.33359963, 0.05789179
-0.0200775, 0.26874354, -0.00215597
0.15152439, 0.26984465, -0.95089573
0.33904457, 0.02985668
-0.0200775, 0.26874354, -0.00215597
0.53248698, 0.84640032, 0.0
0.31559467, 0.02960402
-0.06419128, 0.29649651, 0.0014705
0.39432967, 0.7071749, 0.58684039
0.32163137, 0.05764616
-0.02007457, 0.26874164, 0.00215454
0.42439041, 0.68904692, 0.58738977
0.3203119, 0.02951449
-0.06419316, 0.29649776, -0.00130985
0.50840783, 0.86111027, 3.052e-05
0.31863528, 0.05773592
-0.06564242, 0.29428753, 0.00232962
-0.21845149, -0.22540972, 0.94943082
0.32463396, 0.05766404
-0.02232607, 0.26531634, 0.00348675
-0.18942839, -0.24527726, 0.95074314
0.32497036, 0.0294947
-0.08569872, 0.30835211, 0.00010021
-0.56016725, -0.59001434, -0.58140814
0.32778341, 0.07090229
-0.08569872, 0.30835211, 0.00010021
0.36262092, 0.72545546, 0.58494824
0.32226396, 0.07091981
0.02371936, 0.26320279, -7.1e-07
0.5701468, -0.82152778, -0.0003357
0.27604598, 0.07043999
0.02232994, 0.26532069, -0.00348675
0.19183935, -0.24356823, -0.95071262
0.27133352, 0.07031858
0.06564636, 0.29428947, -0.00216829
0.22040467, -0.22428052, -0.94924772
0.27511698, 0.0422768
0.06654266, 0.29292324, 8.032e-05
0.59843743, -0.80114138, 0.00012207
0.27810305, 0.04235214
0.02007677, 0.26874489, -0.00215597
-0.15149388, 0.26984465, -0.95089573
0.26669186, 0.07012701
0.06419354, 0.29649734, -0.00130985
-0.1281167, 0.28501236, -0.9499191
0.27213645, 0.04209203
0.02007677, 0.26874489, -0.00215597
-0.53245646, 0.84643084, 0.0
0.2901417, 0.07037961
0.02007385, 0.26874298, 0.00215454
-0.42435989, 0.68907744, 0.58738977
0.28542459, 0.0704692
0.06419166, 0.29649609, 0.0014705
-0.39429915, 0.7071749, 0.58684039
0.28410476, 0.04233772
0.06419354, 0.29649734, -0.00130985
-0.50837731, 0.86111027, 3.052e-05
0.28710091, 0.04224789
0.02232521, 0.26531759, 0.00348675
0.18942839, -0.24527726, 0.95074314
0.28076601, 0.07048899
0.06564271, 0.29428706, 0.00232962
0.21845149, -0.22540972, 0.94943082
0.28110224, 0.04231977
0.08569957, 0.30835086, 0.00010021
0.56013674, -0.59004486, -0.58140814
0.27795255, 0.02908128
0.08569957, 0.30835086, 0.00010021
-0.3625904, 0.72548598, 0.58494824
0.28347218, 0.02906388
-7.1e-07, 0.24739711, 0.02371669
-0.0003357, 0.82158881, 0.57005525
0.22076181, 0.03545964
-0.00348674, 0.24527904, 0.02232751
-0.95071262, 0.24359874, 0.19180883
0.22051896, 0.03781587
-0.00216829, 0.21631514, 0.06564717
-0.94924772, 0.22431104, 0.22037415
0.16443555, 0.03592408
8.033e-05, 0.21768147, 0.06654333
0.00012207, 0.80120242, 0.59834588
0.16458611, 0.0344311
-0.00215597, 0.24185459, 0.02007472
-0.95089573, -0.26984465, -0.15146336
0.22013588, 0.04013669
-0.00130984, 0.2141071, 0.0641946
-0.9499191, -0.28501236, -0.12808618
0.16406597, 0.03741437
-0.00215597, 0.24185459, 0.02007472
0.0, -0.84649187, -0.5323649
0.22064112, 0.02841181
0.00215454, 0.24185652, 0.0200718
0.58738977, -0.68910795, -0.42429882
0.22082023, 0.03077042
0.0014705, 0.21410833, 0.06419272
0.58680987, -0.70723593, -0.39423811
0.16455726, 0.03143024
-0.00130984, 0.2141071, 0.0641946
3.052e-05, -0.86117131, -0.50825524
0.16437764, 0.02993208
0.00348675, 0.24528214, 0.02232277
0.95074314, 0.24530777, 0.18939787
0.22085981, 0.03309959
0.00232962, 0.21631753, 0.06564352
0.94943082, 0.22544023, 0.21842097
0.16452144, 0.03293151
0.00010021, 0.20225599, 0.08570197
-0.58140814, 0.59010589, 0.5600757
0.1380447, 0.03450626
0.00010021, 0.20225599, 0.08570197
0.58494824, -0.7255165, -0.36249885
0.13800938, 0.03174657
-7.1e-07, 0.24740331, -0.02372159
-0.0003357, 0.82146674, -0.57023835
0.13675548, 0.06194735
-0.00216829, 0.21631271, -0.06564567
-0.94924772, 0.22425, -0.22040467
0.19308202, 0.06148273
-0.00348675, 0.24528553, -0.02233196
-0.95071262, 0.24353771, -0.19183935
0.13699822, 0.05959111
8.032e-05, 0.21767886, -0.06654211
0.00012207, 0.80108035, -0.59849846
0.19293146, 0.06297576
-0.00130985, 0.21410498, -0.06419265
-0.94988859, -0.28498185, 0.12814721
0.1934516, 0.05999249
-0.00215598, 0.24186154, -0.02007848
-0.95089573, -0.26981413, 0.15152439
0.13738136, 0.05727023
-0.00215598, 0.24186154, -0.02007848
0.0, -0.8463698, 0.53254801
0.1368762, 0.06899512
0.00147049, 0.2141062, -0.06419078
0.58680987, -0.70714438, 0.3943907
0.19296034, 0.06597662
0.00215454, 0.24186346, -0.02007556
0.58738977, -0.68904692, 0.42442092
0.1366971, 0.06663656
-0.00130985, 0.21410498, -0.06419265
3.052e-05, -0.86107975, 0.50843835
0.19313988, 0.06747472
0.00232961, 0.21631511, -0.06564203
0.94943082, 0.2253792, -0.218482
0.1929961, 0.0644753
0.00348674, 0.24528864, -0.02232723
0.95074314, 0.24527726, -0.18945891
0.13665746, 0.06430733
0.00010021, 0.20224945, -0.08569758
-0.58140814, 0.58998382, -0.56019777
0.21947296, 0.06290048
0.00010021, 0.20224945, -0.08569758
0.58494824, -0.72542495, 0.36265144
0.21950763, 0.06566024
-0.02372031, 0.24740168, -7.1e-07
-0.57017732, 0.82149726, -0.0003357
0.30609053, 0.02929866
-0.0223308, 0.24528384, -0.00348675
-0.19183935, 0.24356823, -0.95071262
0.31080306, 0.02942002
-0.06564607, 0.21631335, -0.00216829
-0.22040467, 0.22425, -0.94924772
0.30701959, 0.05746198
-0.06654243, 0.21767955, 8.032e-05
-0.59846795, 0.80114138, 0.00012207
0.3040337, 0.0573867
-0.0200775, 0.24185973, -0.00215597
0.15152439, -0.26984465, -0.95089573
0.31544465, 0.02961159
-0.06419316, 0.21410553, -0.00130985
0.12814721, -0.28498185, -0.9499191
0.31000018, 0.05764681
-0.0200775, 0.24185973, -0.00215597
0.53248698, -0.84640032, 0.0
0.29199487, 0.02935904
-0.02007457, 0.24186166, 0.00215454
0.42439041, -0.68904692, 0.58738977
0.29671204, 0.02926946
-0.06419128, 0.21410677, 0.0014705
0.39432967, -0.7071749, 0.58684039
0.29803193, 0.05740112
-0.06419316, 0.21410553, -0.00130985
0.50840783, -0.86111027, 3.052e-05
0.29503584, 0.05749089
-0.02232607, 0.24528694, 0.00348675
-0.18942839, 0.24527726, 0.95074314
0.30137038, 0.02924967
-0.06564242, 0.21631575, 0.00232962
-0.218482, 0.22540972, 0.94943082
0.30103445, 0.05741906
-0.08569872, 0.20225115, 0.00010021
-0.56016725, 0.59001434, -0.58140814
0.30418414, 0.07065743
-0.08569872, 0.20225115, 0.00010021
0.36262092, -0.72545546, 0.58494824
0.29866463, 0.07067478
0.02371936, 0.24740049, -7.1e-07
0.5701468, 0.82152778, -0.0003357
0.34684551, 0.07117498
0.06564636, 0.21631381, -0.00216829
0.22040467, 0.22428052, -0.94924772
0.34591669, 0.04301167
0.02232994, 0.24528258, -0.00348675
0.19183935, 0.24356823, -0.95071262
0.34213299, 0.07105362
0.06654266, 0.21768005, 8.032e-05
0.59843743, 0.80114138, 9.156e-05
0.34890264, 0.04308695
0.06419354, 0.21410593, -0.00130985
-0.1281167, -0.28501236, -0.9499191
0.34293622, 0.04282689
0.02007677, 0.24185838, -0.00215597
-0.15149388, -0.26984465, -0.95089573
0.33749133, 0.070862
0.02007677, 0.24185838, -0.00215597
-0.53245646, -0.84643084, 0.0
0.36094117, 0.07111472
0.06419166, 0.21410717, 0.0014705
-0.39432967, -0.7071749, 0.58680987
0.35490441, 0.04307252
0.02007385, 0.2418603, 0.00215454
-0.42435989, -0.68907744, 0.58742028
0.35622406, 0.07120425
0.06419354, 0.21410593, -0.00130985
-0.50837731, -0.86111027, 3.052e-05
0.3579005, 0.04298276
0.06564271, 0.21631621, 0.00232962
0.21845149, 0.22540972, 0.94943082
0.35190189, 0.04305464
0.02232521, 0.24528569, 0.00348675
0.18942839, 0.24527726, 0.95074314
0.35156554, 0.07122397
0.08569957, 0.20225242, 0.00010021
0.56013674, 0.59004486, -0.58140814
0.34875232, 0.02981621
0.08569957, 0.20225242, 0.00010021
-0.3625904, -0.72548598, 0.58494824
0.35427183, 0.02979881
0.00629205, -0.06110277, -0.00629205
0.54896694, -0.63023776, -0.54896694
0.15593663, 0.61032674
0.00629205, -0.06110277, 0.00629206
0.54896694, -0.63023776, 0.54896694
0.24712592, 0.5079692
-0.00629205, -0.06110277, 0.00629206
-0.54896694, -0.63023776, 0.54896694
0.2230967, 0.5079692
-0.00629205, -0.06110277, 0.00629206
-0.54896694, -0.63023776, 0.54896694
0.15593663, 0.59831205
0.00629205, 0.29507321, -0.00629207
0.54896694, 0.63023776, -0.54896694
0.45025092, 0.44626427
-0.0, 0.29507321, -0.00889833
0.0, 0.63023776, -0.77636033
0.43823624, 0.44875246
-0.00629205, 0.29507321, -0.00629207
-0.54896694, 0.63023776, -0.54896694
0.42622167, 0.44626427
-0.00889831, 0.29507321, -1e-08
-0.77636033, 0.63023776, 0.0
0.42124504, 0.44025689
0.00629205, 0.29507321, 0.00629204
0.54896694, 0.63023776, 0.54896694
0.45025092, 0.43424982
-0.00629205, -0.06110277, -0.00629205
-0.54896694, -0.63023776, -0.54896694
0.2230967, 0.5079692
-0.0, -0.06110277, -0.00889831
0.0, -0.63023776, -0.77636033
0.43823624, 0.44875246
0.00629205, -0.06110277, -0.00629205
0.54896694, -0.63023776, -0.54896694
0.45025092, 0.44626427
0.0088983, -0.06110277, 0.0
0.77636033, -0.63023776, 0.0
0.45522732, 0.44025689
-0.0, -0.06110277, 0.00889832
0.0, -0.63023776, 0.77636033
0.43823624, 0.43176138
-0.00889831, -0.06110277, 0.0
-0.77636033, -0.63023776, 0.0
0.42124504, 0.44025689
-0.01077431, 0.2250617, -0.01077431
-0.51515245, -0.68498796, -0.51515245
0.59584373, 0.04634094
-0.01077431, 0.2250617, -0.01077431
-0.51515245, -0.68498796, -0.51515245
0.53195322, 0.05071729
0.0, 0.2250617, -0.01523717
0.0, -0.68498796, -0.72853786
0.5399372, 0.0540244
0.0107743, 0.2250617, -0.01077431
0.51515245, -0.68498796, -0.51515245
0.54792106, 0.05071729
0.01523716, 0.2250617, -1e-08
0.72853786, -0.68498796, 0.0
0.55122817, 0.04273343
-0.01077431, 0.2250617, 0.01077429
-0.51515245, -0.68498796, 0.51515245
0.53195322, 0.03474951
-0.01077431, 0.2250617, -0.01077431
-0.51515245, -0.68498796, -0.51515245
0.69533658, 0.05976588
-0.01077431, 0.2250617, 0.01077429
-0.51515245, -0.68498796, 0.51515245
0.59584373, 0.03037322
-0.01077431, 0.2250617, 0.01077429
-0.51515245, -0.68498796, 0.51515245
0.69533658, 0.05976588
0.0107743, 0.2250617, 0.01077429
0.51515245, -0.68498796, 0.51515245
0.59584373, 0.03037322
0.0107743, 0.2250617, -0.01077431
0.51515245, -0.68498796, -0.51515245
0.59584373, 0.04634094
0.0, 0.28601035, -0.01462769
0.0, 0.6920377, -0.72182381
0.5399372, 0.05357271
-0.01034333, 0.28601035, -0.01034334
-0.51039153, 0.6920377, -0.51039153
0.53227264, 0.05039793
-0.01462768, 0.28601035, -1e-08
-0.72182381, 0.6920377, 0.0
0.52909786, 0.04273343
-0.0, 0.28601035, 0.01462767
0.0, 0.6920377, 0.72182381
0.5399372, 0.03189409
0.01462768, 0.28601035, -1e-08
0.72182381, 0.6920377, 0.0
0.55077648, 0.04273343
0.01034332, 0.28601035, -0.01034334
0.51039153, 0.6920377, -0.51039153
0.71098506, 0.01460201
-0.01987156, 0.22954257, 0.00380928
-0.3505356, -0.70271921, 0.61906797
0.59916419, 0.03553432
0.01987156, 0.22954255, 0.00380927
0.3505356, -0.70271921, 0.61906797
0.55466229, 0.03991073
0.03974317, 0.25593406, 0.00380927
0.80480361, 0.0, 0.59349346
0.61872059, 0.03553438
0.01987152, 0.22954255, -0.00380931
0.3505356, -0.70271921, -0.61906797
0.71804553, 0.05644548
-0.03974317, 0.25593412, -0.00380929
-0.80480361, 0.0, -0.59349346
0.67387027, 0.03688896
0.0397431, 0.25593406, -0.00380931
0.80480361, 0.0, -0.59352398
0.73277068, 0.03688896
-0.01987149, 0.28232563, 0.00380928
-0.3505356, 0.70271921, 0.61906797
0.63827711, 0.03553432
0.01987162, 0.28232557, 0.00380928
0.3505356, 0.70271921, 0.61906797
0.55466229, 0.03991061
-0.0397431, 0.25593412, 0.00380929
-0.80480361, 0.0, 0.59352398
0.67387033, 0.03688896
-0.01987156, 0.22954257, 0.00380928
-0.3505356, -0.70271921, 0.61906797
0.68859541, 0.0564453
0.03974317, 0.25593406, 0.00380927
0.80480361, 0.0, 0.59349346
0.7327708, 0.03688896
-0.00380927, 0.22954257, -0.01987158
-0.61906797, -0.70271921, -0.3505356
0.70049775, 0.0564453
-0.0038093, 0.22954255, 0.01987155
-0.61906797, -0.70271921, 0.3505356
0.53711438, 0.02800828
-0.00380932, 0.25593406, 0.03974316
-0.59349346, 0.0, 0.80480361
0.70049775, 0.03688896
0.00380928, 0.22954255, 0.01987151
0.61906797, -0.70271921, 0.3505356
0.59916407, 0.02363205
0.00380932, 0.25593412, -0.03974318
0.59349346, 0.0, -0.80480361
0.61872065, 0.06780732
0.00380926, 0.25593406, 0.03974309
0.59352398, 0.0, 0.80480361
0.61872059, 0.0089069
-0.00380928, 0.28232563, -0.01987151
-0.61906797, 0.70271921, -0.3505356
0.70049775, 0.01733243
-0.00380931, 0.28232557, 0.01987161
-0.61906797, 0.70271921, 0.3505356
0.53711438, 0.02800828
-0.00380926, 0.25593412, -0.03974311
-0.59352398, 0.0, -0.80480361
0.61872065, 0.06780726
-0.00380927, 0.22954257, -0.01987158
-0.61906797, -0.70271921, -0.3505356
0.59916419, 0.05308223
-0.00380932, 0.25593406, 0.03974316
-0.59349346, 0.0, 0.80480361
0.61872059, 0.00890684
# Number of Faces:
292
# Face Data:
0, 1, 2
3, 4, 5
4, 6, 7
8, 9, 10
10, 9, 11
12, 13, 14
15, 16, 17
18, 0, 19
13, 20, 21
22, 23, 24
25, 26, 27
28, 29, 30
31, 32, 33
34, 35, 36
37, 29, 28
38, 39, 40
41, 42, 39
43, 25, 44
45, 25, 43
35, 46, 47
48, 49, 50
35, 34, 51
39, 52, 53
25, 45, 54
29, 55, 56
46, 35, 57
42, 58, 52
29, 37, 59
60, 61, 62
63, 64, 65
66, 67, 68
68, 69, 70
71, 72, 73
74, 61, 60
75, 76, 77
78, 79, 80
81, 82, 83
84, 85, 86
87, 88, 89
89, 90, 91
92, 93, 94
95, 82, 81
96, 97, 98
99, 100, 101
102, 103, 104
103, 102, 105
104, 106, 107
106, 104, 103
108, 109, 110
109, 108, 111
110, 112, 113
112, 110, 109
113, 105, 102
105, 113, 112
105, 114, 103
103, 114, 106
111, 115, 109
109, 115, 112
112, 114, 105
116, 117, 118
118, 119, 116
117, 120, 121
121, 118, 117
122, 123, 124
124, 125, 122
123, 126, 127
127, 124, 123
126, 116, 119
119, 127, 126
119, 118, 128
118, 121, 128
125, 124, 129
124, 127, 129
127, 119, 128
130, 131, 132
131, 130, 133
132, 134, 135
134, 132, 131
136, 137, 138
137, 136, 139
138, 140, 141
140, 138, 137
141, 133, 130
133, 141, 140
133, 142, 131
131, 142, 134
139, 143, 137
137, 143, 140
140, 142, 133
144, 145, 146
146, 147, 144
145, 148, 149
149, 146, 145
150, 151, 152
152, 153, 150
151, 154, 155
155, 152, 151
154, 144, 147
147, 155, 154
147, 146, 156
146, 149, 156
153, 152, 157
152, 155, 157
155, 147, 156
158, 159, 160
159, 158, 161
160, 162, 163
162, 160, 159
164, 165, 166
165, 164, 167
166, 168, 169
168, 166, 165
169, 161, 158
161, 169, 168
161, 170, 159
159, 170, 162
167, 171, 165
165, 171, 168
168, 170, 161
172, 173, 174
174, 175, 172
173, 176, 177
177, 174, 173
178, 179, 180
180, 181, 178
179, 182, 183
183, 180, 179
182, 172, 175
175, 183, 182
175, 174, 184
174, 177, 184
181, 180, 185
180, 183, 185
183, 175, 184
186, 187, 188
187, 186, 189
188, 190, 191
190, 188, 187
192, 193, 194
193, 192, 195
194, 196, 197
196, 194, 193
197, 189, 186
189, 197, 196
189, 198, 187
187, 198, 190
195, 199, 193
193, 199, 196
196, 198, 189
200, 201, 202
202, 203, 200
201, 204, 205
205, 202, 201
206, 207, 208
208, 209, 206
207, 210, 211
211, 208, 207
210, 200, 203
203, 211, 210
203, 202, 212
202, 205, 212
209, 208, 213
208, 211, 213
211, 203, 212
214, 215, 216
216, 217, 214
215, 218, 219
219, 216, 215
220, 221, 222
222, 223, 220
221, 224, 225
225, 222, 221
224, 214, 217
217, 225, 224
217, 216, 226
216, 219, 226
223, 222, 227
222, 225, 227
225, 217, 226
228, 229, 230
229, 228, 231
230, 232, 233
232, 230, 229
234, 235, 236
235, 234, 237
236, 238, 239
238, 236, 235
239, 231, 228
231, 239, 238
231, 240, 229
229, 240, 232
237, 241, 235
235, 241, 238
238, 240, 231
242, 243, 244
244, 245, 242
243, 246, 247
247, 244, 243
248, 249, 250
250, 251, 248
249, 252, 253
253, 250, 249
252, 242, 245
245, 253, 252
245, 244, 254
244, 247, 254
251, 250, 255
250, 253, 255
253, 245, 254
256, 257, 258
257, 256, 259
258, 260, 261
260, 258, 257
262, 263, 264
263, 262, 265
264, 266, 267
266, 264, 263
267, 259, 256
259, 267, 266
259, 268, 257
257, 268, 260
265, 269, 263
263, 269, 266
266, 268, 259
19, 0, 2
270, 3, 5
5, 4, 7
271, 8, 10
272, 10, 11
273, 12, 14
17, 274, 275
275, 276, 17
277, 15, 17
16, 278, 17
17, 276, 277
279, 18, 19
14, 13, 21
24, 280, 281
281, 282, 24
22, 283, 23
23, 284, 24
24, 282, 22
44, 25, 27
285, 28, 30
33, 286, 287
287, 288, 33
289, 31, 33
32, 290, 33
33, 288, 289
291, 34, 36
292, 37, 28
293, 38, 40
38, 41, 39
294, 43, 44
295, 45, 43
36, 35, 47
50, 296, 297
297, 298, 48
48, 299, 49
49, 300, 50
50, 297, 48
57, 35, 51
40, 39, 53
26, 25, 54
30, 29, 56
301, 46, 57
39, 42, 52
55, 29, 59
302, 60, 62
303, 63, 65
304, 66, 68
304, 68, 70
305, 73, 72
306, 71, 73
72, 307, 305
308, 74, 60
309, 75, 77
80, 310, 311
311, 78, 80
312, 79, 78
313, 81, 83
314, 84, 86
315, 87, 89
315, 89, 91
316, 94, 93
317, 92, 94
93, 318, 316
319, 95, 81
320, 96, 98
101, 321, 322
322, 99, 101
323, 100, 99
