# Project Zomboid Skinned Mesh
# File Version:
1.0
# Model Name:
Warhammer
# Vertex Stride Element Count:
3
# Vertex Stride Size (in bytes):
76
# Vertex Stride Data:
# (Int)    Offset
# (String) Type
0
VertexArray
12
NormalArray
24
TextureCoordArray
# Vertex Count:
84
# Vertex Buffer:
0.00857992, 0.43643537, 0.00015774
0.77636033, 0.63023776, 0.0
0.51974863, 0.31358343
0.00605706, 0.43643537, 0.00624845
0.54896694, 0.63023776, 0.54896694
0.43144187, 0.31358343
0.00605704, -0.0916036, 0.00624845
0.54896694, -0.63023776, 0.54896694
0.43144146, 0.99359266
-3.365e-05, 0.43643537, 0.0087713
0.0, 0.63023776, 0.77636033
0.34313503, 0.31358343
-3.367e-05, -0.0916036, 0.0087713
0.0, -0.63023776, 0.77636033
0.34313408, 0.99359266
-0.00612436, 0.43643537, 0.00624845
-0.54896694, 0.63023776, 0.54896694
0.2548278, 0.31358343
-0.00612438, -0.0916036, 0.00624845
-0.54896694, -0.63023776, 0.54896694
0.25482696, 0.99359266
-0.00864721, 0.43643537, 0.00015774
-0.77636033, 0.63023776, 0.0
0.16652036, 0.31358343
-0.00864724, -0.0916036, 0.00015774
-0.77636033, -0.63023776, 0.0
0.16652012, 0.99359266
-0.00612435, 0.43643537, -0.00593296
-0.54896694, 0.63023776, -0.54896694
0.0782128, 0.31358343
-0.00612438, -0.0916036, -0.00593296
-0.54896694, -0.63023776, -0.54896694
0.07821327, 0.99359266
-0.00612435, 0.43643537, -0.00593296
-0.54896694, 0.63023776, -0.54896694
0.78467023, 0.31358343
-3.365e-05, 0.43643537, -0.00845582
0.0, 0.63023776, -0.77636033
0.69636273, 0.31358343
-3.367e-05, -0.0916036, -0.00845582
0.0, -0.63023776, -0.77636033
0.69636375, 0.99359266
-0.00864721, 0.43643537, 0.00015774
-0.77636033, 0.63023776, 0.0
0.87297773, 0.31358343
0.00605706, 0.43643537, -0.00593296
0.54896694, 0.63023776, -0.54896694
0.60805553, 0.31358343
0.0085799, -0.0916036, 0.00015774
0.77636033, -0.63023776, 0.0
0.51974899, 0.99359266
0.00605704, -0.0916036, -0.00593296
0.54896694, -0.63023776, -0.54896694
0.60805643, 0.99359266
-0.00612438, -0.0916036, 0.00624845
-0.54896694, -0.63023776, 0.54896694
0.9612844, 0.99359266
-0.00612438, -0.0916036, -0.00593296
-0.54896694, -0.63023776, -0.54896694
0.78467071, 0.99359266
0.01361808, 0.42452732, -0.03442573
0.61897641, 0.61897641, 0.48338267
0.54982799, 0.05547851
0.01841868, 0.42932791, -0.04092464
0.66490674, 0.66490674, 0.3401593
0.55311823, 0.05770564
-0.01841865, 0.42932791, -0.04092464
-0.66490674, 0.66490674, 0.3401593
0.52787018, 0.05770564
-0.01361805, 0.42452732, -0.03442573
-0.61897641, 0.61897641, 0.48338267
0.62510282, 0.05547851
-0.01841865, 0.42932791, -0.04092464
-0.66490674, 0.66490674, 0.3401593
0.62839311, 0.05770564
-0.01841865, 0.39249057, -0.04092464
-0.66490674, -0.66490674, 0.3401593
0.60314506, 0.05770564
-0.01361805, 0.39729115, -0.03442573
-0.61897641, -0.61897641, 0.48338267
0.53116047, 0.05547851
-0.01841865, 0.39249057, -0.04092464
-0.66490674, -0.66490674, 0.3401593
0.52787018, 0.05770564
0.01841868, 0.39249057, -0.04092464
0.66490674, -0.66490674, 0.3401593
0.55311823, 0.05770564
0.01841868, 0.39249057, -0.04092464
0.66490674, -0.66490674, 0.3401593
0.60314506, 0.05770564
0.0184174, 0.39249182, -0.06583149
0.65309608, -0.65309608, -0.38322091
0.60314584, 0.06624103
0.0184174, 0.42932665, -0.06583149
0.65309608, 0.65309608, -0.38322091
0.62839228, 0.06624103
0.01289413, 0.42380336, 0.02639192
0.70375681, 0.70375681, 0.09717093
0.54933178, 0.0346365
-0.01361805, 0.42452732, -0.03442573
-0.61897641, 0.61897641, 0.48338267
0.53116047, 0.05547851
0.01361808, 0.39729115, -0.03442573
0.61897641, -0.61897641, 0.48338267
0.54982799, 0.05547851
0.01289413, 0.39801511, 0.02639192
0.70375681, -0.70375681, 0.09717093
0.54933178, 0.0346365
-0.01289411, 0.39801511, 0.02639192
-0.70375681, -0.70375681, 0.09717093
0.53165662, 0.0346365
-0.01289411, 0.42380336, 0.02639192
-0.70375681, 0.70375681, 0.09717093
0.62460661, 0.0346365
-0.01361805, 0.39729115, -0.03442573
-0.61897641, -0.61897641, 0.48338267
0.6064353, 0.05547851
-0.01289411, 0.39801511, 0.02639192
-0.70375681, -0.70375681, 0.09717093
0.60693151, 0.0346365
-0.00962227, 0.4012869, 0.051105
-0.71153903, -0.68401134, 0.16055788
0.60917401, 0.02616739
-0.00962227, 0.42053154, 0.051105
-0.67375714, 0.69627976, 0.24741356
0.62236416, 0.02616739
0.01289413, 0.42380336, 0.02639192
0.70375681, 0.70375681, 0.09717093
0.62460661, 0.0346365
0.01289413, 0.39801511, 0.02639192
0.70375681, -0.70375681, 0.09717093
0.60693151, 0.0346365
0.01361808, 0.39729115, -0.03442573
0.61897641, -0.61897641, 0.48338267
0.6064353, 0.05547851
0.01841868, 0.42932791, -0.04092464
0.66490674, 0.66490674, 0.3401593
0.62839311, 0.05770564
0.0184174, 0.42932665, -0.06583149
0.65309608, 0.65309608, -0.38322091
0.55311733, 0.06624103
0.01125208, 0.42216131, -0.07337034
0.31012911, 0.31012911, -0.89867854
0.54820627, 0.06882465
-0.01125204, 0.42216131, -0.07337034
-0.31012911, 0.31012911, -0.89867854
0.53278214, 0.06882465
-0.01841736, 0.42932665, -0.06583149
-0.65309608, 0.65309608, -0.38322091
0.52787107, 0.06624103
-0.01841736, 0.42932665, -0.06583149
-0.65309608, 0.65309608, -0.38322091
0.62839228, 0.06624103
-0.01841736, 0.39249182, -0.06583149
-0.65309608, -0.65309608, -0.38322091
0.60314584, 0.06624103
-0.01841736, 0.39249182, -0.06583149
-0.65309608, -0.65309608, -0.38322091
0.52787107, 0.06624103
0.0184174, 0.39249182, -0.06583149
0.65309608, -0.65309608, -0.38322091
0.55311733, 0.06624103
0.00962229, 0.4012869, 0.051105
0.71153903, -0.68401134, 0.1605884
0.54708928, 0.02616739
-0.00962227, 0.4012869, 0.051105
-0.71153903, -0.68401134, 0.16055788
0.53389913, 0.02616739
0.00962229, 0.42053154, 0.051105
0.67375714, 0.69627976, 0.24741356
0.62236416, 0.02616739
-0.01289411, 0.42380336, 0.02639192
-0.70375681, 0.70375681, 0.09717093
0.53165662, 0.0346365
-0.00962227, 0.42053154, 0.051105
-0.67375714, 0.69627976, 0.24741356
0.53389913, 0.02616739
0.00481115, 0.40178493, 0.07872778
0.70970792, -0.6989044, 0.08835109
0.60951537, 0.01670122
0.00481115, 0.41125667, 0.08042358
0.65999329, 0.63628042, 0.39936522
0.61600727, 0.01611996
1e-08, 0.39783385, 0.10328636
0.0, -0.33661917, 0.94161808
0.60680735, 0.00828511
0.00481115, 0.41125667, 0.08042358
0.65999329, 0.63628042, 0.39936522
0.54379177, 0.01611996
-0.00481113, 0.41125667, 0.08042358
-0.65999329, 0.63628042, 0.39936522
0.5371967, 0.01611996
1e-08, 0.39783385, 0.10328636
0.0, -0.33661917, 0.94161808
0.5404942, 0.00828511
-0.00481113, 0.41125667, 0.08042358
-0.65999329, 0.63628042, 0.39936522
0.61600727, 0.01611996
-0.00481113, 0.40178493, 0.07872778
-0.70970792, -0.6989044, 0.08835109
0.60951537, 0.01670122
-0.00481113, 0.40178493, 0.07872778
-0.70970792, -0.6989044, 0.08835109
0.5371967, 0.01670122
0.00481115, 0.40178493, 0.07872778
0.70970792, -0.6989044, 0.08835109
0.54379177, 0.01670122
0.01125208, 0.42216131, -0.07337034
0.31012911, 0.31012911, -0.89867854
0.48883781, 0.03726888
0.01125207, 0.39965716, -0.07337034
0.31012911, -0.31012911, -0.89867854
0.48883781, 0.04498088
-0.01125204, 0.39965716, -0.07337034
-0.31012911, -0.31012911, -0.89867854
0.47341365, 0.04498088
-0.01125204, 0.42216131, -0.07337034
-0.31012911, 0.31012911, -0.89867854
0.62348115, 0.06882465
-0.01125204, 0.39965716, -0.07337034
-0.31012911, -0.31012911, -0.89867854
0.60805702, 0.06882465
-0.01125204, 0.39965716, -0.07337034
-0.31012911, -0.31012911, -0.89867854
0.53278214, 0.06882465
0.01125207, 0.39965716, -0.07337034
0.31012911, -0.31012911, -0.89867854
0.60805702, 0.06882465
0.01125208, 0.42216131, -0.07337034
0.31012911, 0.31012911, -0.89867854
0.62348115, 0.06882465
0.00962229, 0.4012869, 0.051105
0.71153903, -0.68401134, 0.1605884
0.60917401, 0.02616739
-0.00612436, 0.43643537, 0.00624845
-0.54896694, 0.63023776, 0.54896694
0.96128523, 0.31358343
-0.00864724, -0.0916036, 0.00015774
-0.77636033, -0.63023776, 0.0
0.8729775, 0.99359266
0.01361808, 0.42452732, -0.03442573
0.61897641, 0.61897641, 0.48338267
0.62510282, 0.05547851
0.00962229, 0.42053154, 0.051105
0.67375714, 0.69627976, 0.24741356
0.54708928, 0.02616739
-0.01125204, 0.42216131, -0.07337034
-0.31012911, 0.31012911, -0.89867854
0.47341365, 0.03726888
0.01125207, 0.39965716, -0.07337034
0.31012911, -0.31012911, -0.89867854
0.54820627, 0.06882465
# Number of Faces:
82
# Face Data:
0, 1, 2
1, 3, 4
3, 5, 6
5, 7, 8
7, 9, 10
11, 12, 13
11, 14, 3
15, 0, 16
12, 15, 17
18, 19, 17
20, 21, 22
23, 24, 25
26, 27, 28
29, 30, 31
32, 20, 33
34, 35, 36
37, 23, 38
39, 40, 41
42, 43, 44
44, 29, 45
46, 47, 48
21, 46, 49
24, 50, 51
27, 52, 53
35, 54, 55
43, 42, 56
32, 57, 58
59, 60, 61
62, 63, 64
65, 66, 61
67, 68, 64
69, 70, 71
50, 72, 73
53, 52, 74
30, 75, 76
77, 56, 60
58, 63, 62
40, 66, 65
55, 54, 68
16, 0, 2
2, 1, 4
4, 3, 6
6, 5, 8
8, 7, 10
19, 11, 13
3, 1, 0
0, 15, 3
12, 11, 3
14, 78, 3
3, 15, 12
17, 15, 16
13, 12, 17
17, 16, 2
2, 4, 17
18, 79, 19
19, 13, 17
17, 4, 18
33, 20, 22
38, 23, 25
34, 26, 28
45, 29, 31
57, 32, 33
26, 34, 36
39, 37, 38
37, 39, 41
80, 42, 44
80, 44, 45
49, 46, 48
22, 21, 49
25, 24, 51
28, 27, 53
36, 35, 55
77, 43, 56
81, 32, 58
82, 69, 71
51, 50, 73
83, 53, 74
31, 30, 76
59, 77, 60
81, 58, 62
41, 40, 65
67, 55, 68
