# Project Zomboid Skinned Mesh
# File Version:
1.0
# Model Name:
Cone.000
# Vertex Stride Element Count:
3
# Vertex Stride Size (in bytes):
76
# Vertex Stride Data:
# (Int)    Offset
# (String) Type
0
VertexArray
12
NormalArray
24
TextureCoordArray
# Vertex Count:
197
# Vertex Buffer:
0.00012017, 0.42388391, -0.03354796
0.00549333, -0.61168247, -0.79107028
0.06648371, 0.02619117
0.00011848, 0.4423008, -0.03311163
0.00537126, 0.64845729, -0.76119268
0.06648287, 0.02158695
0.02349721, 0.44206899, -0.02323788
0.55275124, 0.64302498, -0.53001493
0.07817224, 0.02164489
0.02349721, 0.44206899, -0.02323788
0.55275124, 0.64302498, -0.53001493
0.25143999, 0.04183275
0.03304476, 0.44151288, 0.00027054
0.7762993, 0.63002414, 0.02035585
0.25116199, 0.03595561
0.03304644, 0.42309606, -0.00016579
0.77639091, -0.63011569, -0.00946074
0.24195355, 0.03606468
0.02316827, 0.44095826, 0.0236427
0.54506058, 0.61702323, 0.56758326
0.25088465, 0.03011256
0.02316996, 0.42254144, 0.02320637
0.54515213, -0.64311653, 0.53773612
0.24167627, 0.03022164
0.02316996, 0.42254144, 0.02320637
0.54515213, -0.64311653, 0.53773612
0.07800862, 0.02652675
0.02316827, 0.44095826, 0.0236427
0.54506058, 0.61702323, 0.56758326
0.07800779, 0.02192253
-0.00034672, 0.44072998, 0.0331875
-0.00549333, 0.61168247, 0.79107028
0.06625026, 0.02197963
-0.02372546, 0.44096178, 0.02331375
-0.55287331, 0.61711478, 0.55989259
0.0545609, 0.02192169
-0.02372377, 0.4225449, 0.02287742
-0.55275124, -0.64302498, 0.53001493
0.05456173, 0.02652591
-0.02372546, 0.44096178, 0.02331375
-0.55287331, 0.61711478, 0.55989259
0.25088638, 0.03019482
-0.03327298, 0.44151783, -0.00019467
-0.77639091, 0.63011569, 0.00946074
0.25116444, 0.0360719
-0.03327129, 0.42310101, -0.000631
-0.7762993, -0.63002414, -0.02035585
0.24195606, 0.03618097
-0.03327298, 0.44151783, -0.00019467
-0.77639091, 0.63011569, 0.00946074
0.12295637, 0.04227269
-0.00034672, 0.44072998, 0.0331875
-0.00549333, 0.61168247, 0.79107028
0.1394195, 0.03392708
0.03304476, 0.44151288, 0.00027054
0.7762993, 0.63002414, 0.02035585
0.15611526, 0.04215634
-0.02339482, 0.42365563, -0.02400316
-0.54506058, -0.61702323, -0.56758326
0.05472621, 0.02624828
-0.02339652, 0.44207251, -0.02356683
-0.54515213, 0.64311653, -0.53773612
0.05472538, 0.02164406
-0.02339652, 0.44207251, -0.02356683
-0.54515213, 0.64311653, -0.53773612
0.25144178, 0.04191494
-0.02339482, 0.42365563, -0.02400316
-0.54506058, -0.61702323, -0.56758326
0.24223334, 0.04202402
0.02316996, 0.42254144, 0.02320637
0.54515213, -0.64311653, 0.53773612
0.15117785, 0.03642237
-0.03327129, 0.42310101, -0.000631
-0.7762993, -0.63002414, -0.02035585
0.1229572, 0.04238176
-0.02339482, 0.42365563, -0.02400316
-0.54506058, -0.61702323, -0.56758326
0.12789544, 0.04822481
-0.0, 0.47332257, 0.0
0.03555406, 0.23319194, 0.97177041
0.56260854, 0.11942399
0.012389, 0.47065061, 0.012389
0.32248908, 0.88991976, 0.32248908
0.7866683, 0.14737898
0.017521, 0.47065061, 1e-08
0.45606861, 0.88991976, 0.0
0.69111198, 0.14737898
0.019608, 0.46237057, 0.01960801
0.65181434, 0.38755456, 0.65181434
0.78666914, 0.16415501
0.02773, 0.46237057, 1e-08
0.92181158, 0.38755456, 0.0
0.69111276, 0.16415501
0.018224, 0.32411957, 0.018224
0.70632041, -0.04696799, 0.70632041
0.78666914, 0.39187199
0.025773, 0.32411957, 1e-08
0.99887079, -0.0469985, 0.0
0.69111276, 0.39187199
0.015404, 0.27476156, 0.015404
0.70479447, -0.08050783, 0.70479447
0.78666914, 0.49187702
0.02178401, 0.27476156, 0.0
0.9967345, -0.08050783, 0.0
0.69111276, 0.49187702
0.011792, 0.21152157, 0.011792
0.70522171, -0.07257301, 0.70522171
0.78666914, 0.594888
0.01667701, 0.21152155, -0.0
0.99734491, -0.07257301, 0.0
0.69111198, 0.594888
0.008556, 0.14057057, 0.008556
0.70671713, -0.03244118, 0.70671713
0.78666914, 0.67469999
0.012099, 0.14057054, -0.0
0.99945068, -0.03244118, 0.0
0.69111198, 0.67469999
0.008556, -0.00441845, 0.00855599
0.70708334, 0.0, 0.70708334
0.78666914, 0.97549723
0.012099, -0.00441845, -0.0
1.0, 0.0, 0.0
0.69111198, 0.97549723
0.018371, -0.00750346, 0.018371
0.15338603, 0.97616506, 0.15338603
0.78666914, 0.98174824
0.025981, -0.00750344, -1e-08
0.21692556, 0.97616506, 0.0
0.69111276, 0.98174824
0.018371, -0.01973541, 0.01837099
0.70708334, 0.0, 0.70708334
0.78666914, 0.99950099
0.025981, -0.01973544, -1e-08
1.0, 0.0, 0.0
0.69111276, 0.99950099
1e-08, -0.01973544, -1e-08
0.0, -0.2425306, 0.9701224
0.5, 0.99950099
-0.0, 0.47065061, 0.017521
0.0, 0.88991976, 0.45606861
0.88222468, 0.14737898
0.0, 0.46237057, 0.02773
0.0, 0.38755456, 0.92181158
0.88222551, 0.16415501
0.0, 0.32411951, 0.02577301
0.0, -0.0469985, 0.99887079
0.88222551, 0.39187199
0.0, 0.27476156, 0.021784
0.0, -0.08050783, 0.9967345
0.88222551, 0.49187702
0.0, 0.21152154, 0.016677
0.13333537, -0.07458724, 0.98825037
0.88222551, 0.594888
-0.0, 0.14057057, 0.01209899
0.38239694, -0.02996918, 0.92349011
0.88222623, 0.67469999
0.0, -0.00441845, 0.012099
0.38258004, 0.0, 0.92391735
0.88222623, 0.97549723
0.0, -0.00750344, 0.02598099
0.08948027, 0.97225869, 0.21607104
0.88222623, 0.98174824
0.0, -0.01973544, 0.025981
0.38270211, 0.0, 0.92385632
0.88222623, 0.99950099
0.018371, -0.01973541, 0.01837099
0.0, -1.0, 0.0
0.02221814, 0.99950099
0.0, -0.01973544, 0.025981
0.0, -1.0, 0.0
0.11777529, 0.99950099
-0.012389, 0.47065061, 0.012389
-0.18561357, 0.87441635, 0.44822535
0.97778112, 0.14737898
-0.019608, 0.46237057, 0.01960801
-0.35670033, 0.3620716, 0.86117131
0.97778189, 0.16415501
-0.018224, 0.32411957, 0.018224
-0.3823359, -0.04339732, 0.92297131
0.97778189, 0.39187199
-0.015404, 0.27476156, 0.015404
-0.38157293, -0.07443465, 0.9213233
0.97778189, 0.49187702
-0.011792, 0.21152157, 0.011792
-0.38163397, -0.07437361, 0.92129278
0.97778189, 0.594888
0.0, 0.21152154, 0.016677
-0.3820307, -0.05948057, 0.92220831
0.11777452, 0.594888
-0.008556, 0.14057054, 0.008556
-0.70671713, -0.03244118, 0.70671713
0.21333167, 0.67469999
-0.0, 0.14057057, 0.01209899
-0.38239694, -0.0299997, 0.92349011
0.11777529, 0.67469999
-0.011792, 0.21152157, 0.011792
-0.79711294, -0.06918546, 0.59981078
0.21333089, 0.594888
-0.008556, -0.00441845, 0.00855499
-0.70711386, 0.0, 0.70708334
0.21333167, 0.97549723
0.0, -0.00441845, 0.012099
-0.38267159, 0.0, 0.92385632
0.11777529, 0.97549723
-0.018371, -0.00750344, 0.018371
-0.15338603, 0.97616506, 0.15338603
0.21333167, 0.98174824
0.0, -0.00750344, 0.02598099
-0.08948027, 0.97225869, 0.21604052
0.11777529, 0.98174824
-0.018371, -0.01973544, 0.01837099
-0.70708334, 0.0, 0.70708334
0.21333167, 0.99950099
-0.017521, 0.47065061, 0.0
-0.45606861, 0.88991976, 6.104e-05
0.30888647, 0.14737898
-0.012389, 0.47065061, 0.012389
-0.4481338, 0.87444687, 0.18561357
0.21333012, 0.14737898
-0.02773, 0.46237057, 1e-08
-0.92181158, 0.38755456, 0.0
0.30888724, 0.16415501
-0.019608, 0.46237057, 0.01960801
-0.86117131, 0.3620716, 0.35670033
0.21333089, 0.16415501
-0.025773, 0.32411957, 1e-08
-0.99887079, -0.0469985, 0.0
0.30888724, 0.39187199
-0.018224, 0.32411957, 0.018224
-0.92300183, -0.04342784, 0.38230535
0.21333089, 0.39187199
-0.021784, 0.27476156, 0.0
-0.9967345, -0.08050783, 0.0
0.30888724, 0.49187702
-0.015404, 0.27476156, 0.015404
-0.9213233, -0.07440413, 0.38157293
0.21333089, 0.49187702
-0.016677, 0.21152157, 0.0
-0.99734491, -0.07257301, 0.0
0.30888724, 0.594888
-0.012099, 0.14057057, -0.0
-0.99945068, -0.03244118, 0.0
0.30888724, 0.67469999
-0.012099, -0.00441845, -1e-08
-0.99996948, 0.0, 0.0
0.30888802, 0.97549723
-0.025981, -0.00750344, -1e-08
-0.21692556, 0.97616506, 0.0
0.30888724, 0.98174824
-0.025981, -0.01973544, -0.0
-1.0, 0.0, 0.0
0.30888724, 0.99950099
-0.012389, 0.47065055, -0.012389
-0.32248908, 0.88991976, -0.32248908
0.40444285, 0.14737898
-0.019608, 0.46237057, -0.01960799
-0.65181434, 0.38755456, -0.65181434
0.40444362, 0.16415501
-0.018224, 0.32411957, -0.01822399
-0.70632041, -0.04696799, -0.70632041
0.40444362, 0.39187199
-0.015404, 0.27476156, -0.015404
-0.70479447, -0.08050783, -0.70479447
0.40444362, 0.49187702
-0.011792, 0.21152155, -0.011792
-0.70522171, -0.07257301, -0.70522171
0.40444362, 0.594888
-0.008556, 0.14057057, -0.00855601
-0.70671713, -0.03244118, -0.70671713
0.40444362, 0.67469999
-0.008556, -0.00441842, -0.00855601
-0.70708334, 0.0, -0.70708334
0.40444362, 0.97549723
-0.018371, -0.00750344, -0.01837201
-0.15338603, 0.97616506, -0.15338603
0.40444362, 0.98174824
-0.018371, -0.01973544, -0.01837201
-0.70708334, 0.0, -0.70711386
0.40444362, 0.99950099
0.0, 0.47065061, -0.01752099
0.0, 0.88991976, -0.45606861
0.49999923, 0.14737898
0.0, 0.46237057, -0.02772999
0.0, 0.38755456, -0.92181158
0.5, 0.16415501
-0.0, 0.32411957, -0.025773
0.0, -0.0469985, -0.99887079
0.5, 0.39187199
0.0, 0.27476156, -0.02178399
0.0, -0.08050783, -0.9967345
0.49999923, 0.49187702
0.0, 0.21152155, -0.016677
0.0, -0.07257301, -0.99734491
0.49999923, 0.594888
0.0, 0.14057054, -0.012099
0.0, -0.03244118, -0.99945068
0.49999923, 0.67469999
0.0, -0.00441842, -0.01209901
0.0, 0.0, -1.0
0.49999923, 0.97549723
0.0, -0.00750346, -0.025981
0.0, 0.97616506, -0.21692556
0.49999923, 0.98174824
0.0, -0.01973544, -0.025981
0.0, 0.0, -1.0
0.49999923, 0.99950099
0.01238899, 0.47065055, -0.01238899
0.32248908, 0.88995028, -0.32242805
0.5955556, 0.14737898
0.019608, 0.46237057, -0.01960799
0.65181434, 0.38755456, -0.65181434
0.59555638, 0.16415501
0.018224, 0.32411957, -0.01822399
0.70632041, -0.04696799, -0.70632041
0.59555638, 0.39187199
0.015404, 0.27476156, -0.015404
0.70479447, -0.08050783, -0.70479447
0.5955556, 0.49187702
0.01179201, 0.21152154, -0.011792
0.70522171, -0.07257301, -0.70522171
0.5955556, 0.594888
0.008556, 0.14057057, -0.008556
0.70671713, -0.03244118, -0.70671713
0.5955556, 0.67469999
0.008556, -0.00441842, -0.00855601
0.70708334, 0.0, -0.70708334
0.5955556, 0.97549723
0.018371, -0.00750344, -0.018371
0.15338603, 0.97616506, -0.15338603
0.5955556, 0.98174824
0.01837101, -0.01973547, -0.018371
0.70708334, 0.0, -0.70708334
0.5955556, 0.99950099
-0.00308289, 0.44946688, -0.02871721
-0.64995271, 0.22342601, 0.72634053
0.06488219, 0.01979548
-0.00308289, 0.32527971, -0.02699485
-0.79476303, 0.2197943, 0.5656606
0.06488219, 0.05084223
0.00316446, 0.32527971, -0.02699485
0.83266699, 0.23191015, 0.50279242
0.06800583, 0.05084223
0.00316446, 0.44946688, -0.02871721
0.70702231, 0.23148289, 0.66820276
0.06800583, 0.01979548
0.00050013, 0.4742189, -0.04480504
0.53276163, 0.69707328, 0.479812
0.06667367, 0.01360744
-0.00308289, 0.32561308, -0.04594321
-0.70577103, -0.48246711, -0.51872313
0.19321209, 0.04600388
-0.00308289, 0.32527971, -0.02699485
-0.79476303, 0.2197943, 0.5656606
0.19304538, 0.04277194
-0.00308289, 0.44946688, -0.02871721
-0.64995271, 0.22342601, 0.72634053
0.25513893, 0.04320258
0.00050013, 0.32561308, -0.04594321
0.66435742, -0.43430892, -0.60823387
0.06667367, 0.0507589
0.00316446, 0.30627835, -0.02717754
0.59837639, -0.79390848, -0.10791345
0.06800583, 0.0555926
-0.00308289, 0.30627835, -0.02717754
-0.58867151, -0.8029725, -0.09320353
0.06488219, 0.0555926
0.00316446, 0.44946688, -0.02871721
0.70702231, 0.23148289, 0.66820276
0.25513893, 0.04320258
0.00316446, 0.32527971, -0.02699485
0.83266699, 0.23191015, 0.50279242
0.19304538, 0.04277194
0.00050013, 0.32561308, -0.04594321
0.66435742, -0.43430892, -0.60823387
0.19321209, 0.04600388
0.00316446, 0.3132484, -0.01628442
0.56947541, -0.11233863, 0.81426436
0.14117506, 0.04629505
-0.00308289, 0.3132484, -0.01628442
-0.56947541, -0.11233863, 0.81426436
0.13805142, 0.04629505
-0.00308289, 0.30627835, -0.02717754
-0.58867151, -0.8029725, -0.09320353
0.13805142, 0.04901838
-0.00308289, 0.3132484, -0.01628442
-0.56947541, -0.11233863, 0.81426436
0.06488219, 0.05385
0.00316446, 0.3132484, -0.01628442
0.56947541, -0.11233863, 0.81426436
0.06800583, 0.05385
-0.00308289, 0.30627835, -0.02717754
-0.58867151, -0.8029725, -0.09320353
0.1835447, 0.04281765
-0.00308289, 0.3132484, -0.01628442
-0.56947541, -0.11233863, 0.81426436
0.18702972, 0.04009432
0.00316446, 0.3132484, -0.01628442
0.56947541, -0.11233863, 0.81426436
0.18702972, 0.04009432
0.00316446, 0.30627835, -0.02717754
0.59837639, -0.79390848, -0.10791345
0.1835447, 0.04281765
-0.00308289, 0.4742189, -0.04805449
-0.88766134, 0.32508317, 0.32612079
0.267515, 0.04653174
-0.00265879, 0.48078263, -0.0541707
-0.08108768, 0.84133428, -0.53434861
0.27079684, 0.04806083
-0.00265879, 0.3321768, -0.05205942
-0.19623402, -0.16483048, -0.96658224
0.19649392, 0.04753298
-0.00308289, 0.32561308, -0.04594321
-0.70577103, -0.48246711, -0.51872313
0.06488219, 0.0507589
-0.00265879, 0.3321768, -0.05205942
-0.19623402, -0.16483048, -0.96658224
0.06509423, 0.04911798
-0.00265879, 0.48078263, -0.0541707
-0.08108768, 0.84133428, -0.53434861
0.06509423, 0.01196653
-0.00308289, 0.4742189, -0.04805449
-0.88766134, 0.32508317, 0.32612079
0.06488219, 0.01360744
0.00050013, 0.4742189, -0.04480504
0.53276163, 0.69707328, 0.479812
0.267515, 0.04653174
0.00012017, 0.33659184, -0.03354796
0.00549333, -0.61168247, -0.79107028
0.06648371, 0.04801422
0.00011848, 0.35500872, -0.03311163
0.00537126, 0.64845729, -0.76119268
0.06648287, 0.04341
0.02349721, 0.35477692, -0.02323788
0.55275124, 0.64302498, -0.53001493
0.07817224, 0.04346794
0.02349721, 0.35477692, -0.02323788
0.55275124, 0.64302498, -0.53001493
0.20779401, 0.04183275
0.03304476, 0.35422081, 0.00027054
0.7762993, 0.63002414, 0.02035585
0.2075159, 0.03595561
0.03304644, 0.33580399, -0.00016579
0.77642143, -0.63011569, -0.00946074
0.19830751, 0.03606468
0.02316827, 0.35366619, 0.0236427
0.54506058, 0.61702323, 0.56758326
0.20723861, 0.03011256
0.02316827, 0.35366619, 0.0236427
0.54506058, 0.61702323, 0.56758326
0.07800779, 0.04374558
-0.00034672, 0.3534379, 0.0331875
-0.00549333, 0.61168247, 0.79107028
0.06625026, 0.04380268
-0.00034503, 0.33502102, 0.03275118
-0.00537126, -0.64845729, 0.76119268
0.0662511, 0.0484069
-0.02372546, 0.3536697, 0.02331375
-0.55287331, 0.61711478, 0.55986208
0.0545609, 0.04374474
-0.02372377, 0.33525282, 0.02287742
-0.55275124, -0.64302498, 0.53001493
0.05456173, 0.04834896
-0.02372546, 0.3536697, 0.02331375
-0.55287331, 0.61711478, 0.55986208
0.2072404, 0.03019482
-0.03327298, 0.35422575, -0.00019467
-0.77639091, 0.63011569, 0.00946074
0.2075184, 0.0360719
-0.03327129, 0.33580893, -0.000631
-0.7762993, -0.63002414, -0.02035585
0.19830996, 0.03618097
-0.03327298, 0.35422575, -0.00019467
-0.77639091, 0.63011569, 0.00946074
0.12295637, 0.04227269
-0.00034672, 0.3534379, 0.0331875
-0.00549333, 0.61168247, 0.79107028
0.1394195, 0.03392708
0.00011848, 0.35500872, -0.03311163
0.00537126, 0.64845729, -0.76119268
0.1396521, 0.05050182
-0.02339652, 0.35478038, -0.02356683
-0.54515213, 0.64311653, -0.53773612
0.05472538, 0.0434671
-0.02339652, 0.35478038, -0.02356683
-0.54515213, 0.64311653, -0.53773612
0.20779568, 0.04191494
0.02316996, 0.3352493, 0.02320637
0.54515213, -0.64311653, 0.53773612
0.15117785, 0.03642237
-0.03327129, 0.33580893, -0.000631
-0.7762993, -0.63002414, -0.02035585
0.1229572, 0.04238176
-0.02339482, 0.33636355, -0.02400316
-0.54506058, -0.61702323, -0.56758326
0.12789544, 0.04822481
0.02349891, 0.42365211, -0.02367421
0.55287331, -0.61711478, -0.55989259
0.07817307, 0.02624911
0.02349891, 0.42365211, -0.02367421
0.55287331, -0.61711478, -0.55989259
0.24223155, 0.04194182
-0.00034503, 0.42231309, 0.03275118
-0.00537126, -0.64845729, 0.76119268
0.0662511, 0.02658385
-0.02372377, 0.4225449, 0.02287742
-0.55275124, -0.64302498, 0.53001493
0.24167794, 0.0303039
0.02349721, 0.44206899, -0.02323788
0.55275124, 0.64302498, -0.53001493
0.15134147, 0.04803348
0.00011848, 0.4423008, -0.03311163
0.00537126, 0.64845729, -0.76119268
0.1396521, 0.05050182
-0.02339652, 0.44207251, -0.02356683
-0.54515213, 0.64311653, -0.53773612
0.12789461, 0.04811573
-0.02372546, 0.44096178, 0.02331375
-0.55287331, 0.61711478, 0.55989259
0.12773013, 0.03639555
0.02316827, 0.44095826, 0.0236427
0.54506058, 0.61702323, 0.56758326
0.15117702, 0.0363133
0.00012017, 0.42388391, -0.03354796
0.00549333, -0.61168247, -0.79107028
0.13965294, 0.0506109
0.02349891, 0.42365211, -0.02367421
0.55287331, -0.61711478, -0.55989259
0.1513423, 0.04814255
0.03304644, 0.42309606, -0.00016579
0.77639091, -0.63011569, -0.00946074
0.1561161, 0.04226542
-0.00034503, 0.42231309, 0.03275118
-0.00537126, -0.64845729, 0.76119268
0.13942033, 0.03403616
-0.02372377, 0.4225449, 0.02287742
-0.55275124, -0.64302498, 0.53001493
0.12773097, 0.03650463
0.00316446, 0.30627835, -0.02717754
0.59837639, -0.79390848, -0.10791345
0.14117506, 0.04901838
0.02349891, 0.33636004, -0.02367421
0.55287331, -0.61711478, -0.55989259
0.07817307, 0.04807216
0.02349891, 0.33636004, -0.02367421
0.55287331, -0.61711478, -0.55989259
0.19858557, 0.04194182
0.02316996, 0.3352493, 0.02320637
0.54515213, -0.64311653, 0.53773612
0.19803017, 0.03022164
0.02316996, 0.3352493, 0.02320637
0.54515213, -0.64311653, 0.53773612
0.07800862, 0.0483498
-0.02372377, 0.33525282, 0.02287742
-0.55275124, -0.64302498, 0.53001493
0.19803196, 0.0303039
0.03304476, 0.35422081, 0.00027054
0.7762993, 0.63002414, 0.02035585
0.15611526, 0.04215634
0.02349721, 0.35477692, -0.02323788
0.55275124, 0.64302498, -0.53001493
0.15134147, 0.04803348
-0.02339652, 0.35478038, -0.02356683
-0.54515213, 0.64311653, -0.53773612
0.12789461, 0.04811573
-0.02372546, 0.3536697, 0.02331375
-0.55287331, 0.61711478, 0.55986208
0.12773013, 0.03639555
0.02316827, 0.35366619, 0.0236427
0.54506058, 0.61702323, 0.56758326
0.15117702, 0.0363133
-0.02339482, 0.33636355, -0.02400316
-0.54506058, -0.61702323, -0.56758326
0.05472621, 0.04807121
-0.02339482, 0.33636355, -0.02400316
-0.54506058, -0.61702323, -0.56758326
0.1985873, 0.04202402
0.00012017, 0.33659184, -0.03354796
0.00549333, -0.61168247, -0.79107028
0.13965294, 0.0506109
0.02349891, 0.33636004, -0.02367421
0.55287331, -0.61711478, -0.55989259
0.1513423, 0.04814255
0.03304644, 0.33580399, -0.00016579
0.77642143, -0.63011569, -0.00946074
0.1561161, 0.04226542
-0.00034503, 0.33502102, 0.03275118
-0.00537126, -0.64845729, 0.76119268
0.13942033, 0.03403616
-0.02372377, 0.33525282, 0.02287742
-0.55275124, -0.64302498, 0.53001493
0.12773097, 0.03650463
# Number of Faces:
240
# Face Data:
0, 1, 2
3, 4, 5
4, 6, 7
8, 9, 10
10, 11, 12
13, 14, 15
16, 17, 18
19, 20, 1
14, 21, 22
23, 24, 25
26, 27, 28
27, 26, 26
28, 29, 30
29, 28, 27
30, 31, 32
31, 30, 29
32, 33, 34
33, 32, 31
34, 35, 36
35, 34, 33
36, 37, 38
37, 36, 35
38, 39, 40
39, 38, 37
40, 41, 42
41, 40, 39
42, 43, 44
43, 42, 41
44, 45, 45
45, 44, 43
26, 46, 27
46, 26, 26
27, 47, 29
47, 27, 46
29, 48, 31
48, 29, 47
31, 49, 33
49, 31, 48
33, 50, 35
50, 33, 49
35, 51, 37
51, 35, 50
37, 52, 39
52, 37, 51
39, 53, 41
53, 39, 52
41, 54, 43
54, 41, 53
55, 45, 45
45, 55, 56
26, 57, 46
57, 26, 26
46, 58, 47
58, 46, 57
47, 59, 48
59, 47, 58
48, 60, 49
60, 48, 59
49, 61, 50
61, 49, 60
62, 63, 64
63, 62, 65
64, 66, 67
66, 64, 63
67, 68, 69
68, 67, 66
69, 70, 56
70, 69, 68
56, 45, 45
45, 56, 70
26, 71, 72
71, 26, 26
72, 73, 74
73, 72, 71
74, 75, 76
75, 74, 73
76, 77, 78
77, 76, 75
78, 79, 65
79, 78, 77
65, 80, 63
80, 65, 79
63, 81, 66
81, 63, 80
66, 82, 68
82, 66, 81
68, 83, 70
83, 68, 82
70, 45, 45
45, 70, 83
26, 84, 71
84, 26, 26
71, 85, 73
85, 71, 84
73, 86, 75
86, 73, 85
75, 87, 77
87, 75, 86
77, 88, 79
88, 77, 87
79, 89, 80
89, 79, 88
80, 90, 81
90, 80, 89
81, 91, 82
91, 81, 90
82, 92, 83
92, 82, 91
83, 45, 45
45, 83, 92
26, 93, 84
93, 26, 26
84, 94, 85
94, 84, 93
85, 95, 86
95, 85, 94
86, 96, 87
96, 86, 95
87, 97, 88
97, 87, 96
88, 98, 89
98, 88, 97
89, 99, 90
99, 89, 98
90, 100, 91
100, 90, 99
91, 101, 92
101, 91, 100
92, 45, 45
45, 92, 101
26, 102, 93
102, 26, 26
93, 103, 94
103, 93, 102
94, 104, 95
104, 94, 103
95, 105, 96
105, 95, 104
96, 106, 97
106, 96, 105
97, 107, 98
107, 97, 106
98, 108, 99
108, 98, 107
99, 109, 100
109, 99, 108
100, 110, 101
110, 100, 109
101, 45, 45
45, 101, 110
26, 28, 102
28, 26, 26
102, 30, 103
30, 102, 28
103, 32, 104
32, 103, 30
104, 34, 105
34, 104, 32
105, 36, 106
36, 105, 34
106, 38, 107
38, 106, 36
107, 40, 108
40, 107, 38
108, 42, 109
42, 108, 40
109, 44, 110
44, 109, 42
110, 45, 45
45, 110, 44
111, 112, 113
111, 114, 115
116, 117, 118
119, 120, 121
122, 123, 124
125, 126, 127
128, 129, 113
130, 131, 117
123, 132, 133
134, 135, 136
137, 138, 119
115, 139, 140
136, 135, 141
142, 143, 144
145, 146, 147
147, 146, 148
149, 150, 151
150, 152, 153
154, 155, 156
157, 158, 159
160, 143, 142
156, 155, 161
162, 163, 164
165, 0, 2
166, 3, 5
5, 4, 7
167, 8, 10
167, 10, 12
168, 13, 15
18, 169, 16
170, 171, 16
16, 172, 17
17, 173, 18
169, 170, 16
0, 19, 1
15, 14, 22
25, 174, 23
175, 176, 23
23, 177, 178
178, 24, 23
174, 175, 23
114, 111, 113
140, 111, 115
134, 116, 118
137, 119, 121
141, 122, 124
179, 125, 127
112, 128, 113
116, 130, 117
124, 123, 133
116, 134, 136
124, 136, 141
180, 142, 144
181, 145, 147
182, 147, 148
183, 149, 151
151, 150, 153
184, 154, 156
185, 186, 159
159, 187, 157
157, 188, 158
158, 189, 185
185, 159, 158
190, 160, 142
191, 156, 161
164, 192, 193
193, 194, 162
162, 195, 196
196, 163, 162
164, 193, 162
