# Project Zomboid Skinned Mesh
# File Version:
1.0
# Model Name:
Wrench
# Vertex Stride Element Count:
3
# Vertex Stride Size (in bytes):
76
# Vertex Stride Data:
# (Int)    Offset
# (String) Type
0
VertexArray
12
NormalArray
24
TextureCoordArray
# Vertex Count:
172
# Vertex Buffer:
-0.00408414, 0.20182355, -0.01132986
-0.87108982, 0.0, 0.49110386
0.66861033, 0.55691352
-0.00408414, -0.00393286, -0.01132986
-0.87108982, 0.0, 0.49110386
0.50783849, 0.5569135
-0.00408414, -0.00393288, 0.01132986
-0.75768304, 0.13736381, 0.63795894
0.50783849, 0.37294912
0.00408411, -0.00393294, 0.01132985
0.75768304, 0.13736381, 0.63795894
0.30156672, 0.45186329
0.00408411, -0.00393284, -0.01132986
0.87108982, 0.0, 0.49107334
0.3015669, 0.26789892
0.00408411, 0.20182353, -0.01132986
0.87108982, 0.0, 0.49107334
0.46233872, 0.26789904
-0.00408414, -0.00393288, 0.01132986
-0.75768304, 0.13736381, 0.63795894
0.42244256, 0.08412224
0.00408411, -0.00393294, 0.01132985
0.75768304, 0.13736381, 0.63795894
0.42882496, 0.08412218
0.00408411, 0.20182364, 0.01132985
0.75768304, -0.13736381, 0.63795894
0.42882493, 0.26789892
-0.00408414, 0.20182355, -0.01132986
-0.87108982, 0.0, 0.49110386
0.43520737, 0.26789892
0.00408411, 0.20182353, -0.01132986
0.87108982, 0.0, 0.49107334
0.42882496, 0.26789892
0.00408411, -0.00393284, -0.01132986
0.87108982, 0.0, 0.49107334
0.42882496, 0.0841223
0.00408411, -0.03955435, -0.01211328
0.77309489, -0.49668875, 0.3943907
0.3234874, 0.17305857
0.00408411, -0.0405454, -0.01283087
0.78252512, -0.19412825, 0.59154028
0.32307768, 0.17893279
0.00408411, -0.03349665, -0.02426939
0.63930172, 0.04300058, -0.76772362
0.29916763, 0.26789892
0.00408411, -0.03955435, -0.01211328
0.77309489, -0.49668875, 0.3943907
0.66861033, 0.26368219
-0.00408414, -0.03955435, -0.01211327
-0.77309489, -0.49668875, 0.3943907
0.6749928, 0.26368219
-0.00408414, -0.0405454, -0.01283087
-0.78252512, -0.19412825, 0.59154028
0.6749928, 0.26950806
-0.00408414, -0.03955435, -0.01211327
-0.77309489, -0.49668875, 0.3943907
0.40667519, 0.17111915
-0.00408414, -0.02150098, -0.01926665
-0.70381784, 0.28296763, -0.65153968
0.38134262, 0.1182701
-0.00408414, -0.03349666, -0.02426939
-0.63930172, 0.04300058, -0.76772362
0.38235542, 0.07627875
0.00408411, -0.00393284, -0.01132986
0.87108982, 0.0, 0.49107334
0.25606695, 0.55691352
-0.00408414, -0.00393286, -0.01132986
-0.39225441, 0.32535782, 0.86037779
0.25606695, 0.55691352
-0.00408413, -0.03956195, 0.01211311
-0.77303386, -0.49665824, -0.39457381
0.47999901, 0.36659026
-0.00408417, -0.04055304, 0.0128307
-0.78252512, -0.19409773, -0.59157079
0.47922459, 0.3607645
-0.00408417, -0.03350431, 0.02426938
-0.63933223, 0.04300058, 0.76772362
0.48473224, 0.26789886
-0.00408414, -0.02150098, -0.01926665
-0.70381784, 0.28296763, -0.65153968
0.46073711, 0.20346361
0.00408411, -0.02150097, -0.01926665
0.70381784, 0.28296763, -0.65153968
0.45435467, 0.20346361
0.00408411, -0.03349665, -0.02426939
0.63930172, 0.04300058, -0.76772362
0.4543547, 0.16284853
-0.00408414, -0.03349666, -0.02426939
-0.63930172, 0.04300058, -0.76772362
0.64946312, 0.26789886
0.00408411, -0.03349665, -0.02426939
0.63930172, 0.04300058, -0.76772362
0.64308071, 0.26789886
0.00408411, -0.06123085, -0.01619915
0.61293375, -0.5593127, -0.55806148
0.64308071, 0.20238012
0.00408411, -0.00393294, 0.01132985
0.75768304, 0.13736381, 0.63795894
0.4352074, 0.16284853
-0.00408414, -0.00393288, 0.01132986
-0.75768304, 0.13736381, 0.63795894
0.44158983, 0.16284865
-0.00408413, -0.02150859, 0.01926664
-0.70384836, 0.28290659, 0.6515702
0.4415898, 0.22728395
0.00408411, -0.03446058, -8e-08
0.8056581, -0.59236425, -0.00015259
0.66861033, 0.16534048
0.00408411, -0.03956203, 0.01211311
0.77303386, -0.49665824, -0.39457381
0.66861033, 0.06699872
-0.00408413, -0.03956195, 0.01211311
-0.77303386, -0.49665824, -0.39457381
0.67499274, 0.06699872
-0.00408414, -0.03446056, -8e-08
-0.8056581, -0.59236425, -0.00015259
0.48398507, 0.46493196
-0.00408413, -0.02150859, 0.01926664
-0.70384836, 0.28290659, 0.6515702
0.49410537, 0.30851388
0.00408408, -0.04055311, 0.01283069
0.78252512, -0.19412825, -0.59157079
0.66861033, 0.06117296
0.00408411, -0.06215604, -0.01299239
0.56431776, -0.66154975, 0.49382001
0.64308071, 0.17634577
-0.00408414, -0.06215604, -0.01299239
-0.56431776, -0.66154975, 0.49382001
0.64946306, 0.17634577
-0.00408414, -0.06123085, -0.01619915
-0.61293375, -0.5593127, -0.55806148
0.64946306, 0.20238012
-0.00408414, -0.00393286, -0.01132986
-0.39225441, 0.32535782, 0.86037779
0.46073711, 0.26789892
0.00408411, -0.00393284, -0.01132986
0.39225441, 0.32535782, 0.86037779
0.45435467, 0.26789892
-0.00408414, -0.03446056, -8e-08
-0.8056581, -0.59236425, -0.00015259
0.4224425, 0.26789892
-0.00408414, -0.00393286, -0.01132986
-0.39225441, 0.32535782, 0.86037779
0.38084865, 0.18458992
-0.00408414, -0.03446056, -8e-08
-0.8056581, -0.59236425, -0.00015259
0.25606695, 0.55691352
0.00408411, -0.03956203, 0.01211311
0.77303386, -0.49665824, -0.39457381
0.27372724, 0.45822215
0.00408411, -0.02150865, 0.01926664
0.70384836, 0.28290659, 0.6515702
0.28783357, 0.51629856
0.00408408, -0.03350438, 0.02426937
0.63930172, 0.04300058, 0.76772362
0.27846047, 0.55691352
0.00408411, -0.03446058, -8e-08
0.8056581, -0.59236425, -0.00015259
0.27771342, 0.35988045
0.00408411, -0.02150865, 0.01926664
0.70384836, 0.28290659, 0.6515702
0.4352074, 0.2272839
-0.00408417, -0.03350431, 0.02426938
-0.63933223, 0.04300058, 0.76772362
0.44158983, 0.26789892
0.00408411, -0.03446058, -8e-08
0.8056581, -0.59236425, -0.00015259
0.25606695, 0.55691352
-0.00408414, -0.03446056, -8e-08
-0.8056581, -0.59236425, -0.00015259
0.67499274, 0.16534042
0.00408411, -0.03446058, -8e-08
0.8056581, -0.59236425, -0.00015259
0.33925474, 0.07627887
0.00408411, -0.02150097, -0.01926665
0.70381784, 0.28296763, -0.65153968
0.29815483, 0.22590762
-0.00408414, -0.0405454, -0.01283087
-0.78252512, -0.19412825, 0.59154028
0.40626544, 0.16524494
-0.00408414, -0.06123085, -0.01619915
-0.61293375, -0.5593127, -0.55806148
0.4165388, 0.13439626
0.00408411, -0.0405454, -0.01283087
0.78252512, -0.19412825, 0.59154028
0.44797227, 0.16284853
-0.00408414, -0.0405454, -0.01283087
-0.78252512, -0.19412825, 0.59154028
0.44158983, 0.16284853
-0.00408414, -0.06215604, -0.01299239
-0.56431776, -0.66154975, 0.49382001
0.44158983, 0.14348722
0.00408411, -0.06215604, -0.01299239
0.56431776, -0.66154975, 0.49382001
0.33925474, 0.18462527
0.00408411, -0.06123085, -0.01619915
0.61293375, -0.5593127, -0.55806148
0.33335102, 0.20978147
-0.0040842, -0.06216367, 0.01299221
-0.56431776, -0.66154975, -0.49382001
0.66222793, 0.17634445
0.00408405, -0.06216375, 0.01299221
0.56428725, -0.66154975, -0.49382001
0.66861033, 0.17634445
0.00408405, -0.06123857, 0.01619912
0.61293375, -0.55934322, 0.55803096
0.66861033, 0.20238
0.00408408, -0.03350438, 0.02426937
0.63930172, 0.04300058, 0.76772362
0.66861033, 0.2678988
-0.00408417, -0.03350431, 0.02426938
-0.63933223, 0.04300058, 0.76772362
0.66222793, 0.26789886
-0.0040842, -0.0612385, 0.01619913
-0.61293375, -0.5593127, 0.55803096
0.66222793, 0.20238
0.00408408, -0.04055311, 0.01283069
0.78252512, -0.19412825, -0.59157079
0.27295285, 0.46404791
0.00408405, -0.06123857, 0.01619912
0.61293375, -0.55934322, 0.55803096
0.25678983, 0.4913947
0.00408408, -0.04055311, 0.01283069
0.78252512, -0.19412825, -0.59157079
0.4352074, 0.16284853
0.00408405, -0.06216375, 0.01299221
0.56428725, -0.66154975, -0.49382001
0.4352074, 0.14348716
-0.0040842, -0.06216367, 0.01299221
-0.56431776, -0.66154975, -0.49382001
0.4415898, 0.14348727
-0.0040842, -0.06216367, 0.01299221
-0.56431776, -0.66154975, -0.49382001
0.46233869, 0.35945326
-0.0040842, -0.0612385, 0.01619913
-0.61293375, -0.5593127, 0.55803096
0.4630616, 0.33341765
0.00408411, 0.20182364, 0.01132985
0.75768304, -0.13736381, 0.63795894
0.44158983, 0.16284853
0.00408411, 0.21939935, 0.01926664
0.70384836, -0.28290659, 0.6515702
0.44158983, 0.2272839
-0.00408413, 0.21939927, 0.01926664
-0.70384836, -0.28290659, 0.6515702
0.44797224, 0.22728395
-0.00408414, 0.20182355, -0.01132986
-0.87108982, 0.0, 0.49110386
0.70536381, 0.26950806
-0.00408414, 0.20182358, 0.01132986
-0.75768304, -0.13736381, 0.63795894
0.66861033, 0.44860083
-0.00408414, 0.23235124, -8e-08
-0.8056581, 0.59236425, -6.104e-05
0.71020895, 0.3652935
0.00408411, 0.23138735, -0.02426939
0.63930172, -0.04300058, -0.76772362
0.34076154, 0.26789892
0.00408411, 0.2384361, -0.01283087
0.78252512, 0.19409773, 0.59157079
0.36467153, 0.17893279
0.00408411, 0.23744504, -0.01211328
0.77312541, 0.49668875, 0.3943907
0.36508128, 0.17305863
0.00408411, 0.2384361, -0.01283087
0.78252512, 0.19409773, 0.59157079
0.6749928, 0.26950806
-0.00408414, 0.2384361, -0.01283087
-0.78252512, 0.19412825, 0.59154028
0.68137527, 0.26950806
-0.00408414, 0.23744504, -0.01211327
-0.77309489, 0.49668875, 0.3943907
0.68137527, 0.26368219
-0.00408414, 0.23744504, -0.01211327
-0.77309489, 0.49668875, 0.3943907
0.28189349, 0.17111915
-0.00408414, 0.2384361, -0.01283087
-0.78252512, 0.19412825, 0.59154028
0.28148374, 0.16524494
-0.00408414, 0.23138736, -0.02426939
-0.63930172, -0.04300058, -0.76772362
0.25757375, 0.07627875
0.00408411, 0.20182353, -0.01132986
0.87108982, 0.0, 0.49107334
0.25606695, 0.55691352
-0.00408414, 0.20182355, -0.01132986
-0.87108982, 0.0, 0.49110386
0.25606695, 0.55691352
-0.00408417, 0.23139502, 0.02426938
-0.63933223, -0.04300058, 0.76772362
0.67011708, 0.55691352
-0.00408417, 0.23844373, 0.0128307
-0.78252512, 0.19409773, -0.59157079
0.69403213, 0.46794778
-0.00408413, 0.23745264, 0.01211311
-0.77303386, 0.49665824, -0.39457381
0.69444221, 0.46207368
-0.00408414, 0.21939166, -0.01926665
-0.70381784, -0.28296763, -0.65153968
0.45435467, 0.20346361
-0.00408414, 0.23138736, -0.02426939
-0.63930172, -0.04300058, -0.76772362
0.4543547, 0.16284853
0.00408411, 0.23138735, -0.02426939
0.63930172, -0.04300058, -0.76772362
0.44797227, 0.16284853
-0.00408414, 0.23138736, -0.02426939
-0.63930172, -0.04300058, -0.76772362
0.65584552, 0.26789886
-0.00408414, 0.25912154, -0.01619915
-0.61293375, 0.5593127, -0.55806148
0.65584552, 0.20238012
0.00408411, 0.25912154, -0.01619915
0.61293375, 0.5593127, -0.55806148
0.64946306, 0.20238012
0.00408411, 0.23235127, -8e-08
0.8056581, 0.59236425, -0.00015259
0.75180751, 0.46112812
0.00408411, 0.23745272, 0.01211311
0.77303386, 0.49665824, -0.39457381
0.73604077, 0.36434782
0.00408411, 0.21939935, 0.01926664
0.70384836, -0.28290659, 0.6515702
0.71070516, 0.31149936
-0.00408413, 0.23745264, 0.01211311
-0.77303386, 0.49665824, -0.39457381
0.68137521, 0.06699872
0.00408411, 0.23745272, 0.01211311
0.77303386, 0.49665824, -0.39457381
0.6749928, 0.06699872
0.00408411, 0.23235127, -8e-08
0.8056581, 0.59236425, -0.00015259
0.6749928, 0.16534048
-0.00408417, 0.23844373, 0.0128307
-0.78252512, 0.19409773, -0.59157079
0.68137527, 0.0611729
0.00408408, 0.23844381, 0.01283069
0.78252512, 0.19412825, -0.59157079
0.6749928, 0.06117296
-0.00408414, 0.26004675, -0.01299239
-0.56428725, 0.66154975, 0.49382001
0.65584552, 0.17634577
0.00408411, 0.26004675, -0.01299239
0.56428725, 0.66154975, 0.49382001
0.64946306, 0.17634577
-0.00408414, 0.20182355, -0.01132986
-0.39225441, -0.32535782, 0.86037779
0.45435467, 0.26789892
0.00408411, 0.21939166, -0.01926665
0.70381784, -0.28296763, -0.65153968
0.44797227, 0.20346361
-0.00408414, 0.23235124, -8e-08
-0.8056581, 0.59236425, -6.104e-05
0.29766083, 0.26789892
-0.00408414, 0.21939166, -0.01926665
-0.70381784, -0.28296763, -0.65153968
0.25656095, 0.1182701
0.00408411, 0.23235127, -8e-08
0.8056581, 0.59236425, -0.00015259
0.25606695, 0.55691352
0.00408408, 0.23844381, 0.01283069
0.78252512, 0.19412825, -0.59157079
0.73563075, 0.35847378
0.00408408, 0.23139507, 0.02426937
0.63930172, -0.04300058, 0.76772362
0.7117157, 0.26950806
-0.00408414, 0.23235124, -8e-08
-0.8056581, 0.59236425, -6.104e-05
0.25606695, 0.55691352
0.00408408, 0.23139507, 0.02426937
0.63930172, -0.04300058, 0.76772362
0.44158983, 0.26789886
-0.00408417, 0.23139502, 0.02426938
-0.63933223, -0.04300058, 0.76772362
0.44797227, 0.26789892
0.00408411, 0.23744504, -0.01211328
0.77312541, 0.49668875, 0.3943907
0.6749928, 0.26368219
0.00408411, 0.21939166, -0.01926665
0.70381784, -0.28296763, -0.65153968
0.33974874, 0.22590762
0.00408411, 0.23235127, -8e-08
0.8056581, 0.59236425, -0.00015259
0.38084865, 0.07627887
-0.00408414, 0.26004675, -0.01299239
-0.56428725, 0.66154975, 0.49382001
0.29766083, 0.15955245
-0.00408414, 0.25912154, -0.01619915
-0.61293375, 0.5593127, -0.55806148
0.29175711, 0.1343962
0.00408411, 0.26004675, -0.01299239
0.56428725, 0.66154975, 0.49382001
0.46073711, 0.14348716
-0.00408414, 0.26004675, -0.01299239
-0.56428725, 0.66154975, 0.49382001
0.45435467, 0.14348716
-0.00408414, 0.2384361, -0.01283087
-0.78252512, 0.19412825, 0.59154028
0.45435467, 0.16284853
0.00408411, 0.25912154, -0.01619915
0.61293375, 0.5593127, -0.55806148
0.37494493, 0.20978147
0.00408411, 0.26004675, -0.01299239
0.56428725, 0.66154975, 0.49382001
0.38084865, 0.18462527
0.00408405, 0.25912926, 0.01619912
0.61293375, 0.55934322, 0.55803096
0.66222793, 0.20238
0.00408405, 0.26005444, 0.01299221
0.56431776, 0.66154975, -0.49382001
0.66222793, 0.17634445
-0.0040842, 0.26005438, 0.01299221
-0.56428725, 0.66154975, -0.49382001
0.65584552, 0.17634445
0.00408408, 0.23139507, 0.02426937
0.63930172, -0.04300058, 0.76772362
0.66222793, 0.2678988
-0.0040842, 0.2591292, 0.01619913
-0.61293375, 0.55934322, 0.55803096
0.65584552, 0.20238
0.00408405, 0.26005444, 0.01299221
0.56431776, 0.66154975, -0.49382001
0.75180757, 0.35278016
0.00408405, 0.25912926, 0.01619912
0.61293375, 0.55934322, 0.55803096
0.74590224, 0.32762313
-0.0040842, 0.26005438, 0.01299221
-0.56428725, 0.66154975, -0.49382001
0.45435467, 0.14348727
0.00408405, 0.26005444, 0.01299221
0.56431776, 0.66154975, -0.49382001
0.44797227, 0.14348716
0.00408408, 0.23844381, 0.01283069
0.78252512, 0.19412825, -0.59157079
0.44797227, 0.16284853
-0.0040842, 0.2591292, 0.01619913
-0.61293375, 0.55934322, 0.55803096
0.70430362, 0.49879843
-0.0040842, 0.26005438, 0.01299221
-0.56428725, 0.66154975, -0.49382001
0.71020895, 0.4736414
-0.00408413, 0.21939927, 0.01926664
-0.70384836, -0.28290659, 0.6515702
0.66910654, 0.5149222
0.00408411, 0.20182364, 0.01132985
0.75768304, -0.13736381, 0.63795894
0.71020895, 0.37782079
0.00408411, 0.20182353, -0.01132986
0.87108982, 0.0, 0.49107334
0.74696237, 0.55691352
-0.00408414, 0.20182358, 0.01132986
-0.75768304, -0.13736381, 0.63795894
0.66861033, 0.37294918
0.00408411, 0.20182364, 0.01132985
0.75768304, -0.13736381, 0.63795894
0.46233869, 0.45186335
-0.00408414, 0.20182358, 0.01132986
-0.75768304, -0.13736381, 0.63795894
0.4224425, 0.26789886
-0.00408414, -0.00393286, -0.01132986
-0.87108982, 0.0, 0.49110386
0.4352074, 0.0841223
0.00408411, -0.0405454, -0.01283087
0.78252512, -0.19412825, 0.59154028
0.66861033, 0.26950806
-0.00408414, -0.03349666, -0.02426939
-0.63930172, 0.04300058, -0.76772362
0.46073711, 0.16284853
-0.00408417, -0.04055304, 0.0128307
-0.78252512, -0.19409773, -0.59157079
0.6749928, 0.0611729
0.00408408, -0.03350438, 0.02426937
0.63930172, 0.04300058, 0.76772362
0.4352074, 0.26789886
0.00408411, -0.00393284, -0.01132986
0.39225441, 0.32535782, 0.86037779
0.29766083, 0.1595878
-0.00408414, -0.06215604, -0.01299239
-0.56431776, -0.66154975, 0.49382001
0.4224425, 0.15955245
0.00408411, -0.06215604, -0.01299239
0.56431776, -0.66154975, 0.49382001
0.44797227, 0.14348722
0.00408405, -0.06216375, 0.01299221
0.56428725, -0.66154975, -0.49382001
0.25606695, 0.46535915
-0.00408417, -0.04055304, 0.0128307
-0.78252512, -0.19409773, -0.59157079
0.4415898, 0.16284853
-0.00408414, 0.20182358, 0.01132986
-0.75768304, -0.13736381, 0.63795894
0.44797227, 0.16284865
0.00408411, 0.23138735, -0.02426939
0.63930172, -0.04300058, -0.76772362
0.64946306, 0.26789886
-0.00408414, 0.23235124, -8e-08
-0.8056581, 0.59236425, -6.104e-05
0.68137521, 0.16534042
0.00408411, 0.20182353, -0.01132986
0.39225441, -0.32535782, 0.86037779
0.44797227, 0.26789892
-0.00408414, 0.20182355, -0.01132986
-0.39225441, -0.32535782, 0.86037779
0.25606695, 0.18458992
0.00408411, 0.20182353, -0.01132986
0.39225441, -0.32535782, 0.86037779
0.33925474, 0.1595878
0.00408411, 0.2384361, -0.01283087
0.78252512, 0.19409773, 0.59157079
0.46073711, 0.16284853
-0.00408417, 0.23139502, 0.02426938
-0.63933223, -0.04300058, 0.76772362
0.65584552, 0.26789886
-0.00408417, 0.23844373, 0.0128307
-0.78252512, 0.19409773, -0.59157079
0.45435467, 0.16284853
# Number of Faces:
124
# Face Data:
0, 1, 2
3, 4, 5
6, 7, 8
9, 10, 11
12, 13, 14
15, 16, 17
18, 19, 20
21, 21, 22
23, 24, 25
26, 27, 28
29, 30, 31
32, 33, 34
35, 36, 37
38, 23, 39
37, 36, 40
41, 42, 43
44, 45, 27
46, 47, 19
22, 22, 48
1, 38, 2
49, 50, 51
3, 52, 4
53, 34, 54
55, 21, 21
52, 3, 50
35, 56, 16
57, 12, 58
59, 20, 60
61, 62, 63
13, 64, 65
66, 67, 68
69, 70, 71
72, 51, 73
74, 75, 76
24, 77, 78
79, 80, 81
82, 83, 84
85, 86, 87
88, 89, 90
91, 92, 93
94, 95, 95
96, 97, 98
99, 100, 101
102, 103, 104
105, 106, 107
108, 109, 110
108, 111, 112
103, 113, 114
115, 99, 116
117, 91, 118
119, 94, 94
106, 120, 121
95, 122, 95
80, 123, 124
110, 125, 90
126, 87, 127
92, 128, 129
130, 131, 132
133, 134, 86
135, 136, 137
138, 135, 139
120, 140, 141
142, 143, 144
145, 146, 97
147, 98, 84
148, 149, 105
150, 0, 2
151, 3, 5
152, 6, 8
153, 9, 11
58, 12, 14
154, 15, 17
59, 18, 20
22, 21, 22
39, 23, 25
155, 26, 28
43, 29, 31
53, 32, 34
56, 35, 37
2, 38, 39
156, 37, 40
31, 41, 43
26, 44, 27
18, 46, 19
72, 49, 51
157, 53, 54
49, 52, 50
15, 35, 16
158, 57, 58
159, 59, 60
160, 61, 63
14, 13, 65
71, 66, 68
68, 69, 71
161, 72, 73
162, 74, 76
25, 24, 78
163, 79, 81
126, 85, 87
125, 88, 90
118, 91, 93
94, 94, 95
147, 96, 98
116, 99, 101
164, 102, 104
148, 105, 107
165, 108, 110
109, 108, 112
104, 103, 114
166, 115, 116
167, 117, 118
107, 106, 121
81, 80, 124
165, 110, 90
168, 126, 127
93, 92, 129
169, 130, 132
85, 133, 86
139, 135, 137
170, 138, 139
121, 120, 141
171, 142, 144
96, 145, 97
83, 147, 84
