# Project Zomboid Skinned Mesh
# File Version:
1.0
# Model Name:
KingdomStaff_Cube.004
# Vertex Stride Element Count:
3
# Vertex Stride Size (in bytes):
76
# Vertex Stride Data:
# (Int)    Offset
# (String) Type
0
VertexArray
12
NormalArray
24
TextureCoordArray
# Vertex Count:
34
# Vertex Buffer:
0.01199727, 0.65262491, 1.1e-07
0.0, 0.99996948, 0.0
0.47845963, 0.11975801
0.00599862, 0.65262491, -0.00757413
-0.00051881, 0.99996948, -0.00039674
0.47097477, 0.11503267
0.00599862, 0.65262491, 0.00757436
0.0, 1.0, 0.0
0.47097477, 0.12448347
-0.00599865, 0.65262491, 0.00757436
-0.00076296, 0.99996948, -0.00061037
0.4560051, 0.12448347
-0.00601254, 0.65260935, -0.00759178
-0.00128178, 0.99996948, -0.00100711
0.45598775, 0.11502171
-0.01202522, 0.65260935, 1.1e-07
-0.00128178, 0.99996948, -0.00100711
0.4484854, 0.11975801
0.00607077, -0.15918531, -0.00766534
0.34128848, -0.6209296, -0.70564896
0.47106478, 0.11497581
0.01214156, -0.15918531, 2e-08
0.80709249, -0.59041107, 0.0
0.47863963, 0.11975801
0.00607077, -0.15918531, 0.00766538
0.34128848, -0.6209296, 0.70564896
0.47106478, 0.12454033
-0.00607079, -0.15918531, 0.00766538
-0.34128848, -0.6209296, 0.70564896
0.45591509, 0.12454033
-0.01214158, -0.15918531, 2e-08
-0.80706197, -0.59041107, 0.0
0.44834024, 0.11975801
-0.00607079, -0.15918531, -0.00766534
-0.34128848, -0.6209296, -0.70564896
0.45591509, 0.11497581
-0.00607079, -0.15918531, 0.00766538
-0.34128848, -0.6209296, 0.70564896
0.45591509, 0.63907489
0.00607077, -0.15918531, 0.00766538
0.34128848, -0.6209296, 0.70564896
0.47106478, 0.63907489
0.00599862, 0.65262491, 0.00757436
0.43537706, 0.00012207, 0.900235
0.47097477, 0.13260436
-0.00607079, -0.15918531, 0.00766538
-0.34128848, -0.6209296, 0.70564896
0.57346332, 0.63064465
-0.00599865, 0.65262491, 0.00757436
-0.43412581, 0.00012207, 0.90081483
0.57357681, 0.12417412
-0.01202522, 0.65260935, 1.1e-07
-0.99996948, 0.00015259, 0.00152593
0.58302766, 0.12418377
-0.00607079, -0.15918531, -0.00766534
-0.34128848, -0.6209296, -0.70564896
0.53149307, 0.63907489
-0.01214158, -0.15918531, 2e-08
-0.80706197, -0.59041107, 0.0
0.52192861, 0.63907489
-0.01202522, 0.65260935, 1.1e-07
-0.99996948, 0.00015259, 0.00152593
0.52192837, 0.13261414
0.00607077, -0.15918531, -0.00766534
0.34128848, -0.6209296, -0.70564896
0.47106478, 0.63907489
-0.00607079, -0.15918531, -0.00766534
-0.34128848, -0.6209296, -0.70564896
0.45591509, 0.63907489
-0.00601254, 0.65260935, -0.00759178
-0.43455306, 0.00012207, -0.90063173
0.45598775, 0.13261414
0.01199727, 0.65262491, 1.1e-07
1.0, 0.00015259, 0.0
0.52192837, 0.13260436
0.01214156, -0.15918531, 2e-08
0.80709249, -0.59041107, 0.0
0.52192861, 0.63907489
0.00607077, -0.15918531, -0.00766534
0.34128848, -0.6209296, -0.70564896
0.53149307, 0.63907489
0.00607077, -0.15918531, 0.00766538
0.34128848, -0.6209296, 0.70564896
0.51236409, 0.63907489
-0.00599865, 0.65262491, 0.00757436
-0.43412581, 0.00012207, 0.90081483
0.4560051, 0.13260436
-0.01214158, -0.15918531, 2e-08
-0.80706197, -0.59041107, 0.0
0.58302784, 0.63064465
-0.00601254, 0.65260935, -0.00759178
-0.43455306, 0.00012207, -0.90063173
0.53140122, 0.13261414
0.00599862, 0.65262491, -0.00757413
0.43623158, 0.00012207, -0.89980775
0.47097477, 0.13260436
0.00599862, 0.65262491, -0.00757413
0.43623158, 0.00012207, -0.89980775
0.53137922, 0.13260436
0.00599862, 0.65262491, 0.00757436
0.43537706, 0.00012207, 0.900235
0.51247758, 0.13260436
# Number of Faces:
20
# Face Data:
0, 1, 2
3, 4, 5
1, 4, 3
6, 7, 8
9, 10, 11
11, 6, 8
12, 13, 14
15, 16, 17
18, 19, 20
21, 22, 23
24, 25, 26
27, 25, 24
2, 1, 3
9, 11, 8
28, 12, 14
29, 15, 17
30, 18, 20
31, 21, 23
32, 24, 26
33, 27, 24
