# Project Zomboid Skinned Mesh
# File Version:
1.0
# Model Name:
chainsaw.001
# Vertex Stride Element Count:
3
# Vertex Stride Size (in bytes):
76
# Vertex Stride Data:
# (Int)    Offset
# (String) Type
0
VertexArray
12
NormalArray
24
TextureCoordArray
# Vertex Count:
743
# Vertex Buffer:
0.00325003, -0.01919139, 0.00819529
-0.01944029, 0.2875759, 0.95754874
0.5409717, 0.03249466
-0.00852264, -0.01848336, 0.00819529
0.08789331, 0.24460585, 0.96560562
0.56707877, 0.03896517
-0.00863765, -0.02711788, 0.00819526
-0.01474044, -0.33991516, 0.94033629
0.57010543, 0.02539414
0.00325003, -0.01721827, 0.00674405
-0.06549272, 0.88198495, 0.46665853
0.54033887, 0.03560781
0.0064043, -0.01656529, 0.00674405
-0.40916166, 0.77358317, 0.48384044
0.53307366, 0.03520387
0.0064043, -0.01656517, -0.00176399
-0.39399394, 0.75698113, 0.52128667
0.53307366, 0.03520387
0.00325007, -0.02664772, 0.00819527
0.06280709, -0.34681234, 0.93578905
0.54336327, 0.02073008
0.0097192, -0.02468019, 0.00819527
0.20221564, -0.32422864, 0.92410046
0.52826148, 0.02089298
0.00325003, -0.01721822, -0.00176399
-0.0631428, 0.87508774, 0.47975096
0.54033887, 0.03560781
-0.00849636, -0.01651183, -0.00176399
0.32517472, 0.77550584, 0.54109317
0.56638765, 0.04206383
-0.00866245, -0.02897826, -0.00176402
-0.03799554, -0.90224922, 0.42948699
0.57075763, 0.02246994
-0.00866245, -0.02897834, 0.00674402
-0.03762932, -0.90206611, 0.42991424
0.57075763, 0.02246994
-0.01813091, -0.02780075, 0.00674402
-0.41630298, -0.81179237, 0.40946683
0.59155983, 0.02863336
-0.00849636, -0.01651183, 0.00674405
0.37189856, 0.80281991, 0.4659566
0.56638765, 0.04206383
-0.01215088, -0.01321466, -0.00176399
0.69896543, 0.51121557, 0.50004578
0.57350487, 0.04892772
-0.02474591, -0.01795895, 0.00819529
-0.34324166, -0.18964201, 0.91988891
0.60320026, 0.04716963
-0.01581341, -0.00791983, 0.00819532
0.39680165, 0.14865565, 0.90575886
0.57999927, 0.05894738
-0.02874365, 0.0410531, 0.00819545
0.4280526, 0.05948057, 0.90179145
0.59321523, 0.14209586
-0.02590299, -0.01925939, 0.00674404
-0.78328806, -0.47862178, 0.39664906
0.60620552, 0.04564404
-0.02590299, -0.01925936, -0.00176399
-0.784051, -0.46873379, 0.40681174
0.60620552, 0.04564404
-0.01215088, -0.01321469, 0.00674405
0.76332897, 0.52797019, 0.37217322
0.57350487, 0.04892772
-0.01498016, -0.00698327, -0.00176397
0.83281958, 0.2966094, 0.46732995
0.57783502, 0.06004602
-0.0420766, 0.03112594, 0.00819542
-0.35789055, -0.11774041, 0.92629778
0.6262235, 0.13249582
-0.02803016, 0.0605245, 0.0081955
0.41984314, -0.4743492, 0.77373576
0.58537394, 0.1724931
-0.04335638, 0.03017309, 0.00674418
-0.87307352, -0.29108554, 0.39109468
0.62939185, 0.13157439
-0.02784067, 0.04172551, -0.00176383
0.86974698, 0.09671316, 0.48387095
0.59097964, 0.14274609
-0.02784067, 0.04172547, 0.0067442
0.95135349, 0.09146398, 0.29419842
0.59097964, 0.14274609
-0.01274799, -0.0146713, 0.00819529
0.27240822, 0.21887875, 0.93691826
0.57530779, 0.04690117
-0.01740395, -0.02602758, 0.00819527
-0.18259224, -0.33478805, 0.92440563
0.58936501, 0.03110033
0.00325007, -0.02850721, -0.00176402
0.1511887, -0.89474165, 0.42017883
0.54395968, 0.01779628
0.010263, -0.01292959, 0.00674406
-0.81749934, 0.38001648, 0.43269143
0.52327615, 0.03918529
0.010263, -0.01292953, -0.00176397
-0.74620807, 0.3886227, 0.5404523
0.52327615, 0.03918529
0.01587524, -0.02093778, -0.001764
0.79845577, -0.4552446, 0.39390239
0.51329082, 0.02399808
0.0191048, -0.00792385, -0.00176397
0.89684743, -0.12402722, 0.42457351
0.50189245, 0.04306281
0.0191048, -0.00792385, 0.00674407
0.93026519, -0.129429, 0.34327221
0.50189245, 0.04306281
0.00714745, -0.01838461, 0.00819529
-0.11859493, 0.23392437, 0.96496475
0.53199488, 0.03199542
0.01491347, -0.0195655, 0.00819529
0.39197972, -0.18881802, 0.90035707
0.51500189, 0.0266006
0.01121081, -0.00644542, 0.00674407
-0.93334758, 0.03036592, 0.35758537
0.51907635, 0.04898506
0.01121081, -0.00644537, -0.00176397
-0.88006228, 0.03146458, 0.47379985
0.51907635, 0.04898506
0.02094589, 0.05029208, -0.00176381
0.87710196, -0.10177923, 0.46934417
0.47910199, 0.13407761
0.02094589, 0.05029203, 0.00674423
0.95400858, -0.12189092, 0.27378154
0.47910199, 0.13407761
0.01786035, -0.00769082, 0.00819532
0.43275246, -0.05883969, 0.89956361
0.50460148, 0.04399639
0.01246181, -0.00667974, 0.00819532
-0.39017916, 0.01644948, 0.9205603
0.51635307, 0.04804653
0.0070057, 0.05057413, 0.00674423
-0.9155553, -0.30600908, 0.26096377
0.51019406, 0.14086175
0.02664077, 0.07586107, 0.01538243
0.91830194, -0.33640552, 0.20862453
0.85469514, 0.89320235
0.02664077, 0.07586117, -0.00176373
0.9485153, 0.25089267, 0.19318217
0.85469514, 0.89320235
-0.00020465, 0.06711484, -0.00176375
-0.8745079, -0.33552051, 0.35019991
0.76996261, 0.9149462
-0.00020465, 0.06711476, 0.0153824
-0.15875728, -0.93920714, 0.30439162
0.76996261, 0.9149462
0.00637838, 0.05218331, 0.00819547
-0.61970884, -0.48664814, 0.6156804
0.79929525, 0.97267948
-0.06725392, 0.07873191, 0.01538243
-0.75630969, -0.63240457, 0.16736351
0.55833524, 0.88606249
-0.06725392, 0.07873192, 0.00819557
-0.12421034, 0.9922483, 0.0
0.55833524, 0.88606249
0.01039483, -0.02633405, -0.00176402
0.46852016, -0.78792685, 0.3995178
0.52728057, 0.01797605
0.01587524, -0.02093778, 0.00674404
0.79696035, -0.47383037, 0.37452316
0.51329082, 0.02399808
-0.02713606, 0.06095439, -0.00176378
0.70638144, -0.39866328, 0.58485669
0.58323604, 0.17276478
-0.02713606, 0.06095431, 0.00674426
0.84649187, -0.49012727, 0.20783105
0.58323604, 0.17276478
-0.05021754, 0.05176532, 0.00819547
-0.53334147, -0.50132757, 0.68129522
0.60359788, 0.97378661
-0.00866245, -0.0289782, -0.01027206
-0.03762932, -0.90206611, -0.42991424
0.57075763, 0.02246994
-0.08434425, 0.09848945, 0.00854815
-0.87456894, -0.48265022, 0.04626606
0.50439322, 0.79886605
-0.06725392, 0.07873183, 0.02701915
-0.60274059, 0.62019718, 0.50196844
0.55833524, 0.88606249
-0.01886049, 0.06612286, 0.01538239
0.10583819, -0.98403883, 0.1429487
0.7110793, 0.9174116
-0.01886049, 0.06612293, -0.00176375
0.66133612, -0.72237313, 0.2019715
0.7110793, 0.9174116
-0.00020466, 0.07069153, 0.02996968
0.09158605, -0.40781885, 0.90844446
0.76996261, 0.90605354
-0.00020478, 0.09875758, 0.03387013
0.06460769, -0.07409894, 0.99514759
0.76996285, 0.79806001
-0.02489799, 0.09793918, 0.03387012
0.00085452, -0.06955168, 0.99755853
0.69202363, 0.80052526
-0.06725392, 0.07873195, -0.00176372
-0.97192299, -0.15796381, 0.17429121
0.55833524, 0.88606249
0.03438922, 0.10089844, 0.00879752
0.98663288, -0.1543321, 0.05200354
0.87915188, 0.79161118
0.03196562, 0.10089839, 0.02704247
0.89556569, -0.11703848, 0.42921233
0.87150234, 0.79161118
0.02664077, 0.07586102, 0.02701914
0.65935242, -0.62846768, 0.41261023
0.85469514, 0.89320235
-0.04400242, 0.07617356, 0.03003382
-0.12607196, -0.42927337, 0.89431441
0.63172382, 0.89242321
-0.05341307, 0.09821419, 0.03387013
-0.07879879, -0.11004975, 0.99078339
0.60202134, 0.79969564
-0.07916889, 0.09846272, 0.0300571
-0.43305764, -0.28510392, 0.85506761
0.52072835, 0.79894644
0.03004597, 0.12984441, 0.03098916
0.4249092, -0.01849422, 0.90502638
0.86544389, 0.70439976
0.00059753, 0.1286965, 0.03387022
0.04916532, -0.00067141, 0.99877924
0.77249569, 0.70785749
-0.00020465, 0.06711476, 0.02701912
0.16321298, -0.89727467, 0.41013825
0.76996261, 0.9149462
0.02795162, 0.180585, 0.03100704
0.41746268, 0.07773064, 0.90533161
0.85883421, 0.55152404
0.02221854, 0.21261691, 0.02973519
0.33509323, 0.30048525, 0.89297158
0.84073931, 0.43690944
-0.00015719, 0.21960314, 0.0299016
0.05212561, 0.44383067, 0.89455855
0.7701149, 0.41586006
-0.08210941, 0.09848958, -0.03159313
-0.80034792, -0.42820519, -0.41953796
0.51144707, 0.79886605
-0.08434425, 0.09848952, -0.01207543
-0.87704092, -0.47862178, -0.04116947
0.50439322, 0.79886605
-0.094244, 0.12924673, -0.01207534
-0.99102753, 0.1332133, -0.01034577
0.47314715, 0.70619774
-0.03380765, 0.21854211, -0.00176326
-0.11691641, 0.99313331, 0.0
0.66390377, 0.41905636
-0.05201596, 0.21647798, -0.00176327
-0.1126133, 0.99362165, 0.0
0.60643286, 0.42527479
-0.05201596, 0.21647792, 0.00842833
-0.1126133, 0.99362165, 0.0
0.60643286, 0.42527479
-0.07852186, 0.15224004, -0.01207526
-0.93508714, 0.35435042, 0.0
0.52277124, 0.6369217
-0.07852186, 0.1522401, -0.03158392
-0.85814995, 0.34427932, -0.38080996
0.52277124, 0.6369217
-0.0727049, 0.17833431, 0.03017332
-0.50709558, 0.08517716, 0.85763115
0.54113173, 0.55830228
-0.05478903, 0.17809339, 0.03387037
-0.09988708, 0.06210517, 0.99304175
0.5976795, 0.55902863
-0.05220744, 0.21341227, 0.02994049
-0.06411939, 0.40897855, 0.91027558
0.6058284, 0.43451118
-0.07524647, 0.17836851, 0.02701772
-0.93563646, 0.123661, 0.33051544
0.53310966, 0.55819935
-0.07524647, 0.17836857, 0.00854839
-0.98736537, 0.11120945, 0.11267434
0.53310966, 0.55819935
-0.07852186, 0.15223996, 0.00854831
-0.93508714, 0.35435042, 0.0
0.52277124, 0.6369217
0.03091717, 0.18084992, 0.02812672
0.88796657, 0.13779107, 0.43870357
0.86819434, 0.55072588
0.03301356, 0.15487053, 0.02812665
0.89327675, 0.03622547, 0.44798121
0.87481087, 0.62899899
0.03543717, 0.15487058, 0.00988168
0.99700916, 0.0400708, 0.06579791
0.88246042, 0.62899899
-0.00020518, 0.2226453, 0.02701786
0.08044679, 0.9231239, 0.375927
0.76996338, 0.40669453
-0.00020518, 0.22264533, 0.00796095
0.09018219, 0.99591053, 0.0
0.76996338, 0.40669453
-0.03380765, 0.21854208, 0.00796094
-0.11691641, 0.99313331, 0.0
0.66390377, 0.41905636
-0.03277847, 0.12869638, 0.03387022
0.0, 0.0, 0.99996948
0.66715086, 0.70785695
-0.05844234, 0.12897146, 0.03387022
-0.06329539, -0.00259407, 0.99798578
0.5861479, 0.70702738
-0.03433147, 0.15168966, 0.03387029
0.0, 0.0, 1.0
0.66224939, 0.63858062
0.03301362, 0.1299466, 0.02812657
0.89184242, -0.02356029, 0.45167392
0.8748107, 0.70409203
-0.05642667, 0.15196475, 0.03387029
-0.08294931, 0.01562548, 0.99642932
0.59251034, 0.63775128
-0.03433155, 0.17781825, 0.03387037
-0.00091556, 0.05056917, 0.9987182
0.66224951, 0.55985808
0.00059746, 0.15168981, 0.03387029
0.0494705, 0.00079348, 0.99874872
0.77249581, 0.63858116
0.00059739, 0.1778184, 0.03387037
0.04998932, 0.04608295, 0.9976806
0.77249581, 0.55985868
-0.07022427, 0.21441372, 0.02701784
-0.63866085, 0.66350293, 0.38962981
0.54896188, 0.43149352
-0.05201596, 0.21647789, 0.02701785
-0.10367138, 0.91470075, 0.39057589
0.60643286, 0.42527479
0.03543725, 0.12994668, 0.0098816
0.99755853, -0.01922666, 0.06668294
0.88246024, 0.70409214
-0.01931675, 0.06967585, 0.02996752
-0.04544206, -0.43150121, 0.9009369
0.70963925, 0.90857835
-0.03380765, 0.21854205, 0.02701785
-0.10748619, 0.9135716, 0.39213234
0.66390377, 0.41905636
0.0333408, 0.18085, 0.00988176
0.98397779, 0.16580707, 0.0654622
0.87584406, 0.55072588
0.02454404, 0.21493177, 0.00879787
0.73189491, 0.68129522, 0.01126133
0.84807938, 0.42993534
-0.094244, 0.12924658, 0.02701756
-0.94103825, 0.09915464, 0.32337412
0.47314715, 0.70619774
-0.07852186, 0.15223989, 0.02701764
-0.8755455, 0.34931487, 0.33368939
0.52277124, 0.6369217
-0.04305721, 0.07242763, -0.03158524
-0.22675252, -0.87026584, -0.43720818
0.63470727, 0.90173689
-0.01886049, 0.06612305, -0.03158525
-0.08563494, -0.89785457, -0.43186742
0.7110793, 0.9174116
-0.01886049, 0.06612304, -0.01890992
0.10391553, -0.98471022, -0.13974425
0.7110793, 0.9174116
0.02454404, 0.2149317, 0.02701784
0.68837547, 0.62053287, 0.37549973
0.84807938, 0.42993534
-0.08222775, 0.09848936, 0.02703243
-0.80819118, -0.4477981, 0.38242745
0.51107359, 0.79886605
-0.094244, 0.12924664, 0.00854825
-0.9909665, 0.133549, 0.009888
0.47314715, 0.70619774
0.0333408, 0.18085006, -0.00176339
0.9861446, 0.16577655, 0.0
0.87584406, 0.55072588
0.02454404, 0.21493182, -0.00176327
0.72438735, 0.6893521, 0.0
0.84807938, 0.42993534
0.03438922, 0.10089847, -0.00176362
0.98590046, -0.16730247, 0.0
0.87915188, 0.79161118
0.03543717, 0.15487063, -0.00176347
0.99917603, 0.0402234, 0.0
0.88246042, 0.62899899
0.03543725, 0.12994674, -0.00176354
0.99981689, -0.01800592, 0.0
0.88246024, 0.70409214
0.02437987, 0.07872896, 0.02964851
0.32285532, -0.25382245, 0.91174048
0.84755903, 0.88607216
0.0290059, 0.10072257, 0.02999528
0.44761497, -0.08786279, 0.88988924
0.86216074, 0.79214062
-0.09164427, 0.12922655, 0.02995523
-0.54564041, 0.06811731, 0.83523059
0.48135272, 0.70625797
-0.00020518, 0.22264539, -0.00176325
0.09018219, 0.99591053, 0.0
0.76996338, 0.40669453
-0.03384182, 0.21549238, 0.02992444
-0.04760887, 0.41901913, 0.9067049
0.66379589, 0.42824453
-0.07022427, 0.21441381, 0.00889572
-0.68712425, 0.72637105, 0.01403851
0.54896188, 0.43149352
-0.07597269, 0.15220812, 0.03013581
-0.45997497, 0.16568498, 0.87231058
0.53081715, 0.63701767
-0.07794461, 0.17836861, -0.00176339
-0.99633777, 0.08517716, 0.0
0.52459353, 0.55819923
-0.07852186, 0.15223998, -0.00176347
-0.93932921, 0.342967, 0.0
0.52277124, 0.6369217
-0.094244, 0.12924667, -0.00176354
-0.98962373, 0.14365062, 0.0
0.47314715, 0.70619774
-0.08434425, 0.09848948, -0.00176363
-0.87160861, -0.49012727, 0.0
0.50439322, 0.79886605
0.03004591, 0.15461051, 0.03098923
0.42493972, 0.01651051, 0.90505689
0.865444, 0.6297822
-0.07022427, 0.21441381, -0.00176327
-0.67155981, 0.74092835, 0.0
0.54896188, 0.43149352
-0.04290759, 0.28945053, 0.00751439
-0.38254952, -0.011536, 0.9238258
0.20860498, 0.17295337
-0.04052437, 0.21215177, 0.00751406
-0.29059726, -0.63463241, 0.71605581
0.02288246, 0.17952776
0.00905545, 0.21215186, 0.00751406
0.29059726, -0.63463241, 0.71605581
0.02288246, 0.31632149
0.01143796, 0.28945071, 0.00751439
0.38254952, -0.011536, 0.9238258
0.20860498, 0.32289588
0.01284556, 0.3371588, 0.00751459
0.39222389, 0.00714133, 0.91982788
0.32323149, 0.32678008
-0.04431563, 0.33715868, 0.00751459
-0.39222389, 0.00714133, 0.91982788
0.32323149, 0.16906917
-0.04358549, 0.21215177, 0.00445532
-0.70827359, -0.64085817, 0.29593799
0.02288246, 0.1710819
-0.04358549, 0.21215177, -0.00125106
-0.65599537, -0.6765343, 0.33457443
0.02288246, 0.1710819
-0.04596867, 0.28945047, 0.00445565
-0.92342907, -0.02783288, 0.38267159
0.20860498, 0.16450757
-0.04596867, 0.28945047, -0.00125074
-0.89407027, -0.02697836, 0.44703513
0.20860498, 0.16450757
0.00941209, 0.38971883, 0.00751481
0.3854793, 0.03201392, 0.92214727
0.44951493, 0.31730765
-0.04088265, 0.38971877, 0.00751481
-0.3854793, 0.03201392, 0.92214727
0.44951493, 0.17854148
-0.04737672, 0.33715868, 0.00445586
-0.92532122, 0.01635792, 0.37879574
0.32323149, 0.16062331
0.01449909, 0.28945071, 0.00445565
0.92342907, -0.02783288, 0.38267159
0.20860498, 0.33134168
0.01449909, 0.28945071, -0.00125074
0.89407027, -0.02694784, 0.44703513
0.20860498, 0.33134168
0.01590665, 0.33715886, -0.00125053
0.89944148, 0.01605274, 0.43671986
0.32323149, 0.33522594
0.00449837, 0.43904436, 0.00751504
0.41019928, 0.12854396, 0.90285957
0.5680272, 0.30375099
-0.03596935, 0.43904412, 0.00751504
-0.41019928, 0.12854396, 0.90285957
0.5680272, 0.19209826
-0.04394372, 0.38971871, 0.0044561
-0.92159796, 0.07571642, 0.38062686
0.44951493, 0.17009586
-0.04394372, 0.38971871, -0.00125031
-0.89327675, 0.07361065, 0.44337291
0.44951493, 0.17009586
0.01247318, 0.38971889, -0.00125031
0.89327675, 0.07364117, 0.44337291
0.44951493, 0.32575339
0.01247318, 0.38971889, 0.0044561
0.92159796, 0.07571642, 0.38062686
0.44951493, 0.32575339
-0.00460986, 0.457528, 0.00751512
0.35474715, 0.39802241, 0.84600359
0.61243701, 0.27862108
-0.03903045, 0.43904412, 0.00445628
-0.89861751, 0.24924466, 0.36100346
0.5680272, 0.18365246
-0.03903045, 0.43904412, -0.0012501
-0.87670523, 0.25070956, 0.41047394
0.5680272, 0.18365246
0.00755944, 0.43904436, -0.0012501
0.87670523, 0.25074008, 0.41047394
0.5680272, 0.31219679
-0.02686129, 0.45752788, 0.00751512
-0.35474715, 0.39802241, 0.84600359
0.61243701, 0.21722817
-0.00990873, 0.46076941, 0.00751512
0.18451491, 0.50788903, 0.84139532
0.62022519, 0.26400137
-0.02992238, 0.45752788, 0.00445639
-0.72182381, 0.61806083, 0.3112888
0.61243701, 0.20878237
-0.00154877, 0.457528, -0.00125
0.67921996, 0.61995298, 0.39277321
0.61243701, 0.28706688
-0.00154877, 0.457528, 0.00445639
0.72182381, 0.61806083, 0.3112888
0.61243701, 0.28706688
-0.04358549, 0.21215177, -0.00695744
-0.70827359, -0.64085817, -0.29593799
0.02288246, 0.1710819
-0.04052437, 0.21215177, -0.01001618
-0.29059726, -0.63463241, -0.71605581
0.02288246, 0.17952776
-0.01072769, 0.46314287, 0.00445639
0.23749503, 0.92806786, 0.28672141
0.62592793, 0.26174176
-0.01072769, 0.46314287, -0.00125
0.24912259, 0.88470107, 0.39399394
0.62592793, 0.26174176
-0.02074355, 0.46314275, -0.00125
-0.24912259, 0.88467056, 0.39399394
0.62592793, 0.23410732
-0.02074355, 0.46314275, 0.00445639
-0.23749503, 0.92806786, 0.28675193
0.62592793, 0.23410732
-0.02534943, 0.05812516, -0.00025181
0.19376202, 0.9022187, 0.38523513
0.97531903, 0.27239352
-0.00943166, 0.03169231, -0.0002519
0.87246317, -0.29117709, 0.39237648
0.9013111, 0.32197762
-0.00943166, 0.03169231, -0.00176383
0.89681691, -0.29737234, 0.3274636
0.9013111, 0.32197762
-0.03912219, -0.00478878, -0.00025201
-0.57982117, -0.72722554, 0.36729026
0.79917067, 0.22949046
-0.03912219, -0.00478878, -0.00176394
-0.58742028, -0.72969759, 0.34992522
0.79917067, 0.22949046
-0.02836933, -0.0055548, -0.00176394
0.64320809, -0.69066441, 0.33051544
0.7970255, 0.26298583
-0.04940194, 0.03576144, 0.00151334
-0.3968932, -0.09320353, 0.91308326
0.91270459, 0.197469
-0.03795558, -0.00311323, 0.00151322
-0.29728079, -0.34577471, 0.88995028
0.80386186, 0.23312443
-0.02994684, -0.00368381, 0.0015132
0.31049532, -0.30576494, 0.90002137
0.80226409, 0.25807196
-0.02836943, 0.02394277, -0.00025192
0.77156895, -0.50315869, 0.38920256
0.879614, 0.26298583
-0.02836933, -0.0055548, -0.00025201
0.6261788, -0.67729729, 0.38618121
0.7970255, 0.26298583
-0.02836933, -0.0055548, -0.00327588
0.6261788, -0.67729729, -0.38618121
0.7970255, 0.26298583
-0.02836943, 0.02394277, -0.00327578
0.77156895, -0.50315869, -0.38920256
0.879614, 0.26298583
-0.05220661, 0.03964923, -0.00025187
-0.86452836, 0.30497146, 0.39939573
0.92358971, 0.18873245
-0.02534943, 0.05812516, -0.00176374
0.19956054, 0.92229986, 0.33094272
0.97531903, 0.27239352
-0.01185852, 0.03256915, 0.00151333
0.40711692, -0.12305063, 0.90502638
0.90376633, 0.31441784
-0.02581341, 0.05574257, 0.00151341
0.09988708, 0.42478713, 0.89974672
0.96864796, 0.27094823
-0.04916007, 0.03968155, 0.00151336
-0.30497146, 0.25717947, 0.91695911
0.92368031, 0.19822252
-0.05220661, 0.03964923, -0.00176381
-0.88360238, 0.31348613, 0.34778893
0.92358971, 0.18873245
0.00325003, -0.01919134, -0.01172328
-0.01944029, 0.2875759, -0.95754874
0.5409717, 0.03249466
0.00325007, -0.0266477, -0.01172328
0.06280709, -0.34681234, -0.93578905
0.54336327, 0.02073008
-0.00863765, -0.02711774, -0.0117233
-0.01474044, -0.33988464, -0.94033629
0.57010543, 0.02539414
-0.01813091, -0.02780069, -0.00176402
-0.42527542, -0.82064271, 0.38157293
0.59155983, 0.02863336
-0.00849636, -0.01651178, -0.01027203
0.37189856, 0.80281991, -0.4659566
0.56638765, 0.04206383
-0.01215088, -0.01321466, -0.01027201
0.76335949, 0.52797019, -0.37217322
0.57350487, 0.04892772
0.00714745, -0.01838455, -0.01172328
-0.11856441, 0.23389386, -0.96496475
0.53199488, 0.03199542
0.0097192, -0.02468005, -0.01172328
0.20221564, -0.32422864, -0.92410046
0.52826148, 0.02089298
0.0064043, -0.01656508, -0.01027201
-0.40919217, 0.77358317, -0.48384044
0.53307366, 0.03520387
0.00325003, -0.01721816, -0.01027203
-0.06549272, 0.88198495, -0.46668905
0.54033887, 0.03560781
-0.01740395, -0.02602755, -0.01172328
-0.18259224, -0.33478805, -0.92440563
0.58936501, 0.03110033
-0.01274799, -0.01467114, -0.01172326
0.27240822, 0.21890926, -0.93691826
0.57530779, 0.04690117
-0.04335638, 0.03017317, -0.00176386
-0.85079503, -0.28260139, 0.44297618
0.62939185, 0.13157439
-0.04335638, 0.03017323, -0.0102719
-0.87307352, -0.29108554, -0.39109468
0.62939185, 0.13157439
-0.01498016, -0.00698321, -0.01027201
0.89458907, 0.3104648, -0.3213599
0.57783502, 0.06004602
-0.02474591, -0.01795883, -0.01172326
-0.34324166, -0.18964201, -0.91988891
0.60320026, 0.04716963
-0.01581341, -0.00791966, -0.01172324
0.39683217, 0.14868617, -0.90575886
0.57999927, 0.05894738
-0.02784067, 0.04172556, -0.01027188
0.95135349, 0.09146398, -0.29419842
0.59097964, 0.14274609
-0.0420766, 0.03112609, -0.01172314
-0.35789055, -0.11774041, -0.92629778
0.6262235, 0.13249582
-0.02874365, 0.04105321, -0.01172312
0.4280526, 0.05948057, -0.90179145
0.59321523, 0.14209586
0.01039483, -0.02633402, -0.01027205
0.46311837, -0.78856778, -0.40452284
0.52728057, 0.01797605
-0.02590299, -0.01925928, -0.01027203
-0.78328806, -0.47862178, -0.39664906
0.60620552, 0.04564404
-0.01813091, -0.0278006, -0.01027206
-0.41630298, -0.81176186, -0.40946683
0.59155983, 0.02863336
0.01587524, -0.02093769, -0.01027204
0.79696035, -0.47383037, -0.37455368
0.51329082, 0.02399808
0.01246181, -0.00667971, -0.01172323
-0.39017916, 0.01644948, -0.9205603
0.51635307, 0.04804653
0.01786035, -0.00769069, -0.01172324
0.43275246, -0.05883969, -0.89956361
0.50460148, 0.04399639
0.01491347, -0.01956545, -0.01172328
0.39197972, -0.18881802, -0.90035707
0.51500189, 0.0266006
0.010263, -0.0129295, -0.01027201
-0.81749934, 0.38001648, -0.43269143
0.52327615, 0.03918529
0.0191048, -0.00792385, -0.01027201
0.93026519, -0.129429, -0.34327221
0.50189245, 0.04306281
0.0082413, 0.05054919, -0.0117231
-0.31461531, -0.13568529, -0.93945128
0.50743836, 0.14026052
0.01969488, 0.05031746, -0.0117231
0.33823663, -0.10495315, -0.9351787
0.48189226, 0.13468647
0.01121081, -0.00644529, -0.01027201
-0.93334758, 0.03036592, -0.35761589
0.51907635, 0.04898506
0.00640797, 0.05210753, -0.01172309
-0.61729789, -0.49043244, -0.61513108
0.79939753, 0.97288089
-0.00020465, 0.0671149, -0.01890992
-0.15936765, -0.93899351, -0.30475783
0.76996261, 0.9149462
0.02664077, 0.07586125, -0.01890989
0.91830194, -0.33640552, -0.20853297
0.85469514, 0.89320235
0.02102966, 0.05212688, -0.01172309
0.68358409, -0.2971282, -0.66661578
0.84995651, 0.97283007
-0.06725392, 0.07873206, -0.01890988
-0.74529254, -0.64857936, -0.15436262
0.55833524, 0.88606249
-0.05029149, 0.05195216, -0.0117231
-0.54200876, -0.4877468, -0.68431652
0.60334218, 0.97329114
-0.04958279, 0.05016201, -0.00176381
-0.8031556, -0.35651723, 0.47724846
0.60579264, 0.97804062
0.01132647, -0.01444706, -0.01172326
-0.23850214, 0.1441084, -0.96035647
0.52138394, 0.03630745
-0.02624745, 0.06229363, -0.01172305
0.63713491, -0.7651906, 0.09219642
0.68648183, 0.94585492
-0.02803016, 0.06052453, -0.01172307
0.42918178, -0.46732995, -0.77291179
0.68031758, 0.95054834
-0.06725392, 0.07873212, -0.03158523
-0.49272135, -0.76253545, -0.4191412
0.55833524, 0.88606249
-0.05341307, 0.09821446, -0.03317589
0.0, 0.0, -1.0
0.32631814, 0.80781499
-0.02489799, 0.09793945, -0.03317589
-0.12479018, -0.25486007, -0.95886105
0.23631588, 0.80864465
-0.01913857, 0.06828859, -0.03317599
-0.04159673, -0.34159368, -0.93890196
0.21813798, 0.92014717
0.02664077, 0.07586132, -0.03158523
0.65935242, -0.62642294, -0.41569263
0.85469514, 0.89320235
0.03182887, 0.10089861, -0.0315992
0.92214727, -0.23453474, -0.30759606
0.87107056, 0.79161118
0.03438922, 0.10089852, -0.01232477
0.98672444, -0.15396588, -0.05145421
0.87915188, 0.79161118
-0.00020465, 0.06711496, -0.03158525
0.16116825, -0.8856166, -0.43552965
0.76996261, 0.9149462
-0.00020466, 0.06929524, -0.03317599
0.06631672, -0.33106479, -0.94125187
0.15837684, 0.91764516
-0.00020478, 0.09875783, -0.03317588
0.01956236, -0.39863276, -0.91689807
0.15837666, 0.8061794
0.03002439, 0.10079132, -0.03317586
0.30961028, -0.52653587, -0.79174167
0.06296444, 0.80005375
-0.02647023, 0.10638329, -0.04238952
-0.48512223, -0.47181615, -0.73619801
0.24127823, 0.78320411
-0.00020482, 0.10720177, -0.04238952
0.02188177, -0.44776756, -0.89385664
0.15837666, 0.78073899
0.03180626, 0.1024041, -0.0348186
0.70598465, -0.56001467, -0.43351543
0.05734006, 0.79519446
0.03266748, 0.10934247, -0.04238952
0.68880278, -0.33301798, -0.64387953
0.05462161, 0.77429023
0.03266742, 0.1299469, -0.04430814
0.70094913, -0.04025391, -0.71202737
0.05462143, 0.71221143
-0.03406937, 0.12698767, -0.04430814
-0.71614736, -0.14737388, -0.68218023
0.2652632, 0.72112519
-0.00020488, 0.12780614, -0.04430814
0.00210578, -0.0469985, -0.99887079
0.15837657, 0.71866024
-0.03406943, 0.15191162, -0.04430807
-0.69872129, 0.0, -0.71535385
0.26526311, 0.64603215
-0.00020495, 0.15273008, -0.04430806
0.0, 0.0, -0.99996948
0.15837643, 0.64356709
0.03266735, 0.15487079, -0.04430806
0.71535385, 0.02880947, -0.6981414
0.05462128, 0.6371184
-0.03406952, 0.177891, -0.04430799
-0.67845696, 0.09170812, -0.72884303
0.26526302, 0.56775904
-0.00020505, 0.18557759, -0.04430797
-0.00668355, 0.16641743, -0.98602253
0.15837634, 0.54460126
0.03057099, 0.18085019, -0.04430798
0.68239385, 0.17587817, -0.70949429
0.06123796, 0.55884522
-0.06428772, 0.12897173, -0.03317579
0.0, 0.0, -1.0
0.36064145, 0.71514666
-0.03433141, 0.12869662, -0.03317579
-0.66331983, -0.08957183, -0.74294257
0.26609024, 0.71597633
-0.05642667, 0.15196501, -0.03317572
0.0, 0.0, -1.0
0.3358292, 0.64587063
-0.03433147, 0.15168993, -0.03317572
-0.69872129, 0.0, -0.71535385
0.26609015, 0.64670002
0.02549896, 0.20857972, -0.03493938
0.67845696, 0.36582538, -0.63704336
0.07724616, 0.45719332
0.03057099, 0.18085015, -0.03585171
0.99084443, 0.1309244, -0.03238014
0.06123796, 0.55884522
-0.05478903, 0.17809363, -0.03317564
0.0, 0.0, -1.0
0.33066002, 0.56714803
-0.03433155, 0.17781849, -0.03317565
-0.69725639, 0.00448622, -0.71678823
0.2660901, 0.56797743
-0.05201596, 0.21647809, -0.03158371
-0.10284737, 0.9074679, -0.40726951
0.60643286, 0.42527479
-0.05201596, 0.21647803, -0.01195486
-0.1126133, 0.99362165, 0.0
0.60643286, 0.42527479
-0.03380765, 0.21854217, -0.01148744
-0.11691641, 0.99313331, 0.0
0.66390377, 0.41905636
0.03078041, 0.18085015, -0.03268294
0.98580891, 0.14319284, -0.08725242
0.86776274, 0.55072588
0.0333408, 0.18085007, -0.01340854
0.98397779, 0.16580707, -0.0654622
0.87584406, 0.55072588
0.03543717, 0.15487067, -0.01340861
0.99700916, 0.0400708, -0.06579791
0.88246042, 0.62899899
0.03287692, 0.12994686, -0.03268309
0.9949339, -0.01977599, -0.09848323
0.8743791, 0.70409203
0.03543725, 0.12994678, -0.01340868
0.99755853, -0.01922666, -0.06668294
0.88246024, 0.70409214
0.02454404, 0.21493186, -0.01232441
0.73213905, 0.68102056, -0.01178014
0.84807938, 0.42993534
-0.00020518, 0.22264542, -0.01148743
0.09018219, 0.99591053, 0.0
0.76996338, 0.40669453
-0.00020518, 0.22264548, -0.03158369
0.07422101, 0.8685568, -0.48994416
0.76996338, 0.40669453
0.03266735, 0.15487078, -0.03585178
0.99862665, 0.04025391, -0.03299051
0.05462128, 0.6371184
0.03266742, 0.12994687, -0.03585187
0.99932861, -0.01727348, -0.03183081
0.05462143, 0.71221143
-0.00020516, 0.21652402, -0.03475745
0.02603229, 0.38999602, -0.92040771
0.1583761, 0.43325722
-0.07524647, 0.17836866, -0.01207519
-0.98736537, 0.11120945, -0.11267434
0.53310966, 0.55819935
-0.07022427, 0.21441396, -0.03158372
-0.63960689, 0.66261786, -0.38959929
0.54896188, 0.43149352
-0.07022427, 0.21441387, -0.01242226
-0.68712425, 0.72637105, -0.01403851
0.54896188, 0.43149352
0.00905545, 0.21215191, -0.01001618
0.29062778, -0.63460189, -0.71605581
0.02288246, 0.31632149
-0.04290759, 0.28945053, -0.01001586
-0.38254952, -0.011536, -0.9238258
0.20860498, 0.17295337
-0.04737672, 0.33715868, -0.00125053
-0.89944148, 0.01605274, 0.43671986
0.32323149, 0.16062331
-0.04737672, 0.3371588, -0.00695691
-0.92532122, 0.01638844, -0.37879574
0.32323149, 0.16062331
-0.04596867, 0.28945053, -0.00695711
-0.92342907, -0.02783288, -0.38267159
0.20860498, 0.16450757
0.01449909, 0.28945071, -0.00695711
0.92342907, -0.02783288, -0.38267159
0.20860498, 0.33134168
0.01211655, 0.21215189, -0.00125106
0.65599537, -0.6765343, 0.33457443
0.02288246, 0.32476723
-0.04394372, 0.38971871, -0.00695667
-0.92159796, 0.07571642, -0.38062686
0.44951493, 0.17009586
0.01590665, 0.33715886, -0.00695691
0.92532122, 0.01638844, -0.37879574
0.32323149, 0.33522594
-0.04431563, 0.33715868, -0.01001564
-0.39222389, 0.00714133, -0.91982788
0.32323149, 0.16906917
0.01284556, 0.33715886, -0.01001564
0.39222389, 0.00714133, -0.91982788
0.32323149, 0.32678008
0.01143796, 0.28945071, -0.01001586
0.38254952, -0.011536, -0.9238258
0.20860498, 0.32289588
-0.03903045, 0.43904424, -0.00695645
-0.89861751, 0.24924466, -0.36100346
0.5680272, 0.18365246
0.01247318, 0.38971889, -0.00695667
0.92159796, 0.07574694, -0.38062686
0.44951493, 0.32575339
-0.04088265, 0.38971883, -0.01001542
-0.3854793, 0.03201392, -0.92214727
0.44951493, 0.17854148
0.00941209, 0.38971889, -0.01001542
0.3854793, 0.03201392, -0.92214727
0.44951493, 0.31730765
-0.02992238, 0.45752788, -0.00125
-0.67921996, 0.61995298, 0.39277321
0.61243701, 0.20878237
-0.02992238, 0.45752788, -0.00695638
-0.72182381, 0.61806083, -0.3112888
0.61243701, 0.20878237
0.00755944, 0.43904436, -0.00695645
0.89861751, 0.24927518, -0.36100346
0.5680272, 0.31219679
-0.03596935, 0.43904424, -0.01001521
-0.41019928, 0.12854396, -0.90285957
0.5680272, 0.19209826
0.00449837, 0.43904436, -0.01001521
0.41019928, 0.12854396, -0.90285957
0.5680272, 0.30375099
-0.02074355, 0.46314275, -0.00695638
-0.23752555, 0.92806786, -0.28672141
0.62592793, 0.23410732
-0.00154877, 0.457528, -0.00695638
0.72182381, 0.61806083, -0.3112888
0.61243701, 0.28706688
-0.02686129, 0.457528, -0.01001514
-0.35474715, 0.39802241, -0.84597307
0.61243701, 0.21722817
-0.00460986, 0.45752805, -0.01001514
0.35474715, 0.39802241, -0.84597307
0.61243701, 0.27862108
-0.01072769, 0.46314287, -0.00695638
0.23749503, 0.92806786, -0.28672141
0.62592793, 0.26174176
-0.0215625, 0.46076941, -0.01001511
-0.18454543, 0.50788903, -0.84139532
0.62022519, 0.23184788
-0.00990873, 0.46076941, -0.01001511
0.18451491, 0.50788903, -0.84139532
0.62022519, 0.26400137
-0.05220661, 0.03964923, -0.00327572
-0.86452836, 0.30497146, -0.39939573
0.92358971, 0.18873245
-0.03912219, -0.00478878, -0.00327588
-0.57982117, -0.72722554, -0.36729026
0.79917067, 0.22949046
-0.02994684, -0.00368381, -0.00504111
0.31049532, -0.30576494, -0.90002137
0.80226409, 0.25807196
-0.03795558, -0.00311323, -0.0050411
-0.29728079, -0.34577471, -0.88995028
0.80386186, 0.23312443
-0.04940194, 0.03576147, -0.00504097
-0.3968932, -0.09320353, -0.91308326
0.91270459, 0.197469
-0.00943166, 0.03169231, -0.00327575
0.87246317, -0.29117709, -0.39237648
0.9013111, 0.32197762
-0.02836943, 0.02394277, -0.00176386
0.63924068, -0.42909023, 0.63814205
0.879614, 0.26298583
-0.02534943, 0.05812518, -0.00327566
0.19376202, 0.9022187, -0.38523513
0.97531903, 0.27239352
-0.01185852, 0.03256918, -0.00504098
0.40714744, -0.12305063, -0.90502638
0.90376633, 0.31441784
-0.02821051, 0.02587788, -0.005041
0.19995728, -0.28193, -0.93835258
0.88503182, 0.2634809
-0.04916007, 0.03968155, -0.00504095
-0.30497146, 0.25717947, -0.91695911
0.92368031, 0.19822252
-0.07524647, 0.17836873, -0.03158385
-0.91811883, 0.12134159, -0.37717825
0.53310966, 0.55819935
0.03287683, 0.15487073, -0.03268303
0.99426252, 0.0400708, -0.09884945
0.8743791, 0.62899899
-0.00840937, 0.1858108, -0.05041229
0.16162603, -0.88558608, -0.43540758
0.71054703, 0.25232649
-0.00356384, 0.1858108, -0.04701992
0.37668997, -0.8692587, -0.32004762
0.71231747, 0.26268697
-0.00840937, 0.18581074, -0.04394142
-0.12045655, -0.94228947, 0.31232643
0.71412754, 0.25232649
0.0006869, 0.1962643, -0.04227746
0.92294079, 0.30625325, -0.23313089
0.69854742, 0.27177572
0.00068691, 0.18781164, -0.04227749
0.92294079, -0.30625325, -0.23313089
0.71214521, 0.27177572
-0.00278104, 0.18781164, -0.04842516
0.69759208, -0.30860317, -0.64659566
0.70880944, 0.26436073
-0.03786063, 0.18581066, -0.04394142
0.0, -0.90536213, 0.42460403
0.71412754, 0.18935508
-0.07328019, 0.18581048, -0.04394142
0.0, -0.90536213, 0.42460403
0.71412754, 0.11362261
-0.07328019, 0.18581051, -0.05041229
0.0, -0.92153692, -0.38822597
0.71054703, 0.11362261
-0.00840939, 0.19626418, -0.02671933
-0.72768337, 0.237434, 0.64348274
0.70656472, 0.25232649
-0.00840939, 0.19626427, -0.04227746
-0.64571065, 0.44471571, 0.62068546
0.69854742, 0.25232649
-0.00840938, 0.18781161, -0.04227749
-0.64571065, -0.44471571, 0.62068546
0.71214521, 0.25232649
-0.07328022, 0.19826481, -0.05041226
0.0, 0.92153692, -0.38822597
0.69336319, 0.11362261
-0.08732248, 0.19826475, -0.05041226
-0.15707877, 0.88665426, -0.43488875
0.69336319, 0.08359808
-0.08732248, 0.19826469, -0.0439414
0.11993774, 0.94204533, 0.31321147
0.69477165, 0.08359808
-0.00088863, 0.19826508, -0.02671931
0.34232613, 0.70528275, 0.62074649
0.70154554, 0.26840705
-0.00088863, 0.19826517, -0.04227746
0.47984251, 0.86584061, -0.14142278
0.69519967, 0.26840705
-0.00694805, 0.19826511, -0.04227746
-0.353679, 0.92794579, 0.11743522
0.69519967, 0.25545108
-0.00840939, 0.19826511, -0.05041226
0.16159551, 0.88558608, -0.43537706
0.69336319, 0.25232649
-0.03786067, 0.19826499, -0.05041226
0.0, 0.92153692, -0.38819546
0.69336319, 0.18935508
-0.03786067, 0.19826496, -0.0439414
0.0, 0.90536213, 0.42460403
0.69477165, 0.18935508
-0.0008886, 0.18581074, -0.02671935
0.34232613, -0.70528275, 0.62074649
0.73009527, 0.26840705
-0.00840938, 0.18781152, -0.02671935
-0.72768337, -0.237434, 0.64348274
0.72599059, 0.25232649
-0.00694802, 0.18581074, -0.02671935
-0.35602894, -0.70094913, 0.61796927
0.73009527, 0.25545108
-0.00694802, 0.1858108, -0.04227751
-0.35364848, -0.92794579, 0.11743522
0.71519917, 0.25545108
-0.0008886, 0.18581083, -0.04227751
0.47987303, -0.86584061, -0.14142278
0.71519917, 0.26840705
-0.00356387, 0.19826511, -0.0470199
0.37665945, 0.86928922, -0.32004762
0.69405568, 0.26268697
-0.07328022, 0.19826478, -0.0439414
0.0, 0.90536213, 0.42460403
0.69477165, 0.11362261
-0.03786066, 0.19626412, -0.04227746
0.0, 0.33994567, 0.94042784
0.69854742, 0.18935508
-0.03786065, 0.18781146, -0.04227749
0.0, -0.33994567, 0.94042784
0.71214521, 0.18935508
-0.03786063, 0.18581069, -0.05041229
0.0, -0.92153692, -0.38822597
0.71054703, 0.18935508
-0.00840938, 0.18781164, -0.05236559
0.2700583, -0.34635457, -0.89837337
0.70704055, 0.25232649
-0.00840939, 0.1962643, -0.05236557
0.2700583, 0.34635457, -0.89837337
0.69574809, 0.25232649
-0.00278106, 0.19626433, -0.04842515
0.69756156, 0.30863369, -0.64659566
0.69671065, 0.26436073
-0.09253509, 0.19826472, -0.04686343
-0.3592639, 0.87640005, -0.32062745
0.69408983, 0.07245278
-0.07328021, 0.19626394, -0.04227746
0.0, 0.33994567, 0.94042784
0.69854742, 0.11362261
-0.07328019, 0.18781129, -0.04227749
0.0, -0.33994567, 0.94042784
0.71214521, 0.11362261
0.00068691, 0.18781161, -0.02671935
0.72579122, -0.25144199, 0.64027834
0.72599059, 0.27177572
-0.03786065, 0.18781149, -0.05236559
0.0, -0.37711722, -0.9261452
0.70704055, 0.18935508
-0.09685726, 0.18781117, -0.04227749
-0.88879055, -0.32642597, -0.32166508
0.71214509, 0.06321126
-0.09685728, 0.19626382, -0.04227746
-0.88879055, 0.32642597, -0.32166508
0.69854736, 0.06321126
-0.09356607, 0.19626385, -0.04811482
-0.69508958, 0.31788081, -0.64479506
0.69679272, 0.07024825
-0.08732245, 0.18581039, -0.04394142
0.11996826, -0.94204533, 0.31321147
0.71412754, 0.08359808
-0.07328021, 0.19626397, -0.05236557
0.0, 0.37711722, -0.9261452
0.69574809, 0.11362261
-0.07328019, 0.18781134, -0.05236559
0.0, -0.37711722, -0.9261452
0.70704055, 0.11362261
-0.08732245, 0.18781126, -0.05236559
-0.26456496, -0.347087, -0.8997162
0.70704055, 0.08359808
-0.08732247, 0.19626385, -0.04227746
0.59126562, 0.41309854, 0.69258708
0.69854736, 0.08359808
-0.08732245, 0.18781123, -0.04227749
0.59126562, -0.41309854, 0.69258708
0.71214509, 0.08359808
-0.10210473, 0.18781105, -0.01623906
-0.93527025, -0.34177679, -0.09173864
0.74475169, 0.05199134
-0.09256994, 0.19626376, -0.01623904
0.94326609, 0.31785026, 0.0957976
0.71895659, 0.07237822
-0.09256992, 0.18781108, -0.01623906
0.94326609, -0.31781974, 0.0957976
0.74475169, 0.07237822
-0.08880229, 0.18581039, -0.04227751
0.36805323, -0.91485333, 0.16589862
0.71519911, 0.08043402
-0.09404977, 0.18581027, -0.01623907
0.4258858, -0.90383619, 0.04095584
0.74960846, 0.06921411
-0.10036816, 0.18581024, -0.01623907
-0.43519396, -0.89916682, -0.04531999
0.74960846, 0.0557043
-0.08880233, 0.19826469, -0.04227746
0.36805323, 0.91485333, 0.16589862
0.69519967, 0.08043402
-0.09512073, 0.19826469, -0.04227746
-0.43208104, 0.88500625, -0.1732841
0.69519967, 0.06692427
-0.10036819, 0.19826451, -0.01623904
-0.43519396, 0.89916682, -0.04531999
0.71158946, 0.0557043
-0.09256994, 0.19626364, 0.00700795
0.94970548, 0.31305888, 0.0
0.88103467, 0.07237822
-0.09256992, 0.18781102, 0.00700793
0.94970548, -0.31302837, 0.0
0.85707921, 0.07237822
-0.09356606, 0.18781123, -0.04811483
-0.69508958, -0.31791133, -0.64479506
0.70895976, 0.07024825
-0.10036819, 0.19826442, 0.00700796
-0.41502121, 0.9097873, 0.0
0.89212161, 0.0557043
-0.0940498, 0.19826445, 0.00700796
0.45017853, 0.89291054, 0.0
0.89212161, 0.06921411
-0.09512069, 0.18581036, -0.04227751
-0.43205053, -0.88500625, -0.1732841
0.71519911, 0.06692427
-0.09253506, 0.18581042, -0.04686347
-0.3592639, -0.87640005, -0.32065797
0.71240443, 0.07245278
-0.09256994, 0.19626358, 0.02704654
0.94970548, 0.31305888, 0.0
0.94209164, 0.07237822
-0.09256992, 0.18781093, 0.02704651
0.94970548, -0.31302837, 0.0
0.92091638, 0.07237822
-0.10210473, 0.18781093, 0.00700793
-0.93679619, -0.34983367, 0.0
0.85707927, 0.05199134
-0.10210475, 0.19626364, 0.00700795
-0.93679619, 0.34983367, 0.0
0.88103467, 0.05199134
-0.10036819, 0.19826436, 0.02704654
-0.41502121, 0.9097873, 0.0
0.94767696, 0.0557043
-0.0940498, 0.19826439, 0.02704654
0.45017853, 0.89291054, 0.0
0.94767696, 0.06921411
-0.09404977, 0.18581018, 0.00700792
0.45017853, -0.89291054, 0.0
0.85407078, 0.06921411
-0.10036816, 0.18581012, 0.00700792
-0.41502121, -0.9097873, 0.0
0.85407078, 0.0557043
-0.09256994, 0.19626355, 0.04119295
0.64448988, 0.45377973, -0.61537522
0.95118213, 0.07237822
-0.10210473, 0.18781087, 0.02704651
-0.93679619, -0.34983367, 0.0
0.92091638, 0.05199134
-0.10036819, 0.1982643, 0.04119295
-0.44026002, 0.8939482, 0.08365124
0.95490474, 0.0557043
-0.0940498, 0.19826433, 0.04119295
0.35383159, 0.93029571, -0.09631641
0.95490474, 0.06921411
-0.09404977, 0.18581009, 0.02704651
0.45017853, -0.89291054, 0.0
0.91655201, 0.06921411
-0.10036816, 0.18581006, 0.02704651
-0.41502121, -0.9097873, 0.0
0.91655201, 0.0557043
-0.09302098, 0.19797906, 0.05042613
-0.12854396, 0.87545395, 0.46586505
0.95696282, 0.07141382
-0.07023339, 0.19797918, 0.05042613
0.0, 0.90395826, 0.42756432
0.95696282, 0.12013716
-0.0698636, 0.19821304, 0.04285606
0.00045778, 0.91225928, -0.40955839
0.95534265, 0.12092787
-0.10210475, 0.19626355, 0.02704654
-0.93679619, 0.34983367, 0.0
0.94209164, 0.05199134
-0.10210473, 0.18781081, 0.04119292
-0.93844414, -0.32627338, 0.11328471
0.93620032, 0.05199134
-0.09852293, 0.19802618, 0.04742527
-0.38175604, 0.86031675, 0.33774835
0.95630991, 0.05964983
-0.09404977, 0.18581003, 0.04119292
0.35825679, -0.91637927, -0.17853329
0.93287539, 0.06921411
-0.10036816, 0.18580997, 0.04119292
-0.45219275, -0.89184242, 0.01159703
0.93287539, 0.0557043
-0.05785102, 0.19797924, 0.05042613
0.0, 0.90395826, 0.42756432
0.95696282, 0.14661258
-0.05748122, 0.19821313, 0.04285575
0.0, 0.91039765, -0.41367841
0.95534253, 0.14740324
-0.09302134, 0.18477973, 0.05043436
-0.11572619, -0.91903442, 0.37672049
0.93765467, 0.07141298
-0.09265085, 0.18562534, 0.04284975
0.12143315, -0.91268653, -0.39011809
0.93387437, 0.07220513
-0.06986333, 0.18562531, 0.04285097
-3.052e-05, -0.86956388, -0.49378949
0.93387502, 0.12092835
-0.09310872, 0.18658119, 0.05222268
-0.22397535, -0.35813472, 0.90639973
0.94110024, 0.07122618
-0.07032112, 0.18658128, 0.05222268
-0.00018311, -0.380871, 0.92461926
0.94110024, 0.11994958
-0.07032114, 0.19592285, 0.05222271
0.0, 0.35135961, 0.93621629
0.95434076, 0.11994958
-0.10210475, 0.19626349, 0.04119295
-0.93005157, 0.34067813, 0.13754693
0.95118213, 0.05199134
-0.09994201, 0.18658116, 0.04849353
-0.73769343, -0.38120669, 0.55714589
0.93907869, 0.05661553
-0.0470574, 0.18581027, 0.04119292
0.43690297, 0.08368175, -0.89559621
0.93287534, 0.16969103
-0.04705739, 0.18093085, 0.04119292
0.40046388, 0.0, -0.91628772
0.92518091, 0.16969103
-0.0531873, 0.18093082, 0.04119292
-0.39939573, 0.0, -0.91674548
0.92518091, 0.15658426
-0.06978235, 0.19622469, 0.04119295
0.00054933, 0.34159368, -0.93981749
0.95111024, 0.12110162
-0.06978234, 0.18781096, 0.04119292
0.0, -0.31879634, -0.94781333
0.93620026, 0.12110162
-0.09310874, 0.19592276, 0.05222271
-0.22650838, 0.33109531, 0.91598254
0.95434076, 0.07122618
-0.09994203, 0.19592273, 0.04849357
-0.73503828, 0.31550035, 0.60008544
0.95325494, 0.05661553
-0.09852646, 0.18494487, 0.04745173
-0.3569445, -0.91204566, 0.20187993
0.93606108, 0.0596422
-0.04756963, 0.17966866, 0.05222266
0.39796138, 0.0, 0.91738641
0.93198353, 0.16859573
-0.05372608, 0.17966864, 0.05222266
-0.44193855, 0.0, 0.89703053
0.93198353, 0.15543228
-0.05372606, 0.1697574, 0.05222264
-0.4349803, -0.06979583, 0.89770198
0.92016625, 0.15543228
-0.05785141, 0.18476629, 0.05043457
-0.00262459, -0.94347972, 0.33136997
0.93763596, 0.14661169
-0.05748101, 0.18562281, 0.042852
-0.00051881, -0.86916715, -0.4944914
0.93387181, 0.14740378
-0.05472969, 0.1856204, 0.04285181
-0.59956664, -0.53367716, -0.59636217
0.93386775, 0.15328646
-0.05372611, 0.18454805, 0.05222268
-0.36658832, -0.10077212, 0.92489398
0.93835008, 0.15543228
-0.0550997, 0.19797927, 0.05042613
0.22479934, 0.88598287, 0.40552995
0.95696282, 0.15249527
-0.04897696, 0.19445625, 0.05042612
0.71285135, 0.584521, 0.387463
0.95162946, 0.16558665
-0.04860717, 0.19469014, 0.04285575
0.72469252, 0.60493791, -0.32990509
0.94907504, 0.16637737
-0.04552191, 0.1856204, 0.04285198
0.93655205, 0.1543321, -0.31467634
0.93386793, 0.17297411
-0.04589208, 0.18475324, 0.05042977
0.91274756, 0.13748589, 0.38462478
0.9376151, 0.17218262
-0.04589208, 0.17987382, 0.05042974
0.92086548, 0.0, 0.38984343
0.93106061, 0.17218262
-0.05464867, 0.18781105, 0.04119292
-0.09237953, -0.22119816, -0.9708243
0.93620026, 0.15345973
-0.05464868, 0.19618583, 0.04119295
0.12103641, 0.3810541, -0.91656238
0.9510383, 0.15345973
-0.04964732, 0.19330806, 0.04119295
0.36359751, 0.27008882, -0.89150667
0.94579047, 0.16415334
-0.05793878, 0.19592291, 0.05222271
0.0, 0.35135961, 0.93621629
0.95434076, 0.14642489
-0.05793877, 0.1865651, 0.05222268
-0.00125126, -0.38093203, 0.92458874
0.94107807, 0.14642489
-0.05518745, 0.18654889, 0.05222268
-0.11267434, -0.27283546, 0.95541245
0.94105583, 0.15230763
-0.05472991, 0.19821313, 0.04285575
0.23215429, 0.89703053, -0.37601855
0.95534253, 0.15328604
-0.05472966, 0.17082974, 0.04285176
-0.92126226, 0.00146489, -0.38892788
0.91297871, 0.15328646
-0.05474652, 0.15884084, 0.04285057
-0.94418162, 0.10446486, -0.31238747
0.8997708, 0.15325034
-0.055083, 0.1577616, 0.0485462
-0.94058049, -0.13251136, 0.31260109
0.90458328, 0.15253079
-0.05372602, 0.15742692, 0.05031276
-0.42014831, -0.32462537, 0.84737694
0.90592337, 0.15543228
-0.04756957, 0.15742695, 0.05031276
0.37531662, -0.33176672, 0.8654744
0.90592337, 0.16859573
-0.05318724, 0.15915498, 0.04119285
-0.43113497, 0.30622274, -0.84871978
0.89821213, 0.15658426
-0.04705734, 0.15915501, 0.04119285
0.43815425, 0.30518508, -0.84548479
0.89821213, 0.16969103
-0.04705726, 0.12959424, 0.0179296
0.31095308, -0.21082187, -0.92672503
0.84851956, 0.16969103
-0.05318728, 0.17101955, 0.04119288
-0.39927366, 0.00024415, -0.91680652
0.9114508, 0.15658426
-0.04705737, 0.17101958, 0.04119288
0.40058595, -0.00021363, -0.91622669
0.9114508, 0.16969103
-0.05472097, 0.12905502, 0.01941301
-0.72621846, -0.41737112, -0.5462203
0.85034698, 0.15330482
-0.04552188, 0.17082974, 0.04285195
0.93990904, -0.00146489, -0.34134954
0.91297889, 0.17297411
-0.04589204, 0.16996258, 0.05042973
0.91537219, -0.02975555, 0.40144047
0.91895574, 0.17218262
-0.04587492, 0.15776259, 0.04854127
0.89910579, -0.16660054, 0.40473646
0.90457934, 0.17221916
-0.0455219, 0.18074098, 0.04285198
0.93972594, 0.0, -0.34189886
0.9264015, 0.17297411
-0.04590099, 0.12616959, 0.02735197
0.69774467, -0.71611685, 0.01736503
0.85936433, 0.17216319
-0.0455132, 0.12905502, 0.01941317
0.74257636, -0.42127749, -0.5206458
0.8503471, 0.17299241
-0.05318718, 0.12959421, 0.0179296
-0.31189916, -0.2108829, -0.92638934
0.84851956, 0.15658426
-0.05372595, 0.12558538, 0.02895935
-0.32642597, -0.87560654, 0.35596788
0.86103868, 0.15543228
-0.04756948, 0.12558541, 0.02895935
0.28952909, -0.88674581, 0.36030152
0.86103868, 0.16859567
-0.05739999, 0.1961858, 0.04119295
6.104e-05, 0.33674124, -0.94158757
0.9510383, 0.14757699
-0.05739998, 0.18781102, 0.04119292
0.0, -0.31870478, -0.94784385
0.93620026, 0.14757699
-0.07023377, 0.18477985, 0.05043436
-0.0003357, -0.94311351, 0.33246863
0.93765467, 0.12013626
-0.05472967, 0.18074095, 0.0428518
-0.92147589, 0.0, -0.38840908
0.92640132, 0.15328646
-0.05510009, 0.17987326, 0.05043476
-0.95437485, 0.0, 0.29856259
0.93106329, 0.15249443
-0.05510006, 0.16996199, 0.05043473
-0.9499191, -0.02404859, 0.31153294
0.91895932, 0.15249443
-0.04756963, 0.18454811, 0.05222268
0.42262033, 0.06555375, 0.90392774
0.93835008, 0.16859573
-0.05023994, 0.19307613, 0.05222271
0.3581042, 0.26935637, 0.8939482
0.95021474, 0.16288632
-0.06561601, 0.0819228, 0.02964853
-0.22745445, -0.32651752, 0.91738641
0.56350482, 0.87812921
-0.01886049, 0.06612284, 0.02701912
-0.08664205, -0.90939057, 0.40678123
0.7110793, 0.9174116
-0.04305721, 0.07242742, 0.02701913
-0.23264259, -0.8816492, 0.41050446
0.63470727, 0.90173689
-0.06796134, 0.21160886, 0.02964895
-0.3154088, 0.29007843, 0.9035005
0.55610418, 0.43994391
-0.0802438, 0.09847333, -0.03317589
-0.35038301, -0.21958068, -0.9104892
0.51733559, 0.79891509
-0.094244, 0.12924677, -0.03158399
-0.9333781, 0.09799493, -0.34522539
0.47314715, 0.70619774
-0.0769525, 0.15222056, -0.03317572
-0.32621235, 0.11191137, -0.9386273
0.52772462, 0.63698065
-0.09267115, 0.12923233, -0.03317579
-0.47541735, 0.06613361, -0.87725455
0.47811142, 0.70624119
-0.07367733, 0.17834762, -0.03317564
-0.38563189, 0.05117954, -0.92120123
0.53806239, 0.55826277
0.01211655, 0.21215189, 0.00445532
0.70827359, -0.64085817, 0.29593799
0.02288246, 0.32476723
0.01590665, 0.33715886, 0.00445586
0.92532122, 0.01638844, 0.37879574
0.32323149, 0.33522594
0.00755944, 0.43904436, 0.00445628
0.89861751, 0.24924466, 0.36100346
0.5680272, 0.31219679
-0.0215625, 0.46076918, 0.00751512
-0.18451491, 0.50785851, 0.84142584
0.62022519, 0.23184788
0.01211655, 0.21215191, -0.00695744
0.70827359, -0.64085817, -0.29593799
0.02288246, 0.32476723
-0.04821157, 0.05082136, -0.0117231
-0.23203222, -0.17798394, -0.956267
0.61053413, 0.97629137
-0.04958279, 0.05016203, -0.01027184
-0.85741752, -0.39957884, -0.32419813
0.60579264, 0.97804062
-0.02713606, 0.06095445, -0.01027182
0.91042817, -0.38145086, -0.15997803
0.68340915, 0.94940795
-0.01498016, -0.00698327, 0.00674407
0.89458907, 0.3104648, 0.3213599
0.57783502, 0.06004602
0.01039483, -0.02633414, 0.00674402
0.46311837, -0.78856778, 0.40452284
0.52728057, 0.01797605
0.01132647, -0.01444708, 0.00819529
-0.23850214, 0.1441084, 0.96035647
0.52138394, 0.03630745
0.01969488, 0.0503173, 0.00819547
0.33591723, -0.10669271, 0.93578905
0.48189226, 0.13468647
-0.00852264, -0.01848325, -0.01172328
0.08789331, 0.24460585, -0.96560562
0.56707877, 0.03896517
0.0070057, 0.05057416, -0.01027184
-0.91576892, -0.30780968, -0.25803399
0.51019406, 0.14086175
-0.00840939, 0.19826511, -0.0439414
-0.12045655, 0.94228947, 0.31229591
0.69477165, 0.25232649
-0.09265123, 0.19821295, 0.04285634
0.12384411, 0.95150608, -0.28156376
0.95534271, 0.07220447
-0.09256992, 0.18781087, 0.04119292
0.63902706, -0.43580431, -0.63377786
0.93620032, 0.07237822
-0.05318732, 0.18581024, 0.04119292
-0.31534776, -0.09537034, -0.9441511
0.93287534, 0.15658426
-0.05510011, 0.18475264, 0.05043477
-0.67723626, -0.60518205, 0.41840875
0.93761724, 0.15249443
-0.03786066, 0.19626418, -0.05236557
0.0, 0.37711722, -0.9261452
0.69574809, 0.18935508
-0.08732245, 0.18581042, -0.05041229
-0.15707877, -0.88665426, -0.43491927
0.71054703, 0.08359808
-0.08732247, 0.19626391, -0.05236557
-0.26456496, 0.347087, -0.8997162
0.69574809, 0.08359808
-0.0940498, 0.19826454, -0.01623904
0.4258858, 0.90383619, 0.04095584
0.71158946, 0.06921411
-0.10210475, 0.1962637, -0.01623904
-0.93527025, 0.34177679, -0.09173864
0.71895659, 0.05199134
-0.05518747, 0.19592294, 0.05222271
0.11825922, 0.39069796, 0.91286963
0.95434076, 0.15230763
-0.04553875, 0.15884086, 0.04285073
0.96664327, 0.07684561, -0.24427015
0.89977098, 0.17293799
-0.0475696, 0.16975743, 0.05222264
0.39216286, -0.07080294, 0.91714227
0.92016625, 0.16859573
-0.05510899, 0.12616789, 0.02735645
-0.7262795, -0.68617815, -0.04028443
0.8593691, 0.15247512
-0.02821051, 0.02587783, 0.00151331
0.1999878, -0.28193, 0.93835258
0.88503182, 0.2634809
-0.0299469, 0.02294242, 0.0015133
0.36988434, -0.06866664, 0.92651141
0.87681323, 0.25807196
-0.0299469, 0.02294247, -0.005041
0.36988434, -0.06866664, -0.92651141
0.87681323, 0.25807196
-0.02581341, 0.05574257, -0.0050409
0.09988708, 0.42478713, -0.89974672
0.96864796, 0.27094823
-0.05212894, 0.23019975, -0.00502752
-0.82692951, 0.0, -0.56227303
0.05977593, 0.04463845
-0.03947686, 0.22107863, -0.00502756
0.38007751, -0.74257636, -0.55140841
0.03073175, 0.07590079
-0.03947685, 0.2210786, 0.00172311
0.38007751, -0.74257636, 0.55140841
0.03073175, 0.07590085
-0.03947692, 0.23932093, 0.00172318
0.38007751, 0.74257636, 0.55140841
0.08882014, 0.07590085
-0.05212892, 0.23019975, 0.00172315
-0.82692951, 0.0, 0.56227303
0.05977593, 0.04463845
-0.03947694, 0.23932093, -0.00502748
0.38007751, 0.74257636, -0.55140841
0.08882014, 0.07590079
-0.05212901, 0.24868476, -0.00502744
-0.82692951, 0.0, -0.56227303
0.05977593, 0.04463845
-0.03947694, 0.23956358, -0.00502748
0.38007751, -0.74257636, -0.55140841
0.03073175, 0.07590079
-0.03947692, 0.23956358, 0.00172318
0.38007751, -0.74257636, 0.55140841
0.03073175, 0.07590085
-0.03947701, 0.25780588, 0.00172326
0.38007751, 0.74257636, 0.55140841
0.08882014, 0.07590085
-0.05212899, 0.24868473, 0.00172323
-0.82692951, 0.0, 0.56227303
0.05977593, 0.04463845
-0.03947703, 0.257806, -0.00502741
0.38007751, 0.74260688, -0.55140841
0.08882014, 0.07590079
0.02121596, 0.23019993, 0.00172313
0.82692951, 0.0, 0.56227303
0.05977593, 0.04463845
0.00856397, 0.22107875, 0.00172312
-0.38007751, -0.74257636, 0.55140841
0.03073175, 0.07590079
0.00856393, 0.22107875, -0.00502755
-0.38007751, -0.74257636, -0.55140841
0.03073175, 0.07590085
0.00856387, 0.23932105, -0.00502747
-0.38007751, 0.74257636, -0.55140841
0.08882014, 0.07590085
0.02121593, 0.23019993, -0.00502754
0.82692951, 0.0, -0.56227303
0.05977593, 0.04463845
0.00856389, 0.23932105, 0.0017232
-0.38007751, 0.74257636, 0.55140841
0.08882014, 0.07590079
0.02121589, 0.24868494, 0.00172321
0.82692951, 0.0, 0.56227303
0.05977593, 0.04463845
0.00856389, 0.23956373, 0.0017232
-0.38007751, -0.74257636, 0.55140841
0.03073175, 0.07590079
0.00856387, 0.23956379, -0.00502747
-0.38007751, -0.74257636, -0.55140841
0.03073175, 0.07590085
0.00856378, 0.25780612, -0.00502739
-0.38007751, 0.74257636, -0.55140841
0.08882014, 0.07590085
0.02121586, 0.24868494, -0.00502746
0.82692951, 0.0, -0.56227303
0.05977593, 0.04463845
0.0085638, 0.257806, 0.00172328
-0.38007751, 0.74257636, 0.55140841
0.08882014, 0.07590079
-0.0521291, 0.26818323, -0.00502736
-0.82692951, 0.0, -0.56227303
0.05977593, 0.04463845
-0.03947703, 0.25906217, -0.0050274
0.38007751, -0.74257636, -0.55140841
0.03073175, 0.07590079
-0.03947701, 0.25906217, 0.00172327
0.38007751, -0.74257636, 0.55140841
0.03073175, 0.07590085
-0.03947711, 0.27730453, 0.00172335
0.38007751, 0.74257636, 0.55140841
0.08882014, 0.07590085
-0.05212908, 0.26818323, 0.00172331
-0.82692951, 0.0, 0.56227303
0.05977593, 0.04463845
-0.03947712, 0.27730453, -0.00502732
0.38007751, 0.74257636, -0.55140841
0.08882014, 0.07590079
-0.05212921, 0.2866683, -0.00502728
-0.82692951, 0.0, -0.56227303
0.05977593, 0.04463845
-0.03947712, 0.27754718, -0.00502732
0.38007751, -0.74257636, -0.55140841
0.03073175, 0.07590079
-0.03947711, 0.27754718, 0.00172335
0.38007751, -0.74257636, 0.55140841
0.03073175, 0.07590085
-0.0394772, 0.29578948, 0.00172343
0.38007751, 0.74257636, 0.55140841
0.08882014, 0.07590085
-0.05212918, 0.2866683, 0.00172339
-0.82692951, 0.0, 0.56227303
0.05977593, 0.04463845
-0.03947721, 0.29578948, -0.00502725
0.38007751, 0.74257636, -0.55140841
0.08882014, 0.07590079
0.02121582, 0.26818347, 0.00172329
0.82692951, 0.0, 0.56227303
0.05977593, 0.04463845
0.00856379, 0.25906235, 0.00172329
-0.38007751, -0.74257636, 0.55140841
0.03073175, 0.07590079
0.00856376, 0.25906235, -0.00502739
-0.38007751, -0.74257636, -0.55140841
0.03073175, 0.07590085
0.00856368, 0.27730459, -0.00502731
-0.38007751, 0.74257636, -0.55140841
0.08882014, 0.07590085
0.02121579, 0.26818347, -0.00502738
0.82692951, 0.0, -0.56227303
0.05977593, 0.04463845
0.00856372, 0.27730459, 0.00172336
-0.38007751, 0.74257636, 0.55140841
0.08882014, 0.07590079
0.0212157, 0.28666848, 0.00172337
0.82692951, 0.0, 0.56227303
0.05977593, 0.04463845
0.00856372, 0.2775473, 0.00172336
-0.38007751, -0.74257636, 0.55140841
0.03073175, 0.07590079
0.00856368, 0.27754736, -0.00502731
-0.38007751, -0.74257636, -0.55140841
0.03073175, 0.07590085
0.0085636, 0.29578966, -0.00502723
-0.38007751, 0.74257636, -0.55140841
0.08882014, 0.07590085
0.02121567, 0.28666854, -0.0050273
0.82692951, 0.0, -0.56227303
0.05977593, 0.04463845
0.00856362, 0.2957896, 0.00172345
-0.38007751, 0.74257636, 0.55140841
0.08882014, 0.07590079
-0.02369696, 0.45630533, -0.00502657
0.68688011, 0.47889644, -0.54661703
0.08882014, 0.07590079
-0.02369696, 0.45630533, 0.0017241
0.68688011, 0.47889644, 0.54661703
0.08882014, 0.07590085
-0.03425669, 0.44000691, 0.00172403
-0.05310221, -0.83089691, 0.55384994
0.03073175, 0.07590085
-0.04028064, 0.45256615, 0.0017241
-0.74175239, 0.35911131, 0.56639302
0.05977593, 0.04463845
-0.03425669, 0.44000691, -0.00502661
-0.05310221, -0.83089691, -0.55384994
0.03073175, 0.07590079
-0.04028064, 0.45256615, -0.00502658
-0.74175239, 0.35911131, -0.56639302
0.05977593, 0.04463845
-0.05373526, 0.32196021, 0.00172354
-0.82692951, 0.0, 0.56227303
0.05977593, 0.04463845
-0.05373526, 0.32196021, -0.00502713
-0.82692951, 0.0, -0.56227303
0.05977593, 0.04463845
-0.0410832, 0.31283903, -0.00502718
0.38007751, -0.74257636, -0.55140841
0.03073175, 0.07590079
-0.04108319, 0.31283903, 0.0017235
0.38007751, -0.74257636, 0.55140841
0.03073175, 0.07590085
-0.04108328, 0.33108127, 0.00172358
0.38007751, 0.74257636, 0.55140841
0.08882014, 0.07590085
-0.04108328, 0.33108127, -0.00502709
0.38007751, 0.74257636, -0.55140841
0.08882014, 0.07590079
0.02282156, 0.30347538, 0.00172344
0.82692951, 0.0, 0.56227303
0.05977593, 0.04463845
0.01016955, 0.29435414, 0.00172343
-0.38007751, -0.74257636, 0.55140841
0.03073175, 0.07590079
0.01016952, 0.29435414, -0.00502723
-0.38007751, -0.74257636, -0.55140841
0.03073175, 0.07590085
0.01016945, 0.3125965, -0.00502716
-0.38007751, 0.74257636, -0.55140841
0.08882014, 0.07590085
0.02282153, 0.30347538, -0.00502722
0.82692951, 0.0, -0.56227303
0.05977593, 0.04463845
0.01016948, 0.3125965, 0.00172352
-0.38007751, 0.74257636, 0.55140841
0.08882014, 0.07590079
0.02282146, 0.32196033, 0.00172352
0.82692951, 0.0, 0.56227303
0.05977593, 0.04463845
0.01016948, 0.31283921, 0.00172352
-0.38007751, -0.74257636, 0.55140841
0.03073175, 0.07590079
0.01016945, 0.31283921, -0.00502716
-0.38007751, -0.74257636, -0.55140841
0.03073175, 0.07590085
0.01016936, 0.33108145, -0.00502708
-0.38007751, 0.74257636, -0.55140841
0.08882014, 0.07590085
0.02282145, 0.32196033, -0.00502715
0.82692951, 0.0, -0.56227303
0.05977593, 0.04463845
0.01016939, 0.33108139, 0.00172359
-0.38007751, 0.74257636, 0.55140841
0.08882014, 0.07590079
-0.05373534, 0.339724, -0.00502705
-0.82692951, 0.0, -0.56227303
0.05977593, 0.04463845
-0.04108328, 0.33060294, -0.0050271
0.38007751, -0.74257636, -0.55140841
0.03073175, 0.07590079
-0.04108328, 0.33060294, 0.00172357
0.38007751, -0.74257636, 0.55140841
0.03073175, 0.07590085
-0.04108334, 0.34884518, 0.00172364
0.38007751, 0.74257636, 0.55140841
0.08882014, 0.07590085
-0.05373534, 0.339724, 0.00172363
-0.82692951, 0.0, 0.56227303
0.05977593, 0.04463845
-0.04108336, 0.34884518, -0.00502703
0.38007751, 0.74257636, -0.55140841
0.08882014, 0.07590079
-0.05212951, 0.35820913, -0.00502697
-0.82692951, 0.0, -0.56227303
0.05977593, 0.04463845
-0.03947745, 0.34908795, -0.00502701
0.38007751, -0.74257636, -0.55140841
0.03073175, 0.07590079
-0.03947743, 0.34908795, 0.00172366
0.38007751, -0.74257636, 0.55140841
0.03073175, 0.07590085
-0.0394775, 0.36733025, 0.00172374
0.38007751, 0.74257636, 0.55140841
0.08882014, 0.07590085
-0.05212948, 0.35820913, 0.0017237
-0.82692951, 0.0, 0.56227303
0.05977593, 0.04463845
-0.03947751, 0.36733025, -0.00502694
0.38007751, 0.74257636, -0.55140841
0.08882014, 0.07590079
0.0228214, 0.33972424, 0.00172361
0.82692951, 0.0, 0.56227303
0.05977593, 0.04463845
0.01016939, 0.33060306, 0.00172359
-0.38007751, -0.74257636, 0.55140841
0.03073175, 0.07590079
0.01016936, 0.33060306, -0.00502708
-0.38007751, -0.74257636, -0.55140841
0.03073175, 0.07590085
0.01016929, 0.34884542, -0.00502701
-0.38007751, 0.74257636, -0.55140841
0.08882014, 0.07590085
0.02282137, 0.33972424, -0.00502707
0.82692951, 0.0, -0.56227303
0.05977593, 0.04463845
0.01016932, 0.34884542, 0.00172366
-0.38007751, 0.74257636, 0.55140841
0.08882014, 0.07590079
0.02121538, 0.35820925, 0.00172368
0.82692951, 0.0, 0.56227303
0.05977593, 0.04463845
0.00856339, 0.34908807, 0.00172366
-0.38007751, -0.74257636, 0.55140841
0.03073175, 0.07590079
0.00856336, 0.34908807, -0.00502701
-0.38007751, -0.74257636, -0.55140841
0.03073175, 0.07590085
0.00856328, 0.36733043, -0.00502694
-0.38007751, 0.74257636, -0.55140841
0.08882014, 0.07590085
0.02121537, 0.35820925, -0.005027
0.82692951, 0.0, -0.56227303
0.05977593, 0.04463845
0.00856331, 0.36733043, 0.00172374
-0.38007751, 0.74257636, 0.55140841
0.08882014, 0.07590079
-0.0521296, 0.37633187, -0.0050269
-0.82692951, 0.0, -0.56227303
0.05977593, 0.04463845
-0.03947751, 0.36721069, -0.00502694
0.38007751, -0.74257636, -0.55140841
0.03073175, 0.07590079
-0.0394775, 0.36721069, 0.00172374
0.38007751, -0.74257636, 0.55140841
0.03073175, 0.07590085
-0.03947762, 0.3854531, 0.00172381
0.38007751, 0.74257636, 0.55140841
0.08882014, 0.07590085
-0.0521296, 0.37633187, 0.00172378
-0.82692951, 0.0, 0.56227303
0.05977593, 0.04463845
-0.03947764, 0.3854531, -0.00502686
0.38007751, 0.74257636, -0.55140841
0.08882014, 0.07590079
-0.05121856, 0.39529872, 0.00172385
-0.82518995, 0.05267495, 0.56236458
0.05977593, 0.04463845
-0.05121856, 0.39529872, -0.0050268
-0.82518995, 0.05267495, -0.56236458
0.05977593, 0.04463845
-0.03938188, 0.3855409, -0.00502686
0.32279429, -0.76873076, -0.55207986
0.03073175, 0.07590079
-0.03938188, 0.3855409, 0.00172382
0.32279429, -0.76873076, 0.55207986
0.03073175, 0.07590085
-0.03780799, 0.40374213, 0.00172389
0.43455306, 0.71263772, 0.55070651
0.08882014, 0.07590085
-0.03780799, 0.40374213, -0.00502679
0.43455306, 0.71263772, -0.55070651
0.08882014, 0.07590079
0.02121531, 0.3763321, 0.00172376
0.82692951, 0.0, 0.56227303
0.05977593, 0.04463845
0.00856331, 0.36721087, 0.00172374
-0.38007751, -0.74257636, 0.55140841
0.03073175, 0.07590079
0.00856328, 0.36721087, -0.00502694
-0.38007751, -0.74257636, -0.55140841
0.03073175, 0.07590085
0.0085632, 0.3854531, -0.00502684
-0.38007751, 0.74257636, -0.55140841
0.08882014, 0.07590085
0.02121526, 0.3763321, -0.00502692
0.82692951, 0.0, -0.56230354
0.05977593, 0.04463845
0.00856322, 0.3854531, 0.00172381
-0.38007751, 0.74257636, 0.55140841
0.08882014, 0.07590079
0.02047541, 0.39546138, 0.00172383
0.82396924, 0.06857509, 0.56242561
0.05977593, 0.04463845
0.00889581, 0.38551939, 0.00172384
-0.30497146, -0.77584153, 0.55226296
0.03073175, 0.07590079
0.00889578, 0.38551939, -0.00502684
-0.30497146, -0.77584153, -0.55226296
0.03073175, 0.07590085
0.00684722, 0.40369231, -0.00502677
-0.45039216, 0.70290232, -0.55046237
0.08882014, 0.07590085
0.02047539, 0.39546138, -0.00502684
0.82396924, 0.06857509, -0.56242561
0.05977593, 0.04463845
0.00684725, 0.40369231, 0.00172391
-0.45039216, 0.70290232, 0.55046237
0.08882014, 0.07590079
-0.04950017, 0.41517121, -0.00502672
-0.82518995, 0.05267495, -0.56236458
0.05977593, 0.04463845
-0.03766349, 0.40541345, -0.00502678
0.32279429, -0.76873076, -0.55207986
0.03073175, 0.07590079
-0.03766345, 0.40541327, 0.00172389
0.32279429, -0.76876128, 0.55207986
0.03073175, 0.07590085
-0.03608957, 0.42361474, 0.00172398
0.43455306, 0.71263772, 0.55070651
0.08882014, 0.07590085
-0.04950015, 0.41517121, 0.00172395
-0.82518995, 0.05267495, 0.56236458
0.05977593, 0.04463845
-0.0360896, 0.42361474, -0.00502669
0.43455306, 0.71263772, -0.55070651
0.08882014, 0.07590079
-0.04790534, 0.43361491, -0.00502665
-0.82518995, 0.05267495, -0.56236458
0.05977593, 0.04463845
-0.03606866, 0.42385691, -0.00502669
0.32279429, -0.76873076, -0.55207986
0.03073175, 0.07590079
-0.03606863, 0.42385691, 0.00172399
0.32279429, -0.76873076, 0.55207986
0.03073175, 0.07590085
-0.03449475, 0.44205827, 0.00172406
0.43455306, 0.71263772, 0.55070651
0.08882014, 0.07590085
-0.04790531, 0.43361491, 0.00172402
-0.82518995, 0.05267495, 0.56236458
0.05977593, 0.04463845
-0.03449475, 0.44205827, -0.00502661
0.43455306, 0.71263772, -0.55070651
0.08882014, 0.07590079
0.01823875, 0.41530287, 0.00172393
0.82396924, 0.06857509, 0.56242561
0.05977593, 0.04463845
0.00665915, 0.40536094, 0.00172391
-0.30497146, -0.77584153, 0.55226296
0.03073175, 0.07590079
0.00665909, 0.40536094, -0.00502676
-0.30497146, -0.77584153, -0.55226296
0.03073175, 0.07590085
0.00461055, 0.4235338, -0.00502669
-0.45039216, 0.70290232, -0.55046237
0.08882014, 0.07590085
0.01823871, 0.41530287, -0.00502674
0.82396924, 0.06857509, -0.56242561
0.05977593, 0.04463845
0.00461057, 0.4235338, 0.00172398
-0.45039216, 0.70290232, 0.55049288
0.08882014, 0.07590079
0.01616289, 0.43371755, -0.00502667
0.82396924, 0.06857509, -0.56242561
0.05977593, 0.04463845
0.01616289, 0.43371755, 0.001724
0.82396924, 0.06857509, 0.56242561
0.05977593, 0.04463845
0.00458331, 0.42377555, 0.00172399
-0.30497146, -0.77584153, 0.55226296
0.03073175, 0.07590079
0.00458328, 0.42377555, -0.00502669
-0.30497146, -0.77584153, -0.55226296
0.03073175, 0.07590085
0.0025347, 0.44194847, -0.00502661
-0.45039216, 0.70290232, -0.55046237
0.08882014, 0.07590085
0.00253473, 0.44194847, 0.00172406
-0.45039216, 0.70290232, 0.55046237
0.08882014, 0.07590079
-0.05373518, 0.30347514, -0.0050272
-0.82692951, 0.0, -0.56227303
0.05977593, 0.04463845
-0.04108313, 0.29435408, -0.00502725
0.38007751, -0.74257636, -0.55140841
0.03073175, 0.07590079
-0.04108311, 0.29435402, 0.00172342
0.38007751, -0.74257636, 0.55140841
0.03073175, 0.07590085
-0.04108319, 0.31259632, 0.0017235
0.38007751, 0.74257636, 0.55140841
0.08882014, 0.07590085
-0.05373518, 0.30347514, 0.00172346
-0.82692951, 0.0, 0.56227303
0.05977593, 0.04463845
-0.0410832, 0.31259632, -0.00502718
0.38007751, 0.74257636, -0.55140841
0.08882014, 0.07590079
0.0097145, 0.45345187, 0.00172408
0.76107061, 0.31769767, 0.56547749
0.05977593, 0.04463845
0.00279656, 0.44117314, 0.00172406
-0.00103763, -0.83257544, 0.55388045
0.03073175, 0.07590079
0.0027965, 0.44117314, -0.00502661
-0.00103763, -0.83257544, -0.55388045
0.03073175, 0.07590085
-0.00657436, 0.4579035, -0.00502654
-0.65944397, 0.51551867, -0.54710531
0.08882014, 0.07590085
0.00971448, 0.45345187, -0.00502658
0.76107061, 0.31772819, -0.56547749
0.05977593, 0.04463845
-0.00657433, 0.4579035, 0.00172413
-0.65944397, 0.51551867, 0.54710531
0.08882014, 0.07590079
-0.01693125, 0.46774721, -0.00502653
-0.03881954, 0.80843532, -0.5872677
0.05977593, 0.04463845
-0.01693125, 0.46774721, 0.00172415
-0.03881954, 0.80843532, 0.5872677
0.05977593, 0.04463845
-0.00457575, 0.45838445, 0.00172413
0.79989016, -0.2521134, 0.54454178
0.03073175, 0.07590079
-0.00457575, 0.45838445, -0.00502654
0.79989016, -0.2521134, -0.54454178
0.03073175, 0.07590085
-0.02805657, 0.45749742, -0.00502654
-0.77507859, -0.31962034, -0.54499954
0.08882014, 0.07590085
-0.02805653, 0.45749772, 0.00172413
-0.77510911, -0.31958982, 0.54503006
0.08882014, 0.07590079
-0.04821157, 0.05082129, 0.00819547
-0.2233955, -0.17966247, 0.9580065
0.63362968, 0.16636068
0.00325007, -0.02850724, 0.00674402
0.14777063, -0.89419234, 0.42255929
0.54395968, 0.01779628
0.02102672, 0.05206202, 0.00819547
0.6823023, -0.30075991, 0.66631061
0.84994632, 0.97300179
0.0070057, 0.05057413, -0.00176381
-0.84685814, -0.20746483, 0.48960844
0.80146438, 0.97694911
0.0082413, 0.05054918, 0.00819547
-0.31684315, -0.13446455, 0.93887144
0.80573684, 0.97701533
-0.04958279, 0.05016201, 0.00674423
-0.85735649, -0.40504166, 0.3175756
0.60579264, 0.97804062
0.00325007, -0.02850719, -0.01027206
0.14777063, -0.89419234, -0.42255929
0.54395968, 0.01779628
-0.04362246, 0.07466793, -0.03317597
-0.08236945, -0.31620228, -0.94509721
0.29541647, 0.90428661
-0.00694805, 0.19826502, -0.02671931
-0.35605946, 0.70091861, 0.61796927
0.70154554, 0.25545108
0.0006869, 0.19626427, -0.02671933
0.72579122, 0.25144199, 0.64030886
0.70656484, 0.27177572
-0.02648916, 0.06192932, 0.0081955
0.62706381, -0.77809989, -0.03613392
0.68564594, 0.94682138
-0.06884694, 0.21278664, -0.03317552
-0.3081454, 0.29154333, -0.90554523
0.55330908, 0.43639636
0.02094589, 0.05029203, 0.00674423
0.95400858, -0.12189092, 0.27378154
0.84966677, 0.97769795
0.02094589, 0.05029208, -0.00176381
0.87710196, -0.10177923, 0.46934417
0.84966677, 0.97769795
0.0082413, 0.05054918, 0.00819547
-0.31684315, -0.13446455, 0.93887144
0.50743836, 0.14026052
0.01969488, 0.0503173, 0.00819547
0.33591723, -0.10669271, 0.93578905
0.84534115, 0.97763087
-0.04958279, 0.05016201, 0.00674423
-0.85735649, -0.40504166, 0.3175756
0.63690841, 0.16594392
-0.04958279, 0.05016201, -0.00176381
-0.8031556, -0.35651723, 0.47724846
0.63690841, 0.16594392
-0.04958279, 0.05016203, -0.01027184
-0.85741752, -0.39957884, -0.32419813
0.63690841, 0.16594392
0.0070057, 0.05057413, -0.00176381
-0.84685814, -0.20746483, 0.48960844
0.51019406, 0.14086175
0.02094589, 0.05029217, -0.01027184
0.95361185, -0.12045655, -0.27579576
0.47910199, 0.13407761
-0.02713606, 0.06095445, -0.01027182
0.91042817, -0.38145086, -0.15997803
0.58323604, 0.17276478
-0.04821157, 0.05082136, -0.0117231
-0.23203222, -0.17798394, -0.956267
0.63362968, 0.16636068
-0.02803016, 0.06052453, -0.01172307
0.42918178, -0.46732995, -0.77291179
0.58537394, 0.1724931
-0.03382766, 0.21675651, -0.0331755
0.61305583, 0.29819635, -0.73155922
0.26449901, 0.43255591
-0.03384221, 0.21238153, -0.03464536
-0.68010497, 0.25959045, -0.68559831
0.2645449, 0.44573724
-0.09267115, 0.12923233, -0.03317579
-0.47541735, 0.06613361, -0.87725455
0.45022821, 0.71436054
-0.0769525, 0.15222056, -0.03317572
-0.32621235, 0.11191137, -0.9386273
0.40061495, 0.6451
-0.07367733, 0.17834762, -0.03317564
-0.38563189, 0.05117954, -0.92120123
0.39027724, 0.56638217
-0.06884694, 0.21278664, -0.03317552
-0.3081454, 0.29154333, -0.90554523
0.37503052, 0.44451576
-0.05212815, 0.21468191, -0.03317551
-0.04028443, 0.35551012, -0.93377483
0.32226083, 0.43880588
0.02454404, 0.21493189, -0.03158372
0.64391005, 0.65160072, -0.40092167
0.84807938, 0.42993534
-0.02713606, 0.06095431, 0.00674426
0.84649187, -0.49012727, 0.20783105
0.68340915, 0.94940795
-0.02713606, 0.06095439, -0.00176378
0.70638144, -0.39866328, 0.58485669
0.68340915, 0.94940795
0.03002439, 0.10079132, -0.03317586
0.30961028, -0.52653587, -0.79174167
0.86537516, 0.7919344
0.03180626, 0.1024041, -0.0348186
0.70598465, -0.56001467, -0.43351543
0.87099952, 0.78707507
-0.03380765, 0.21854223, -0.03158369
-0.05496383, 0.87929928, -0.47303689
0.66390377, 0.41905636
-0.03384221, 0.21238153, -0.03464536
-0.68010497, 0.25959045, -0.68559831
0.66379464, 0.43761784
-0.03382766, 0.21675651, -0.0331755
0.61305583, 0.29819635, -0.73155922
0.66384059, 0.42443645
-0.05212815, 0.21468191, -0.03317551
-0.04028443, 0.35551012, -0.93377483
0.60607868, 0.43068641
-0.06621811, 0.08055532, -0.03317596
-0.21543016, -0.31083101, -0.92568743
0.56160438, 0.88152987
-0.00020466, 0.06929524, -0.03317599
0.06631672, -0.33106479, -0.94125187
0.76996261, 0.90952575
0.02527288, 0.0775959, -0.03317597
0.31849116, -0.24503312, -0.91567737
0.85037774, 0.8888898
-0.04362246, 0.07466793, -0.03317597
-0.08236945, -0.31620228, -0.94509721
0.63292313, 0.8961672
-0.01913857, 0.06828859, -0.03317599
-0.04159673, -0.34159368, -0.93890196
0.71020162, 0.91202775
-0.00020518, 0.22264548, -0.03158369
0.07422101, 0.8685568, -0.48994416
0.1583761, 0.41481394
0.02454404, 0.21493189, -0.03158372
0.64391005, 0.65160072, -0.40092167
0.08026016, 0.43805486
-0.03380765, 0.21854223, -0.03158369
-0.05496383, 0.87929928, -0.47303689
0.26443583, 0.42717576
0.03266735, 0.15487078, -0.03585178
0.99862665, 0.04025391, -0.03299051
0.87371814, 0.62899899
0.03057099, 0.18085015, -0.03585171
0.99084443, 0.1309244, -0.03238014
0.86710161, 0.55072588
0.03266742, 0.12994687, -0.03585187
0.99932861, -0.01727348, -0.03183081
0.87371796, 0.70409203
-0.0802438, 0.09847333, -0.03317589
-0.35038301, -0.21958068, -0.9104892
0.41100404, 0.80703443
0.0070057, 0.05057413, 0.00674423
-0.9155553, -0.30600908, 0.26096377
0.80146438, 0.97694911
-0.04821157, 0.05082129, 0.00819547
-0.2233955, -0.17966247, 0.9580065
0.61053413, 0.97629137
-0.02803016, 0.0605245, 0.0081955
0.41984314, -0.4743492, 0.77373576
0.68031758, 0.95054834
0.02094589, 0.05029217, -0.01027184
0.95361185, -0.12045655, -0.27579576
0.84966677, 0.97769795
0.01969488, 0.05031746, -0.0117231
0.33823663, -0.10495315, -0.9351787
0.84534115, 0.97763087
0.0082413, 0.05054919, -0.0117231
-0.31461531, -0.13568529, -0.93945128
0.80573684, 0.97701533
0.0070057, 0.05057416, -0.01027184
-0.91576892, -0.30780968, -0.25803399
0.80146438, 0.97694911
0.02527288, 0.0775959, -0.03317597
0.31849116, -0.24503312, -0.91567737
0.07796165, 0.89700924
0.02549896, 0.20857972, -0.03493938
0.67845696, 0.36582538, -0.63704336
0.85109323, 0.44907391
-0.06621811, 0.08055532, -0.03317596
-0.21543016, -0.31083101, -0.92568743
0.36673513, 0.88964929
# Number of Faces:
1343
# Face Data:
0, 1, 2
3, 4, 5
0, 6, 7
3, 8, 9
10, 11, 12
13, 9, 14
15, 16, 17
12, 18, 19
20, 14, 21
22, 17, 23
19, 18, 24
21, 25, 26
2, 1, 27
28, 27, 16
11, 10, 29
4, 30, 31
32, 33, 34
35, 7, 36
30, 37, 38
33, 39, 40
36, 41, 42
38, 37, 43
44, 45, 46
47, 46, 48
49, 50, 50
51, 32, 52
25, 53, 54
55, 50, 50
29, 10, 56
57, 50, 49
49, 58, 50
59, 60, 46
61, 62, 63
64, 50, 60
65, 66, 67
68, 69, 70
71, 72, 62
59, 47, 73
74, 75, 76
77, 78, 79
80, 81, 82
79, 83, 84
85, 86, 87
88, 89, 90
91, 92, 93
94, 95, 96
63, 97, 98
98, 97, 99
99, 97, 72
100, 66, 65
101, 99, 102
99, 103, 104
105, 106, 82
92, 100, 107
108, 63, 69
106, 109, 96
91, 110, 111
112, 113, 90
114, 115, 116
62, 72, 97
117, 111, 95
118, 112, 119
74, 104, 103
110, 120, 121
107, 65, 122
93, 123, 120
107, 124, 123
61, 125, 126
122, 65, 44
127, 98, 101
95, 128, 80
76, 129, 102
128, 95, 111
105, 130, 89
131, 101, 86
69, 98, 127
89, 132, 133
90, 133, 134
119, 134, 135
64, 50, 50
44, 67, 73
136, 103, 72
132, 89, 130
86, 102, 129
81, 137, 130
138, 139, 140
141, 142, 143
144, 145, 139
146, 147, 145
142, 148, 149
147, 146, 150
151, 152, 153
148, 154, 155
150, 156, 157
153, 158, 159
155, 154, 160
156, 161, 162
159, 158, 163
164, 160, 165
162, 161, 166
163, 167, 168
145, 169, 170
171, 172, 173
166, 174, 173
167, 172, 171
175, 176, 177
178, 179, 180
181, 182, 183
184, 185, 180
180, 186, 187
188, 175, 189
190, 191, 192
193, 179, 178
194, 195, 196
14, 197, 10
198, 199, 14
51, 5, 8
8, 9, 10
194, 200, 201
21, 19, 197
8, 5, 202
9, 8, 203
196, 204, 205
25, 206, 19
19, 206, 207
199, 208, 21
204, 209, 210
211, 25, 21
209, 212, 213
32, 31, 5
214, 51, 29
19, 215, 216
197, 216, 56
32, 33, 38
214, 217, 32
218, 219, 220
31, 221, 202
222, 33, 32
223, 224, 219
31, 38, 225
226, 227, 228
46, 45, 228
229, 228, 45
64, 230, 231
46, 227, 226
60, 64, 232
200, 233, 220
64, 60, 116
234, 116, 60
116, 234, 235
46, 60, 116
236, 230, 78
237, 238, 239
240, 241, 242
115, 243, 227
244, 245, 246
243, 240, 228
247, 248, 245
249, 250, 251
252, 253, 248
248, 253, 251
252, 254, 255
253, 255, 256
254, 257, 258
258, 259, 256
260, 261, 238
260, 262, 263
259, 264, 265
262, 266, 267
268, 269, 270
257, 254, 263
252, 261, 263
238, 261, 252
271, 272, 273
274, 275, 242
276, 272, 271
270, 277, 278
265, 279, 256
279, 280, 251
121, 120, 272
275, 124, 122
272, 120, 123
123, 124, 275
238, 245, 244
228, 242, 122
80, 128, 277
259, 258, 281
276, 277, 128
133, 132, 282
134, 133, 83
135, 134, 79
249, 246, 250
230, 64, 135
283, 284, 269
132, 137, 284
81, 269, 284
285, 170, 286
147, 287, 288
152, 153, 287
145, 147, 289
152, 147, 145
290, 152, 291
158, 157, 287
157, 292, 288
293, 153, 152
294, 295, 296
158, 163, 162
162, 297, 292
298, 158, 153
299, 300, 295
167, 301, 162
301, 302, 297
298, 303, 163
304, 305, 300
172, 173, 301
301, 173, 306
307, 167, 163
304, 308, 309
173, 172, 310
307, 310, 172
308, 311, 312
193, 179, 180
313, 314, 179
180, 179, 314
315, 316, 317
177, 189, 193
318, 177, 319
189, 177, 318
193, 189, 320
321, 322, 323
83, 282, 324
283, 324, 282
325, 273, 275
80, 270, 269
326, 327, 328
329, 330, 331
332, 333, 334
335, 336, 337
338, 339, 340
341, 342, 343
344, 345, 346
347, 335, 348
349, 350, 351
343, 342, 352
345, 338, 353
336, 354, 355
328, 332, 356
357, 358, 359
340, 339, 360
354, 361, 362
363, 330, 329
358, 357, 364
365, 366, 367
334, 333, 368
369, 370, 371
361, 372, 373
366, 365, 374
372, 375, 376
377, 378, 379
380, 381, 382
375, 383, 384
371, 385, 367
382, 386, 387
388, 389, 377
383, 390, 391
374, 392, 393
386, 394, 395
378, 396, 397
391, 390, 398
393, 392, 399
394, 400, 401
396, 402, 403
404, 405, 406
407, 399, 408
401, 400, 409
402, 410, 411
405, 412, 413
414, 415, 416
417, 418, 419
420, 408, 421
422, 423, 424
398, 425, 426
427, 428, 421
414, 429, 415
430, 431, 432
433, 434, 435
436, 431, 430
437, 438, 439
440, 441, 442
443, 444, 445
446, 447, 448
412, 437, 449
450, 451, 452
432, 453, 454
455, 456, 457
458, 459, 456
452, 451, 460
461, 462, 463
464, 442, 462
423, 459, 458
463, 465, 466
460, 467, 465
453, 468, 469
419, 418, 447
425, 470, 471
471, 470, 444
472, 416, 434
435, 473, 474
439, 438, 441
473, 450, 475
476, 477, 436
49, 50, 50
58, 58, 478
67, 125, 61
479, 108, 68
108, 479, 73
49, 50, 58
118, 58, 478
67, 66, 126
478, 58, 480
105, 481, 87
76, 75, 117
94, 109, 129
112, 118, 70
112, 127, 131
113, 131, 85
105, 88, 85
87, 129, 109
92, 136, 71
92, 91, 74
100, 71, 126
74, 91, 117
482, 77, 483
484, 485, 483
486, 484, 84
486, 324, 283
139, 138, 146
140, 487, 151
141, 151, 488
150, 146, 138
148, 142, 488
150, 143, 149
154, 148, 159
156, 149, 155
160, 154, 489
161, 155, 164
490, 165, 171
160, 168, 171
174, 166, 164
289, 286, 170
290, 491, 285
293, 290, 296
286, 289, 288
293, 295, 300
299, 294, 288
298, 300, 305
304, 299, 292
303, 305, 309
308, 304, 297
310, 312, 311
310, 307, 309
308, 302, 306
487, 291, 152
492, 493, 231
494, 235, 234
6, 2, 11
0, 3, 13
1, 13, 20
12, 11, 2
27, 20, 495
18, 12, 28
16, 495, 26
18, 15, 22
3, 0, 35
496, 7, 6
4, 35, 497
52, 36, 7
37, 30, 497
52, 34, 41
43, 37, 42
34, 40, 498
17, 26, 54
56, 196, 195
198, 203, 194
199, 198, 499
196, 56, 216
208, 199, 205
204, 216, 215
211, 208, 210
212, 209, 215
200, 194, 203
195, 201, 214
233, 200, 202
201, 220, 217
233, 221, 225
219, 222, 217
218, 225, 500
29, 51, 496
336, 343, 501
350, 337, 328
372, 340, 380
368, 373, 377
398, 401, 502
410, 503, 415
435, 443, 504
448, 505, 436
329, 359, 352
330, 351, 327
329, 342, 341
343, 336, 335
337, 350, 349
363, 347, 351
362, 333, 332
370, 364, 356
506, 369, 338
354, 346, 353
357, 331, 327
358, 344, 352
346, 354, 336
328, 337, 355
326, 356, 364
344, 358, 506
339, 338, 369
507, 371, 370
368, 333, 362
340, 372, 361
360, 367, 366
365, 385, 389
360, 339, 508
389, 385, 371
372, 380, 509
510, 382, 381
374, 365, 388
373, 376, 378
383, 375, 509
510, 393, 386
374, 379, 397
376, 384, 396
383, 387, 395
407, 394, 386
392, 397, 403
391, 402, 396
398, 390, 395
407, 420, 400
399, 403, 411
503, 410, 402
414, 417, 421
404, 409, 428
420, 428, 409
408, 411, 429
417, 414, 472
426, 416, 415
425, 398, 502
427, 419, 405
418, 472, 433
443, 435, 434
470, 425, 406
446, 511, 437
440, 422, 445
477, 476, 441
445, 444, 449
511, 477, 438
473, 435, 504
461, 459, 423
441, 476, 430
474, 475, 432
451, 450, 458
512, 456, 459
463, 462, 513
452, 453, 432
451, 455, 467
512, 466, 457
465, 463, 454
514, 468, 453
505, 448, 447
416, 426, 471
413, 449, 444
412, 405, 419
424, 458, 450
422, 440, 464
513, 462, 442
431, 436, 505
506, 364, 370
515, 516, 184
188, 181, 192
187, 517, 322
323, 317, 313
192, 181, 516
191, 175, 188
191, 190, 176
515, 184, 176
182, 178, 185
182, 181, 188
185, 184, 516
517, 317, 323
313, 320, 518
318, 321, 518
318, 187, 322
186, 314, 316
313, 317, 316
517, 187, 186
184, 319, 177
519, 520, 521
521, 522, 523
520, 519, 524
519, 523, 522
524, 522, 521
525, 526, 527
527, 528, 529
526, 525, 530
525, 529, 528
528, 527, 526
531, 532, 533
533, 534, 535
532, 531, 536
531, 535, 534
534, 533, 532
537, 538, 539
539, 540, 541
538, 537, 542
537, 541, 540
540, 539, 538
543, 544, 545
545, 546, 547
544, 543, 548
543, 547, 546
548, 546, 545
549, 550, 551
551, 552, 553
550, 549, 554
549, 553, 552
552, 551, 550
555, 556, 557
557, 558, 559
556, 555, 560
555, 559, 558
558, 557, 556
561, 562, 563
563, 564, 565
562, 561, 566
561, 565, 564
564, 563, 562
567, 568, 569
570, 568, 567
571, 572, 567
569, 568, 570
570, 572, 571
573, 574, 575
576, 577, 573
575, 574, 578
573, 577, 578
577, 576, 575
579, 580, 581
581, 582, 583
580, 579, 584
579, 583, 582
582, 581, 580
585, 586, 587
587, 588, 589
586, 585, 590
585, 589, 588
590, 588, 587
591, 592, 593
593, 594, 595
592, 591, 596
595, 594, 596
594, 593, 592
597, 598, 599
599, 600, 601
598, 597, 602
597, 601, 600
600, 599, 598
603, 604, 605
605, 606, 607
604, 603, 608
603, 607, 606
606, 605, 604
609, 610, 611
611, 612, 613
610, 609, 614
609, 613, 612
612, 611, 610
615, 616, 617
617, 618, 619
616, 615, 620
615, 619, 618
620, 618, 617
621, 622, 623
624, 625, 621
623, 622, 626
621, 625, 626
625, 624, 623
627, 628, 629
629, 630, 631
628, 627, 632
627, 631, 630
632, 630, 629
633, 634, 635
635, 636, 637
634, 633, 638
633, 637, 636
636, 635, 634
639, 640, 641
641, 642, 643
640, 639, 644
639, 643, 642
644, 642, 641
645, 646, 647
647, 648, 649
646, 645, 650
645, 649, 648
648, 647, 646
651, 652, 653
653, 654, 655
652, 651, 656
651, 655, 654
654, 653, 652
657, 658, 659
660, 661, 657
659, 658, 662
658, 657, 661
661, 660, 659
663, 664, 665
665, 666, 667
664, 663, 668
663, 667, 666
668, 666, 665
669, 670, 671
671, 672, 673
670, 669, 674
669, 673, 672
672, 671, 670
675, 676, 677
678, 679, 675
677, 676, 680
676, 675, 679
679, 678, 677
6, 0, 2
8, 3, 5
35, 0, 7
13, 3, 9
197, 10, 12
20, 13, 14
22, 15, 17
197, 12, 19
495, 20, 21
681, 22, 23
206, 19, 24
495, 21, 26
28, 2, 27
15, 28, 16
682, 11, 29
5, 4, 31
52, 32, 34
497, 35, 36
31, 30, 38
34, 33, 40
497, 36, 42
47, 44, 46
45, 44, 683
48, 46, 684
496, 51, 52
49, 50, 55
48, 685, 683
44, 47, 48
44, 48, 683
26, 25, 54
686, 55, 232
687, 29, 56
49, 58, 118
55, 64, 232
55, 50, 64
50, 50, 50
49, 118, 57
57, 50, 50
479, 480, 59
108, 61, 63
49, 480, 58
47, 59, 46
50, 50, 50
50, 50, 49
480, 49, 59
50, 49, 59
44, 65, 67
478, 68, 70
50, 59, 60
126, 71, 62
479, 59, 73
104, 74, 76
483, 77, 79
96, 80, 82
483, 79, 84
481, 85, 87
113, 88, 90
110, 91, 93
109, 94, 96
69, 63, 98
101, 98, 99
103, 99, 72
107, 100, 65
86, 101, 102
102, 99, 104
130, 105, 82
93, 92, 107
68, 108, 69
82, 106, 96
117, 91, 111
119, 112, 90
236, 114, 230
63, 62, 97
94, 117, 95
114, 116, 230
57, 118, 119
136, 74, 103
111, 110, 121
124, 107, 122
110, 93, 120
93, 107, 123
62, 61, 126
45, 122, 44
131, 127, 101
96, 95, 80
104, 76, 102
121, 128, 111
88, 105, 89
85, 131, 86
70, 69, 127
90, 89, 133
119, 90, 134
57, 119, 135
50, 49, 50
64, 50, 135
47, 44, 73
71, 136, 72
50, 57, 135
137, 132, 130
87, 86, 129
82, 81, 130
141, 138, 140
138, 141, 143
291, 487, 140
144, 146, 145
140, 139, 291
143, 142, 149
139, 145, 291
287, 147, 150
488, 151, 153
149, 148, 155
287, 150, 157
488, 153, 159
164, 155, 160
157, 156, 162
489, 159, 163
490, 164, 165
301, 162, 166
489, 163, 168
491, 291, 285
145, 170, 291
174, 171, 173
291, 170, 285
301, 166, 173
168, 167, 171
189, 175, 177
185, 178, 180
516, 181, 183
319, 184, 180
319, 180, 187
193, 188, 189
515, 190, 192
188, 193, 178
499, 194, 196
9, 14, 10
9, 198, 14
29, 51, 8
29, 8, 10
195, 194, 201
14, 21, 197
203, 8, 202
198, 9, 203
499, 196, 205
21, 25, 19
215, 19, 207
14, 199, 21
205, 204, 210
25, 53, 206
208, 211, 21
210, 209, 213
51, 32, 5
687, 214, 29
197, 19, 216
10, 197, 56
31, 32, 38
51, 214, 32
233, 218, 220
5, 31, 202
217, 222, 32
218, 223, 219
221, 31, 225
225, 38, 500
227, 46, 228
226, 228, 229
64, 231, 232
46, 226, 684
231, 493, 232
201, 200, 220
230, 64, 116
235, 492, 231
116, 235, 230
227, 46, 116
77, 236, 78
235, 231, 230
688, 237, 239
228, 240, 242
116, 115, 227
227, 243, 228
238, 247, 245
280, 249, 251
247, 252, 248
250, 248, 251
253, 252, 255
251, 253, 256
255, 254, 258
255, 258, 256
237, 260, 238
261, 260, 263
263, 262, 267
267, 257, 263
254, 252, 263
247, 238, 252
325, 271, 273
241, 274, 242
259, 265, 256
256, 279, 251
276, 121, 272
242, 275, 122
273, 272, 123
273, 123, 275
239, 238, 244
45, 228, 122
258, 257, 281
270, 80, 277
264, 259, 281
121, 276, 128
83, 133, 282
79, 134, 83
78, 135, 79
246, 245, 248
78, 230, 135
268, 283, 269
246, 248, 250
282, 132, 284
137, 81, 284
296, 285, 286
289, 147, 288
147, 152, 287
169, 145, 289
291, 152, 145
491, 290, 291
153, 158, 287
287, 157, 288
290, 293, 152
286, 294, 296
157, 158, 162
157, 162, 292
293, 298, 153
294, 299, 295
163, 167, 162
162, 301, 297
158, 298, 163
299, 304, 300
167, 172, 301
302, 301, 306
303, 307, 163
305, 304, 309
306, 173, 310
167, 307, 172
309, 308, 312
319, 193, 180
193, 313, 179
186, 180, 314
517, 315, 317
319, 177, 193
187, 318, 319
320, 189, 318
313, 193, 320
518, 321, 323
84, 83, 324
284, 283, 282
274, 325, 275
81, 80, 269
327, 351, 350
359, 329, 331
356, 332, 334
327, 350, 328
348, 335, 337
353, 338, 340
689, 341, 343
501, 344, 346
363, 690, 341
341, 689, 335
349, 347, 348
347, 349, 351
335, 347, 341
347, 363, 341
343, 352, 501
346, 345, 353
337, 336, 355
352, 344, 501
326, 328, 356
331, 357, 359
340, 360, 380
355, 354, 362
690, 363, 329
360, 381, 380
506, 358, 364
385, 365, 367
507, 334, 368
508, 369, 371
362, 361, 373
510, 366, 374
373, 372, 376
388, 377, 379
509, 380, 382
376, 375, 384
508, 371, 367
509, 382, 387
389, 507, 368
384, 383, 391
510, 374, 393
389, 368, 377
387, 386, 395
379, 378, 397
503, 391, 398
407, 393, 399
395, 394, 401
397, 396, 403
502, 404, 406
420, 407, 408
401, 409, 502
403, 402, 411
406, 405, 413
409, 404, 502
472, 414, 416
427, 417, 419
428, 420, 421
504, 422, 424
503, 398, 426
417, 427, 421
429, 411, 410
513, 430, 432
505, 433, 435
429, 410, 415
476, 436, 430
449, 437, 439
464, 440, 442
443, 445, 504
511, 446, 448
413, 412, 449
445, 422, 504
475, 450, 452
513, 432, 454
467, 455, 457
455, 458, 456
514, 452, 460
512, 461, 463
461, 464, 462
424, 423, 458
512, 463, 466
469, 468, 514
446, 419, 447
466, 465, 457
469, 460, 465
465, 467, 457
469, 514, 460
454, 453, 469
426, 425, 471
443, 471, 444
433, 472, 434
505, 435, 474
440, 439, 441
474, 473, 475
477, 511, 448
50, 49, 50
73, 67, 61
477, 448, 436
480, 479, 68
61, 108, 73
58, 49, 58
70, 118, 478
125, 67, 126
68, 478, 480
106, 105, 87
94, 76, 117
76, 94, 129
127, 112, 70
113, 112, 131
88, 113, 85
481, 105, 85
106, 87, 109
100, 92, 71
136, 92, 74
66, 100, 126
75, 74, 117
60, 59, 691
485, 482, 483
84, 484, 483
324, 486, 84
692, 486, 283
144, 139, 146
141, 140, 151
142, 141, 488
143, 150, 138
159, 148, 488
156, 150, 149
489, 154, 159
161, 156, 155
168, 160, 489
166, 161, 164
174, 490, 171
165, 160, 171
490, 174, 164
169, 289, 170
296, 290, 285
295, 293, 296
294, 286, 288
298, 293, 300
292, 299, 288
303, 298, 305
297, 304, 292
307, 303, 309
302, 308, 297
306, 310, 311
312, 310, 309
311, 308, 306
151, 487, 152
682, 6, 11
1, 0, 13
27, 1, 20
28, 12, 2
16, 27, 495
15, 18, 28
17, 16, 26
24, 18, 22
4, 3, 35
682, 496, 6
30, 4, 497
496, 52, 7
42, 37, 497
36, 52, 41
41, 34, 498
23, 17, 54
687, 56, 195
499, 198, 194
205, 199, 499
204, 196, 216
210, 208, 205
209, 204, 215
213, 211, 210
207, 212, 215
202, 200, 203
687, 195, 214
221, 233, 202
214, 201, 217
218, 233, 225
220, 219, 217
223, 218, 500
219, 224, 222
682, 29, 496
342, 329, 352
331, 330, 327
690, 329, 341
689, 343, 335
348, 337, 349
330, 363, 351
355, 362, 332
334, 370, 356
345, 506, 338
361, 354, 353
326, 357, 327
359, 358, 352
501, 346, 336
332, 328, 355
357, 326, 364
345, 344, 506
508, 339, 369
334, 507, 370
373, 368, 362
353, 340, 361
381, 360, 366
388, 365, 389
367, 360, 508
507, 389, 371
375, 372, 509
366, 510, 381
379, 374, 388
377, 373, 378
387, 383, 509
382, 510, 386
392, 374, 397
378, 376, 396
390, 383, 395
393, 407, 386
399, 392, 403
384, 391, 396
401, 398, 395
394, 407, 400
408, 399, 411
391, 503, 402
429, 414, 421
427, 404, 428
400, 420, 409
421, 408, 429
418, 417, 472
503, 426, 415
406, 425, 502
404, 427, 405
447, 418, 433
471, 443, 434
413, 470, 406
412, 446, 437
439, 440, 445
438, 477, 441
439, 445, 449
437, 511, 438
424, 473, 504
464, 461, 423
442, 441, 430
431, 474, 432
455, 451, 458
461, 512, 459
454, 463, 513
475, 452, 432
460, 451, 467
456, 512, 457
469, 465, 454
452, 514, 453
433, 505, 447
434, 416, 471
470, 413, 444
446, 412, 419
473, 424, 450
423, 422, 464
430, 513, 442
474, 431, 505
369, 506, 370
515, 192, 516
192, 191, 188
175, 191, 176
190, 515, 176
183, 182, 185
178, 182, 188
183, 185, 516
322, 517, 323
323, 313, 518
320, 318, 518
321, 318, 322
315, 186, 316
314, 313, 316
315, 517, 186
176, 184, 177
523, 519, 521
524, 519, 522
520, 524, 521
529, 525, 527
530, 525, 528
530, 528, 526
535, 531, 533
536, 531, 534
536, 534, 532
541, 537, 539
542, 537, 540
542, 540, 538
547, 543, 545
548, 543, 546
544, 548, 545
553, 549, 551
554, 549, 552
554, 552, 550
559, 555, 557
560, 555, 558
560, 558, 556
565, 561, 563
566, 561, 564
566, 564, 562
571, 567, 569
572, 570, 567
569, 570, 571
576, 573, 575
574, 573, 578
578, 577, 575
583, 579, 581
584, 579, 582
584, 582, 580
589, 585, 587
590, 585, 588
586, 590, 587
595, 591, 593
591, 595, 596
596, 594, 592
601, 597, 599
602, 597, 600
602, 600, 598
607, 603, 605
608, 603, 606
608, 606, 604
613, 609, 611
614, 609, 612
614, 612, 610
619, 615, 617
620, 615, 618
616, 620, 617
624, 621, 623
622, 621, 626
626, 625, 623
631, 627, 629
632, 627, 630
628, 632, 629
637, 633, 635
638, 633, 636
638, 636, 634
643, 639, 641
644, 639, 642
640, 644, 641
649, 645, 647
650, 645, 648
650, 648, 646
655, 651, 653
656, 651, 654
656, 654, 652
660, 657, 659
662, 658, 661
662, 661, 659
667, 663, 665
668, 663, 666
664, 668, 665
673, 669, 671
674, 669, 672
674, 672, 670
678, 675, 677
680, 676, 679
680, 679, 677
683, 693, 694
41, 498, 695
685, 696, 683
206, 24, 697
53, 698, 206
698, 699, 207
33, 39, 700
694, 45, 46
701, 39, 33
38, 700, 500
702, 53, 25
212, 703, 704
705, 706, 257
707, 708, 262
707, 260, 237
257, 706, 281
709, 710, 711
708, 709, 266
277, 276, 712
266, 711, 705
713, 714, 60
241, 715, 716
717, 718, 719
720, 692, 283
114, 236, 721
722, 723, 240
724, 725, 115
243, 115, 725
721, 236, 77
715, 241, 240
726, 727, 264
706, 728, 726
717, 719, 720
729, 325, 274
730, 271, 325
731, 274, 241
712, 271, 730
732, 237, 688
696, 693, 683
733, 685, 48
686, 734, 55
735, 713, 691
736, 737, 229
738, 739, 226
697, 24, 22
224, 701, 222
702, 211, 213
212, 207, 699
700, 38, 43
45, 683, 694
42, 41, 695
733, 48, 684
55, 734, 735
735, 691, 59
698, 206, 697
735, 49, 55
735, 59, 49
206, 698, 207
38, 33, 700
684, 694, 46
222, 701, 33
226, 229, 738
229, 737, 738
694, 736, 229
229, 45, 694
714, 60, 232
226, 739, 684
211, 702, 25
213, 212, 704
714, 494, 234
234, 60, 714
740, 244, 246
267, 705, 257
717, 268, 270
260, 707, 262
712, 276, 271
717, 270, 278
732, 707, 237
266, 709, 711
262, 708, 266
278, 277, 712
267, 266, 705
713, 60, 691
268, 720, 283
724, 114, 721
243, 722, 240
114, 724, 115
722, 243, 725
482, 721, 77
723, 715, 240
281, 726, 264
281, 706, 726
268, 717, 720
731, 729, 274
729, 730, 325
716, 731, 241
741, 712, 730
742, 732, 688
695, 43, 42
681, 697, 22
704, 702, 213
703, 212, 699
