# Project Zomboid Skinned Mesh
# File Version:
1.0
# Model Name:
weapons_handgun
# Vertex Stride Element Count:
3
# Vertex Stride Size (in bytes):
76
# Vertex Stride Data:
# (Int)    Offset
# (String) Type
0
VertexArray
12
NormalArray
24
TextureCoordArray
# Vertex Count:
48
# Vertex Buffer:
0.00938876, 0.02312229, 0.07502537
0.57744074, 0.48161259, 0.65919983
0.58824974, 0.21806526
0.00938876, 0.00456524, 0.07215637
0.57722712, -0.6593219, 0.48170415
0.52334303, 0.22308248
0.00938876, 0.01938745, -0.02241083
0.62892544, -0.7767266, 0.03289896
0.57518649, 0.38846552
0.00938876, 0.00456524, 0.07215637
0.57722712, -0.6593219, 0.48170415
0.54021436, 0.22308248
-0.00938876, 0.00456524, 0.07215637
-0.57722712, -0.6593219, 0.48170415
0.47453648, 0.22308248
-0.00938876, 0.01938745, -0.02241083
-0.6272164, -0.77803886, 0.03482162
0.47453648, 0.38846552
-0.00938876, 0.01938745, -0.02241083
-0.6272164, -0.77803886, 0.03482162
0.57518649, 0.38846552
-0.00938876, 0.00456524, 0.07215637
-0.57722712, -0.6593219, 0.48170415
0.52334303, 0.22308248
-0.00938876, 0.02312229, 0.07502537
-0.57744074, 0.48161259, 0.65919983
0.58824974, 0.21806526
-0.00938876, 0.02312229, 0.07502537
-0.57744074, 0.48161259, 0.65919983
0.47453648, 0.21806526
0.00938876, 0.02312229, 0.07502537
0.57744074, 0.48161259, 0.65919983
0.54021436, 0.21806526
0.00938876, 0.0379445, -0.01954183
0.63051242, 0.73265785, 0.25617236
0.54021436, 0.38344806
-0.00938876, 0.02312229, 0.07502537
-0.57744074, 0.48161259, 0.65919983
0.47453648, 0.30883527
-0.00938876, 0.00456524, 0.07215637
-0.57722712, -0.6593219, 0.48170415
0.47453648, 0.34128863
0.00938876, 0.00456524, 0.07215637
0.57722712, -0.6593219, 0.48170415
0.54021436, 0.34128863
0.00938876, 0.01938745, -0.02241083
0.62892544, -0.7767266, 0.03289896
0.54021436, 0.38846552
0.0, 0.0228996, -0.04512787
-0.00137333, -0.92101812, -0.38950774
0.5073753, 0.42819387
0.0, 0.04145665, -0.04225887
-0.00027467, 0.99417096, -0.10751671
0.65237755, 0.42317641
0.0, 0.0228996, -0.04512787
-0.00137333, -0.92101812, -0.38950774
0.58747083, 0.42819387
-0.03240181, 0.03374881, -0.11063892
0.39759514, -0.43089083, -0.81005281
0.62541801, 0.54276207
-0.05244562, 0.0308036, -0.10582869
-0.69588304, -0.58665729, -0.41416669
0.32393748, 0.53435001
0.0, 0.04145665, -0.04225887
-0.00027467, 0.99417096, -0.10751671
0.5073753, 0.42317641
-0.03434945, 0.04931038, -0.10922647
0.26206243, 0.71572006, -0.64732808
0.38723198, 0.54029202
-0.05439324, 0.04636516, -0.10441625
-0.80870998, 0.51893675, -0.27686393
0.31712526, 0.53187975
-0.00938876, 0.0379445, -0.01954183
-0.62883389, 0.7332682, 0.25849178
0.47453648, 0.38344806
-0.05244562, 0.0308036, -0.10582869
-0.69588304, -0.58665729, -0.41416669
0.32393748, 0.29540181
-0.05439324, 0.04636516, -0.10441625
-0.80870998, 0.51893675, -0.27686393
0.31712526, 0.26818711
-0.03434945, 0.04931038, -0.10922647
0.26206243, 0.71572006, -0.64732808
0.38723198, 0.26303685
-0.00938876, 0.0379445, -0.01954183
-0.62883389, 0.7332682, 0.25849178
0.64009315, 0.38344806
-0.05439324, 0.04636516, -0.10441625
-0.80870998, 0.51893675, -0.27686393
0.66954565, 0.53187975
-0.05244562, 0.0308036, -0.10582869
-0.69588304, -0.58665729, -0.41416669
0.61511624, 0.53435001
0.05379021, 0.04636516, -0.10483995
0.80288094, 0.51725823, -0.29627368
0.69551617, 0.26818711
0.05178989, 0.0308036, -0.1061767
0.68700218, -0.58577228, -0.42991424
0.68851966, 0.29540181
0.03157645, 0.03374881, -0.11021522
-0.41590625, -0.43089083, -0.80080569
0.61781937, 0.29025114
0.05379021, 0.04636516, -0.10483995
0.80288094, 0.51725823, -0.29627368
0.69551617, 0.53262067
0.0335768, 0.04931038, -0.10887846
-0.27530748, 0.71864986, -0.63853878
0.67984694, 0.53968325
0.03157645, 0.03374881, -0.11021522
-0.41590625, -0.43089083, -0.80080569
0.62541801, 0.54202113
0.03157645, 0.03374881, -0.11021522
-0.41590625, -0.43089083, -0.80080569
0.61781937, 0.54202113
0.05178989, 0.0308036, -0.1061767
0.68700218, -0.58577228, -0.42991424
0.68851966, 0.53495833
0.00938876, 0.0379445, -0.01954183
0.63051242, 0.73265785, 0.25617236
0.64009315, 0.38344806
0.05178989, 0.0308036, -0.1061767
0.68700218, -0.58577228, -0.42991424
0.61511624, 0.53495833
0.00938876, 0.02312229, 0.07502537
0.57744074, 0.48161259, 0.65919983
0.54021436, 0.30883527
-0.03434945, 0.04931038, -0.10922647
0.26206243, 0.71572006, -0.64732808
0.67984694, 0.54029202
-0.03240181, 0.03374881, -0.11063892
0.39759514, -0.43089083, -0.81005281
0.39404422, 0.54276207
-0.03240181, 0.03374881, -0.11063892
0.39759514, -0.43089083, -0.81005281
0.39404422, 0.29025114
0.0335768, 0.04931038, -0.10887846
-0.27530748, 0.71864986, -0.63853878
0.6248163, 0.26303685
0.0335768, 0.04931038, -0.10887846
-0.27530748, 0.71864986, -0.63853878
0.6248163, 0.53968325
0.05379021, 0.04636516, -0.10483995
0.80288094, 0.51725823, -0.29627368
0.66954565, 0.53262067
# Number of Faces:
32
# Face Data:
0, 1, 2
3, 4, 5
6, 7, 8
9, 10, 11
12, 13, 14
15, 5, 16
17, 18, 19
16, 5, 20
21, 22, 23
24, 11, 21
25, 26, 27
28, 29, 30
31, 32, 33
21, 11, 34
17, 35, 36
16, 37, 38
39, 2, 40
39, 0, 2
15, 3, 5
28, 6, 8
24, 9, 11
41, 12, 14
42, 17, 19
43, 16, 20
24, 21, 23
44, 25, 27
6, 28, 30
45, 31, 33
46, 21, 34
18, 17, 36
15, 16, 38
47, 39, 40
