# Project Zomboid Skinned Mesh
# File Version:
1.0
# Model Name:
Bow
# Vertex Stride Element Count:
3
# Vertex Stride Size (in bytes):
76
# Vertex Stride Data:
# (Int)    Offset
# (String) Type
0
VertexArray
12
NormalArray
24
TextureCoordArray
# Vertex Count:
348
# Vertex Buffer:
-0.01105672, 0.2511721, 0.21991025
-0.99963379, 0.02038636, 0.01705985
0.35257789, 0.29732668
-0.00781829, 0.25875026, 0.22183289
-0.69515061, 0.69893491, 0.16800439
0.33860952, 0.29555476
-0.00781828, 0.26410273, 0.17702755
-0.68803978, 0.72563863, 0.00021363
0.3287437, 0.33684814
-1e-08, 0.25214577, 0.09178986
0.0, 0.98138368, -0.1919309
0.49999997, 0.4154048
-1e-08, 0.26211667, 0.1335196
0.0, 0.98443556, -0.17572558
0.49999997, 0.37694585
0.00781825, 0.2589111, 0.1339796
0.69878232, 0.70439774, -0.12445448
0.51441085, 0.37652194
0.01276426, 0.23409271, 0.0
0.92657244, 0.00012207, 0.37611011
0.38405925, 0.5
0.00902569, 0.24311841, 0.0
0.65492719, 0.65538502, 0.37617114
0.36742276, 0.5
0.00902569, 0.24305126, 0.05721964
0.71785641, 0.69447923, -0.04852443
0.36754656, 0.44726533
-0.00781829, 0.24359393, 0.21798764
-0.71855831, -0.68147832, -0.13870662
0.3665463, 0.29909861
-0.01105672, 0.25644413, 0.17662151
-0.99951172, 0.03045747, -0.00128178
0.34286028, 0.33722234
-0.00781828, 0.2589111, 0.1339796
-0.69878232, 0.70439774, -0.124485
0.48558906, 0.37652194
0.00902569, 0.24311841, 0.0
0.65492719, 0.65538502, 0.37617114
0.51663649, 0.5
-0.0, 0.24685699, 0.0
0.0, 0.92651141, 0.37620166
0.5, 0.5
-0.0, 0.24676201, 0.05676442
0.0, 0.99719232, -0.07467879
0.5, 0.44768488
-2e-08, 0.26727501, 0.17719577
0.0, 0.99996948, 0.00201422
0.49999997, 0.33669311
-2e-08, 0.26188925, 0.22262928
0.0, 0.9733268, 0.2293466
0.49999994, 0.29482079
0.00781824, 0.25875026, 0.22183289
0.69515061, 0.69893491, 0.16800439
0.51441085, 0.29555476
-0.01105671, 0.2511721, 0.13509013
-0.99984741, 0.01608326, 0.00570696
0.35257789, 0.37549847
-0.00781828, 0.2589111, 0.1339796
-0.69878232, 0.70439774, -0.124485
0.3383131, 0.37652194
-0.00833165, 0.24882108, 0.09271457
-0.71050143, 0.69170201, -0.12921537
0.35691139, 0.41455257
-0.00902569, 0.24311841, 0.0
-0.65492719, 0.65538502, 0.37617114
0.48336351, 0.5
-0.00902569, 0.24305126, 0.05721964
-0.71785641, 0.69447923, -0.04852443
0.48336351, 0.44726533
0.00781825, 0.26410273, 0.17702755
0.68803978, 0.72563863, 0.00021363
0.3287437, 0.33684814
0.00781824, 0.25875026, 0.22183289
0.69515061, 0.69893491, 0.16800439
0.33860952, 0.29555476
0.01105667, 0.2511721, 0.21991025
0.99963379, 0.02038636, 0.01705985
0.35257789, 0.29732668
-0.00781828, 0.24343309, 0.13620067
-0.71379739, -0.68532366, 0.1441084
0.36684272, 0.374475
-0.01178274, 0.24079454, 0.09494703
-0.99972534, -0.00317392, 0.02273629
0.37170619, 0.41249508
-0.01276426, 0.23409271, 0.0
-0.92657244, 0.00012207, 0.37611011
0.38405925, 0.5
-0.01276426, 0.23409271, 0.05831864
-0.99966431, -0.0201117, 0.01464888
0.38405925, 0.44625247
-0.00902569, 0.24305126, 0.05721964
-0.71785641, 0.69447923, -0.04852443
0.36754656, 0.44726533
-0.00689408, 0.22925508, 0.2645728
-0.71828365, -0.64717549, -0.25534835
0.39297616, 0.25616485
-0.00596988, 0.20788684, 0.30412856
-0.72222054, -0.53859067, -0.43391216
0.43236285, 0.21970952
-0.00844267, 0.21333864, 0.30656102
-0.99777216, 0.02005066, 0.06320383
0.4223139, 0.21746773
-1e-08, 0.24022749, 0.13666065
0.0, -0.97903377, 0.20358898
0.49999997, 0.37405103
-0.00781828, 0.24343309, 0.13620067
-0.71379739, -0.68532366, 0.1441084
0.48558906, 0.374475
-0.00833165, 0.232768, 0.0971795
-0.70256662, -0.68977934, 0.17481002
0.48464277, 0.41043758
-0.0090257, 0.22506702, 0.0
-0.65495771, -0.65538502, 0.37614062
0.40069574, 0.5
-0.0090257, 0.22513416, 0.05941764
-0.69643241, -0.71330911, 0.07809687
0.40057194, 0.4452396
0.01178272, 0.24079454, 0.09494703
0.99972534, -0.00317392, 0.02273629
0.37170619, 0.41249508
0.01105669, 0.2511721, 0.13509013
0.99984741, 0.01608326, 0.00570696
0.35257789, 0.37549847
0.00781825, 0.24343309, 0.13620067
0.71379739, -0.68532366, 0.1441084
0.36684272, 0.374475
0.01105668, 0.25644413, 0.17662151
0.99951172, 0.03045747, -0.00128178
0.34286028, 0.33722234
0.00781824, 0.24359393, 0.21798764
0.71855831, -0.68147832, -0.13870662
0.36654627, 0.29909861
-0.0, 0.22132847, 0.0
0.0, -0.92654192, 0.37617114
0.5, 0.5
-0.0, 0.22142342, 0.05987286
0.0, -0.99450666, 0.10446486
0.5, 0.44482005
-0.0090257, 0.22513416, 0.05941764
-0.69643241, -0.71330911, 0.07809687
0.48336351, 0.4452396
0.00833164, 0.232768, 0.09717949
0.70256662, -0.68977934, 0.17481002
0.5153572, 0.41043758
0.00781825, 0.24343309, 0.13620067
0.71379739, -0.68532366, 0.1441084
0.51441085, 0.374475
0.00902569, 0.22506702, 0.0
0.65495771, -0.65538502, 0.37614062
0.40069574, 0.5
0.01276426, 0.23409271, 0.05831864
0.99966431, -0.0201117, 0.01464888
0.38405925, 0.44625247
0.00902569, 0.22506702, 0.0
0.65495771, -0.65538502, 0.37614062
0.51663649, 0.5
0.00902569, 0.22513416, 0.05941764
0.69643241, -0.71330911, 0.07809687
0.51663649, 0.4452396
-0.00781829, 0.25875026, 0.22183289
-0.69515061, 0.69893491, 0.16800439
0.48558903, 0.29555476
0.00833164, 0.24882108, 0.09271457
0.71050143, 0.69170201, -0.12921537
0.35691139, 0.41455257
0.00781825, 0.2589111, 0.1339796
0.69878232, 0.70439774, -0.12445448
0.3383131, 0.37652194
-2e-08, 0.24045491, 0.21719123
0.0, -0.97875911, -0.20490128
0.49999994, 0.29983258
-0.00781829, 0.24359393, 0.21798764
-0.71855831, -0.68147832, -0.13870662
0.48558903, 0.29909861
-0.00781828, 0.24878556, 0.17621547
-0.71822262, -0.69579148, 0.00253304
0.48558906, 0.3375966
0.00781825, 0.24878556, 0.17621547
0.71822262, -0.69579148, 0.00253304
0.51441085, 0.3375966
0.00781824, 0.24359393, 0.21798764
0.71855831, -0.68147832, -0.13870662
0.51441085, 0.29909861
0.00488761, 0.14479744, 0.3879784
0.71761221, 0.60808128, 0.33942688
0.72971451, 0.31503057
0.00691215, 0.14072284, 0.38527897
0.99957275, -0.02893155, -0.00299081
0.73722494, 0.31751835
0.00764299, 0.17123151, 0.34047219
0.99932861, -0.02954192, -0.02154607
0.68099022, 0.35881317
0.0059698, 0.21879044, 0.30899352
0.67247534, 0.55113375, 0.49394208
0.41226494, 0.21522593
0.00844259, 0.21333864, 0.30656102
0.99777216, 0.02005066, 0.06320383
0.4223139, 0.21746773
0.00974964, 0.23577008, 0.26675034
0.99920654, 0.01196326, 0.03762932
0.3809675, 0.25415802
-3e-08, 0.22655648, 0.26367083
0.0, -0.92474133, -0.38056582
0.49999994, 0.25699615
-4e-08, 0.20562863, 0.303121
0.0, -0.76577044, -0.64308602
0.49999994, 0.22063816
-0.00596988, 0.20788684, 0.30412856
-0.72222054, -0.53859067, -0.43391216
0.48899609, 0.21970952
-4e-08, 0.22104865, 0.31000108
0.0, 0.75975829, 0.65016633
0.49999994, 0.21429729
0.0059698, 0.21879044, 0.30899352
0.67247534, 0.55113375, 0.49394208
0.51100373, 0.21522593
0.00689402, 0.24228507, 0.2689279
0.69246501, 0.64925075, 0.31455427
0.51270729, 0.25215113
0.0059698, 0.20788684, 0.30412856
0.72222054, -0.53859067, -0.43391216
0.51100373, 0.21970952
-0.00689408, 0.24228507, 0.2689279
-0.69246501, 0.64925075, 0.31455427
0.48729256, 0.25215113
-0.00596988, 0.21879044, 0.30899352
-0.67247534, 0.55113375, 0.49394208
0.48899609, 0.21522593
0.0059698, 0.20788684, 0.30412856
0.72222054, -0.53859067, -0.43391216
0.43236285, 0.21970952
0.00689402, 0.22925508, 0.2645728
0.71828365, -0.64717549, -0.25534835
0.39297616, 0.25616485
-0.0097497, 0.23577008, 0.26675034
-0.99920654, 0.01196326, 0.03762932
0.3809675, 0.25415802
-0.00596988, 0.21879044, 0.30899352
-0.67247534, 0.55113375, 0.49394208
0.41226494, 0.21522593
-5e-08, 0.13967958, 0.40485713
0.0, 0.66383862, 0.74785608
0.68106282, 0.29947484
0.00488761, 0.1376617, 0.40502089
0.51576281, 0.48518327, 0.70607626
0.69007194, 0.29932392
0.00488761, 0.14479744, 0.3879784
0.71761221, 0.60808128, 0.33942688
0.69007194, 0.31503057
-4e-08, 0.16452548, 0.33685967
0.0, -0.74773401, -0.6639607
0.68106282, 0.36214256
-5e-08, 0.13496047, 0.38146144
0.0, -0.88927883, -0.45731986
0.68106282, 0.3210367
-0.00488771, 0.13664824, 0.38257954
-0.69051182, -0.64458144, -0.32816553
0.67205369, 0.32000625
-5e-08, 0.14648521, 0.38909653
0.0, 0.87420273, 0.48554948
0.68106282, 0.31400013
0.0054044, 0.17597339, 0.34302667
0.71401107, 0.50431836, 0.48561051
0.69102454, 0.3564589
0.00488761, 0.13664824, 0.38257954
0.69051182, -0.64458144, -0.32816553
0.69007194, 0.32000625
-0.00540449, 0.17597339, 0.34302667
-0.71401107, 0.50431836, 0.48561051
0.67110115, 0.3564589
-0.00488771, 0.14479744, 0.3879784
-0.71761221, 0.60808128, 0.33942688
0.67205369, 0.31503057
0.00488761, 0.13664824, 0.38257954
0.69051182, -0.64458144, -0.32816553
0.74473536, 0.32000625
0.0054044, 0.16648963, 0.33791775
0.68199712, -0.54460281, -0.48808253
0.68973064, 0.36116743
-0.00764308, 0.17123151, 0.34047219
-0.99932861, -0.02954192, -0.02154607
0.68099022, 0.35881317
-0.00691225, 0.14072284, 0.38527897
-0.99957275, -0.02893155, -0.00299081
0.73722494, 0.31751835
-0.00488771, 0.14479744, 0.3879784
-0.71761221, 0.60808128, 0.33942688
0.72971451, 0.31503057
-0.00540448, 0.16648963, 0.33791775
-0.68199712, -0.54460281, -0.48808253
0.68973064, 0.36116743
-0.00488771, 0.13664824, 0.38257954
-0.69051182, -0.64458144, -0.32816553
0.74473536, 0.32000625
-0.00691226, 0.13279003, 0.40541613
-0.78722495, -0.03582873, 0.61558884
0.57078409, 0.50637046
0.00488761, 0.12791836, 0.40581137
0.5711844, -0.60875273, 0.55055392
0.57976371, 0.4954955
0.00691215, 0.13279003, 0.40541613
0.78722495, -0.03582873, 0.61558884
0.57078409, 0.49362963
0.00488761, 0.12791836, 0.40581137
0.5711844, -0.60875273, 0.55055392
0.69007194, 0.29859531
-5e-08, 0.12590045, 0.40597516
0.0, -0.84682763, 0.53181553
0.68106282, 0.29844439
-0.00488772, 0.1376617, 0.40502089
-0.51576281, 0.48518327, 0.70607626
0.67205369, 0.29932392
0.00691215, 0.13279003, 0.40541613
0.78722495, -0.03582873, 0.61558884
0.75184703, 0.29895961
0.00488761, 0.12791836, 0.40581137
0.5711844, -0.60875273, 0.55055392
0.76082659, 0.29859531
-0.00691226, 0.13279003, 0.40541613
-0.78722495, -0.03582873, 0.61558884
0.75184703, 0.29895961
-0.00488772, 0.1376617, 0.40502089
-0.51576281, 0.48518327, 0.70607626
0.74286735, 0.29932392
-0.00488772, 0.12791836, 0.40581137
-0.5711844, -0.60875273, 0.55055392
0.76082659, 0.29859531
0.00488761, 0.1376617, 0.40502089
0.51576281, 0.48518327, 0.70607626
0.74286735, 0.29932392
-0.00488772, 0.12791836, 0.40581137
-0.5711844, -0.60875273, 0.55055392
0.67205369, 0.29859531
-0.00781828, 0.24878556, 0.17621547
-0.71822262, -0.69579148, 0.00253304
0.35697687, 0.3375966
0.00781825, 0.26410273, 0.17702755
0.68803978, 0.72563863, 0.00021363
0.51441085, 0.33684814
0.00781825, 0.24878556, 0.17621547
0.71822262, -0.69579148, 0.00253304
0.35697687, 0.3375966
-0.00781828, 0.26410273, 0.17702755
-0.68803978, 0.72563863, 0.00021363
0.48558906, 0.33684814
-2e-08, 0.24561325, 0.17604727
0.0, -0.99996948, 0.00613422
0.49999997, 0.33775163
0.00833164, 0.24882108, 0.09271457
0.71050143, 0.69170201, -0.12921537
0.5153572, 0.41455257
0.00902569, 0.24305126, 0.05721964
0.71785641, 0.69447923, -0.04852443
0.51663649, 0.44726533
-0.00833165, 0.24882108, 0.09271457
-0.71050143, 0.69170201, -0.12921537
0.48464277, 0.41455257
-0.00833165, 0.232768, 0.0971795
-0.70256662, -0.68977934, 0.17481002
0.38650101, 0.41043758
-1e-08, 0.22944331, 0.09810421
0.0, -0.97131258, 0.23767816
0.49999997, 0.40958536
0.00833164, 0.232768, 0.09717949
0.70256662, -0.68977934, 0.17481002
0.38650098, 0.41043758
0.00902569, 0.22513416, 0.05941764
0.69643241, -0.71330911, 0.07809687
0.40057194, 0.4452396
0.00689402, 0.24228507, 0.2689279
0.69246501, 0.64925075, 0.31455427
0.36895883, 0.25215113
-0.00689408, 0.22925508, 0.2645728
-0.71828365, -0.64717549, -0.25534835
0.48729256, 0.25616485
-3e-08, 0.24498364, 0.26982987
0.0, 0.90560627, 0.4240852
0.49999994, 0.25131983
0.00689402, 0.22925508, 0.2645728
0.71828365, -0.64717549, -0.25534835
0.51270729, 0.25616485
-0.00689408, 0.24228507, 0.2689279
-0.69246501, 0.64925075, 0.31455427
0.36895883, 0.25215113
0.0054044, 0.17597339, 0.34302667
0.71401107, 0.50431836, 0.48561051
0.67224985, 0.3564589
0.00844259, 0.21333864, 0.30656102
0.99777216, 0.02005066, 0.06320383
0.60337681, 0.39006627
-4e-08, 0.20562863, 0.303121
0.0, -0.76577044, -0.64308602
0.43652526, 0.50000003
-4e-08, 0.16452548, 0.33685967
0.0, -0.74773401, -0.6639607
0.51228815, 0.50000006
-0.00540448, 0.16648963, 0.33791775
-0.68199712, -0.54460281, -0.48808253
0.50866777, 0.50498086
-4e-08, 0.17793752, 0.34408474
0.0, 0.72057253, 0.69335002
0.48756656, 0.50000006
0.0054044, 0.17597339, 0.34302667
0.71401107, 0.50431836, 0.48561051
0.49118695, 0.4950192
0.0059698, 0.21879044, 0.30899352
0.67247534, 0.55113375, 0.49394208
0.41226494, 0.49449813
0.0054044, 0.16648963, 0.33791775
0.68199712, -0.54460281, -0.48808253
0.50866777, 0.4950192
-0.00596988, 0.21879044, 0.30899352
-0.67247534, 0.55113375, 0.49394208
0.41226494, 0.50550196
-0.00540449, 0.17597339, 0.34302667
-0.71401107, 0.50431836, 0.48561051
0.49118695, 0.50498086
0.0059698, 0.20788684, 0.30412856
0.72222054, -0.53859067, -0.43391216
0.61342573, 0.39230812
-0.00844267, 0.21333864, 0.30656102
-0.99777216, 0.02005066, 0.06320383
0.60337681, 0.39006627
-0.00540449, 0.17597339, 0.34302667
-0.71401107, 0.50431836, 0.48561051
0.67224985, 0.3564589
-0.00596988, 0.20788684, 0.30412856
-0.72222054, -0.53859067, -0.43391216
0.61342573, 0.39230812
-0.00135636, 0.13848215, 0.37811455
-0.57731867, -0.57734919, 0.57734919
0.56029212, 0.50125003
0.00135626, 0.13848215, 0.37811455
0.57734919, -0.57731867, 0.57734919
0.56029212, 0.49875003
0.00135626, 0.14119479, 0.37811455
0.57731867, 0.57734919, 0.57734919
0.55529213, 0.49875003
-0.00135636, 0.14119479, 0.0
-0.6666463, 0.6666463, 0.33332315
0.19590819, 0.06698823
-0.00135636, 0.13848215, 0.0
-0.6666463, -0.6666463, 0.33332315
0.19593209, 0.06948817
-0.00135636, 0.13848215, 0.37811455
-0.57731867, -0.57734919, 0.57734919
0.89287871, 0.06782198
0.00135626, 0.14119479, 0.0
0.6666463, 0.6666463, 0.33332315
0.19565579, 0.04059231
-0.00135636, 0.14119479, 0.0
-0.6666463, 0.6666463, 0.33332315
0.19563189, 0.03809237
-0.00135636, 0.14119479, 0.37811455
-0.57734919, 0.57731867, 0.57734919
0.89257848, 0.03642619
0.00135626, 0.13848215, 0.0
0.6666463, -0.6666463, 0.33332315
0.19593209, 0.06948817
0.00135626, 0.14119479, 0.0
0.6666463, 0.6666463, 0.33332315
0.19590819, 0.06698823
0.00135626, 0.14119479, 0.37811455
0.57731867, 0.57734919, 0.57734919
0.89285481, 0.06532204
-0.00135636, 0.13848215, 0.0
-0.6666463, -0.6666463, 0.33332315
0.19563189, 0.03809237
0.00135626, 0.13848215, 0.0
0.6666463, -0.6666463, 0.33332315
0.19565579, 0.04059231
0.00135626, 0.13848215, 0.37811455
0.57734919, -0.57731867, 0.57734919
0.89260244, 0.03892624
-0.00781828, 0.26410273, -0.17702755
-0.68803978, 0.72563863, -0.00021363
0.3287437, 0.33684814
-0.00781829, 0.25875026, -0.22183289
-0.69515061, 0.69893491, -0.16800439
0.33860952, 0.29555476
-0.01105672, 0.2511721, -0.21991025
-0.99963379, 0.02038636, -0.01705985
0.35257789, 0.29732668
-1e-08, 0.25214577, -0.09178986
0.0, 0.98138368, 0.1919309
0.49999997, 0.4154048
0.00833164, 0.24882108, -0.09271457
0.71050143, 0.69170201, 0.12921537
0.5153572, 0.41455257
0.00781825, 0.2589111, -0.1339796
0.69878232, 0.70439774, 0.12445448
0.51441085, 0.37652194
0.01276426, 0.23409271, -0.05831864
0.99966431, -0.0201117, -0.01464888
0.38405925, 0.44625247
0.00902569, 0.24305126, -0.05721964
0.71785641, 0.69447923, 0.04852443
0.36754656, 0.44726533
-0.01105672, 0.25644413, -0.17662151
-0.99951172, 0.03045747, 0.00128178
0.34286028, 0.33722234
-0.00781829, 0.24359393, -0.21798764
-0.71855831, -0.68147832, 0.13870662
0.3665463, 0.29909861
-1e-08, 0.26211667, -0.1335196
0.0, 0.98443556, 0.17572558
0.49999997, 0.37694585
-0.00781828, 0.2589111, -0.1339796
-0.69878232, 0.70439774, 0.124485
0.48558906, 0.37652194
0.00902569, 0.24305126, -0.05721964
0.71785641, 0.69447923, 0.04852443
0.51663649, 0.44726533
-0.0, 0.24676201, -0.05676442
0.0, 0.99719232, 0.07467879
0.5, 0.44768488
-2e-08, 0.26727501, -0.17719577
0.0, 0.99996948, -0.00201422
0.49999997, 0.33669311
0.00781825, 0.26410273, -0.17702755
0.68803978, 0.72563863, -0.00021363
0.51441085, 0.33684814
0.00781824, 0.25875026, -0.22183289
0.69515061, 0.69893491, -0.16800439
0.51441085, 0.29555476
-0.00833165, 0.24882108, -0.09271457
-0.71050143, 0.69170201, 0.12921537
0.35691139, 0.41455257
-0.00781828, 0.2589111, -0.1339796
-0.69878232, 0.70439774, 0.124485
0.3383131, 0.37652194
-0.01105671, 0.2511721, -0.13509013
-0.99984741, 0.01608326, -0.00570696
0.35257789, 0.37549847
-0.00902569, 0.24305126, -0.05721964
-0.71785641, 0.69447923, 0.04852443
0.48336351, 0.44726533
0.00781825, 0.26410273, -0.17702755
0.68803978, 0.72563863, -0.00021363
0.3287437, 0.33684814
0.01105668, 0.25644413, -0.17662151
0.99951172, 0.03045747, 0.00128178
0.34286028, 0.33722234
0.01105667, 0.2511721, -0.21991025
0.99963379, 0.02038636, -0.01705985
0.35257789, 0.29732668
-0.01178274, 0.24079454, -0.09494703
-0.99972534, -0.00317392, -0.02273629
0.37170619, 0.41249508
-0.00781828, 0.24343309, -0.13620067
-0.71379739, -0.68532366, -0.1441084
0.36684272, 0.374475
-0.00902569, 0.24305126, -0.05721964
-0.71785641, 0.69447923, 0.04852443
0.36754656, 0.44726533
-0.01276426, 0.23409271, -0.05831864
-0.99966431, -0.0201117, -0.01464888
0.38405925, 0.44625247
-0.00689408, 0.22925508, -0.2645728
-0.71828365, -0.64717549, 0.25534835
0.39297616, 0.25616485
-0.0097497, 0.23577008, -0.26675034
-0.99920654, 0.01196326, -0.03762932
0.3809675, 0.25415802
-0.00844267, 0.21333864, -0.30656102
-0.99777216, 0.02005066, -0.06320383
0.4223139, 0.21746773
-0.00833165, 0.232768, -0.0971795
-0.70256662, -0.68977934, -0.17481002
0.48464277, 0.41043758
-0.00781828, 0.24343309, -0.13620067
-0.71379739, -0.68532366, -0.1441084
0.48558906, 0.374475
-1e-08, 0.24022749, -0.13666065
0.0, -0.97903377, -0.20358898
0.49999997, 0.37405103
-0.0090257, 0.22513416, -0.05941764
-0.69643241, -0.71330911, -0.07809687
0.40057194, 0.4452396
0.01178272, 0.24079454, -0.09494703
0.99972534, -0.00317392, -0.02273629
0.37170619, 0.41249508
0.00833164, 0.232768, -0.09717949
0.70256662, -0.68977934, -0.17481002
0.38650098, 0.41043758
0.00781825, 0.24343309, -0.13620067
0.71379739, -0.68532366, -0.1441084
0.36684272, 0.374475
0.00781825, 0.24878556, -0.17621547
0.71822262, -0.69579148, -0.00253304
0.35697687, 0.3375966
0.00781824, 0.24359393, -0.21798764
0.71855831, -0.68147832, 0.13870662
0.36654627, 0.29909861
-0.0090257, 0.22513416, -0.05941764
-0.69643241, -0.71330911, -0.07809687
0.48336351, 0.4452396
-0.0, 0.22142342, -0.05987286
0.0, -0.99450666, -0.10446486
0.5, 0.44482005
0.00833164, 0.232768, -0.09717949
0.70256662, -0.68977934, -0.17481002
0.5153572, 0.41043758
-1e-08, 0.22944331, -0.09810421
0.0, -0.97131258, -0.23767816
0.49999997, 0.40958536
0.00902569, 0.22513416, -0.05941764
0.69643241, -0.71330911, -0.07809687
0.40057194, 0.4452396
0.00902569, 0.22513416, -0.05941764
0.69643241, -0.71330911, -0.07809687
0.51663649, 0.4452396
-2e-08, 0.26188925, -0.22262928
0.0, 0.9733268, -0.2293466
0.49999994, 0.29482079
-0.00781829, 0.25875026, -0.22183289
-0.69515061, 0.69893491, -0.16800439
0.48558903, 0.29555476
0.00833164, 0.24882108, -0.09271457
0.71050143, 0.69170201, 0.12921537
0.35691139, 0.41455257
0.01105669, 0.2511721, -0.13509013
0.99984741, 0.01608326, -0.00570696
0.35257789, 0.37549847
-0.00902569, 0.24311841, 0.0
-0.65492719, 0.65538502, 0.37617114
0.36742276, 0.50831825
-0.0, 0.22132847, 0.0
0.0, -0.92654192, 0.37617114
0.40758681, 0.5
0.00902569, 0.22506702, 0.0
0.65495771, -0.65538502, 0.37614062
0.40069574, 0.49168175
-0.00781828, 0.24878556, -0.17621547
-0.71822262, -0.69579148, -0.00253304
0.48558906, 0.3375966
-0.00781829, 0.24359393, -0.21798764
-0.71855831, -0.68147832, 0.13870662
0.48558903, 0.29909861
-2e-08, 0.24045491, -0.21719123
0.0, -0.97875911, 0.20490128
0.49999994, 0.29983258
0.00781825, 0.24878556, -0.17621547
0.71822262, -0.69579148, -0.00253304
0.51441085, 0.3375966
-2e-08, 0.24561325, -0.17604727
0.0, -0.99996948, -0.00613422
0.49999997, 0.33775163
0.00764299, 0.17123151, -0.34047219
0.99932861, -0.02954192, 0.02154607
0.68099022, 0.35881317
0.00691215, 0.14072284, -0.38527897
0.99957275, -0.02893155, 0.00299081
0.73722494, 0.31751835
0.00488761, 0.14479744, -0.3879784
0.71761221, 0.60808128, -0.33942688
0.72971451, 0.31503057
0.00974964, 0.23577008, -0.26675034
0.99920654, 0.01196326, -0.03762932
0.3809675, 0.25415802
0.00844259, 0.21333864, -0.30656102
0.99777216, 0.02005066, -0.06320383
0.4223139, 0.21746773
0.0059698, 0.21879044, -0.30899352
0.67247534, 0.55113375, -0.49394208
0.41226494, 0.21522593
-3e-08, 0.22655648, -0.26367083
0.0, -0.92474133, 0.38056582
0.49999994, 0.25699615
-0.00689408, 0.22925508, -0.2645728
-0.71828365, -0.64717549, 0.25534835
0.48729256, 0.25616485
-0.00596988, 0.20788684, -0.30412856
-0.72222054, -0.53859067, 0.43391216
0.48899609, 0.21970952
0.00689402, 0.24228507, -0.2689279
0.69246501, 0.64925075, -0.31455427
0.51270729, 0.25215113
0.0059698, 0.21879044, -0.30899352
0.67247534, 0.55113375, -0.49394208
0.51100373, 0.21522593
-4e-08, 0.22104865, -0.31000108
0.0, 0.75975829, -0.65016633
0.49999994, 0.21429729
-4e-08, 0.20562863, -0.303121
0.0, -0.76577044, 0.64308602
0.49999994, 0.22063816
0.0059698, 0.20788684, -0.30412856
0.72222054, -0.53859067, 0.43391216
0.51100373, 0.21970952
-0.00689408, 0.24228507, -0.2689279
-0.69246501, 0.64925075, -0.31455427
0.48729256, 0.25215113
-3e-08, 0.24498364, -0.26982987
0.0, 0.90560627, -0.42411572
0.49999994, 0.25131983
0.00689402, 0.22925508, -0.2645728
0.71828365, -0.64717549, 0.25534835
0.39297616, 0.25616485
0.0059698, 0.20788684, -0.30412856
0.72222054, -0.53859067, 0.43391216
0.43236285, 0.21970952
-0.00689408, 0.24228507, -0.2689279
-0.69246501, 0.64925075, -0.31455427
0.36895883, 0.25215113
-0.00596988, 0.21879044, -0.30899352
-0.67247534, 0.55113375, -0.49394208
0.41226494, 0.21522593
0.00488761, 0.14479744, -0.3879784
0.71761221, 0.60808128, -0.33942688
0.69007194, 0.31503057
0.00488761, 0.1376617, -0.40502089
0.51576281, 0.48518327, -0.70607626
0.69007194, 0.29932392
-5e-08, 0.13967958, -0.40485713
0.0, 0.66383862, -0.74785608
0.68106282, 0.29947484
-4e-08, 0.16452548, -0.33685967
0.0, -0.74773401, 0.6639607
0.68106282, 0.36214256
-0.00540448, 0.16648963, -0.33791775
-0.68199712, -0.54460281, 0.48808253
0.67110115, 0.36116743
-0.00488771, 0.13664824, -0.38257954
-0.69051182, -0.64458144, 0.32816553
0.67205369, 0.32000625
0.0054044, 0.17597339, -0.34302667
0.71401107, 0.50431836, -0.48561051
0.69102454, 0.3564589
-5e-08, 0.14648521, -0.38909653
0.0, 0.87420273, -0.48554948
0.68106282, 0.31400013
-5e-08, 0.13496047, -0.38146144
0.0, -0.88927883, 0.45731986
0.68106282, 0.3210367
0.00488761, 0.13664824, -0.38257954
0.69051182, -0.64458144, 0.32816553
0.69007194, 0.32000625
-0.00540449, 0.17597339, -0.34302667
-0.71401107, 0.50431836, -0.48561051
0.67110115, 0.3564589
-4e-08, 0.17793752, -0.34408474
0.0, 0.72057253, -0.69335002
0.68106282, 0.35548377
0.0054044, 0.16648963, -0.33791775
0.68199712, -0.54460281, 0.48808253
0.68973064, 0.36116743
0.00488761, 0.13664824, -0.38257954
0.69051182, -0.64458144, 0.32816553
0.74473536, 0.32000625
-0.00764308, 0.17123151, -0.34047219
-0.99932861, -0.02954192, 0.02154607
0.68099022, 0.35881317
-0.00540449, 0.17597339, -0.34302667
-0.71401107, 0.50431836, -0.48561051
0.67224985, 0.3564589
-0.00488771, 0.14479744, -0.3879784
-0.71761221, 0.60808128, -0.33942688
0.72971451, 0.31503057
-0.00540448, 0.16648963, -0.33791775
-0.68199712, -0.54460281, 0.48808253
0.68973064, 0.36116743
-0.00691225, 0.14072284, -0.38527897
-0.99957275, -0.02893155, 0.00299081
0.73722494, 0.31751835
-0.00488772, 0.12791836, -0.40581137
-0.57115388, -0.60875273, -0.55055392
0.57976371, 0.50450462
-0.00691226, 0.13279003, -0.40541613
-0.78722495, -0.03582873, -0.61558884
0.57078409, 0.50637046
-5e-08, 0.13967958, -0.40485713
0.0, 0.66383862, -0.74785608
0.55808496, 0.50000006
-5e-08, 0.12590045, -0.40597516
0.0, -0.84682763, -0.53181553
0.68106282, 0.29844439
0.00488761, 0.12791836, -0.40581137
0.57115388, -0.60875273, -0.55055392
0.69007194, 0.29859531
-0.00488771, 0.14479744, -0.3879784
-0.71761221, 0.60808128, -0.33942688
0.67205369, 0.31503057
0.00488761, 0.12791836, -0.40581137
0.57115388, -0.60875273, -0.55055392
0.76082659, 0.29859531
0.00691215, 0.13279003, -0.40541613
0.78722495, -0.03582873, -0.61558884
0.75184703, 0.29895961
-0.00488772, 0.1376617, -0.40502089
-0.51576281, 0.48518327, -0.70607626
0.74286735, 0.29932392
-0.00488771, 0.13664824, -0.38257954
-0.69051182, -0.64458144, 0.32816553
0.74473536, 0.32000625
-0.00691226, 0.13279003, -0.40541613
-0.78722495, -0.03582873, -0.61558884
0.75184703, 0.29895961
0.00488761, 0.1376617, -0.40502089
0.51576281, 0.48518327, -0.70607626
0.74286735, 0.29932392
-0.00488772, 0.12791836, -0.40581137
-0.57115388, -0.60875273, -0.55055392
0.67205369, 0.29859531
-0.00781828, 0.24878556, -0.17621547
-0.71822262, -0.69579148, -0.00253304
0.35697687, 0.3375966
0.00781825, 0.2589111, -0.1339796
0.69878232, 0.70439774, 0.12445448
0.3383131, 0.37652194
-0.00781828, 0.26410273, -0.17702755
-0.68803978, 0.72563863, -0.00021363
0.48558906, 0.33684814
0.00781825, 0.24343309, -0.13620067
0.71379739, -0.68532366, -0.1441084
0.51441085, 0.374475
0.00689402, 0.24228507, -0.2689279
0.69246501, 0.64925075, -0.31455427
0.36895883, 0.25215113
0.00689402, 0.22925508, -0.2645728
0.71828365, -0.64717549, 0.25534835
0.51270729, 0.25616485
0.00844259, 0.21333864, -0.30656102
0.99777216, 0.02005066, -0.06320383
0.60337681, 0.39006627
0.0054044, 0.17597339, -0.34302667
0.71401107, 0.50431836, -0.48561051
0.67224985, 0.3564589
-4e-08, 0.20562863, -0.303121
0.0, -0.76577044, 0.64308602
0.43652526, 0.50000003
-0.00596988, 0.20788684, -0.30412856
-0.72222054, -0.53859067, 0.43391216
0.43236285, 0.50550196
-0.00540448, 0.16648963, -0.33791775
-0.68199712, -0.54460281, 0.48808253
0.50866777, 0.50498086
0.0059698, 0.21879044, -0.30899352
0.67247534, 0.55113375, -0.49394208
0.41226494, 0.49449813
0.0054044, 0.17597339, -0.34302667
0.71401107, 0.50431836, -0.48561051
0.49118695, 0.4950192
-4e-08, 0.17793752, -0.34408474
0.0, 0.72057253, -0.69335002
0.48756656, 0.50000006
-4e-08, 0.16452548, -0.33685967
0.0, -0.74773401, 0.6639607
0.51228815, 0.50000006
0.0054044, 0.16648963, -0.33791775
0.68199712, -0.54460281, 0.48808253
0.50866777, 0.4950192
-0.00596988, 0.21879044, -0.30899352
-0.67247534, 0.55113375, -0.49394208
0.41226494, 0.50550196
-4e-08, 0.22104865, -0.31000108
0.0, 0.75975829, -0.65016633
0.40810254, 0.50000003
0.0059698, 0.20788684, -0.30412856
0.72222054, -0.53859067, 0.43391216
0.61342573, 0.39230812
-0.00844267, 0.21333864, -0.30656102
-0.99777216, 0.02005066, -0.06320383
0.60337681, 0.39006627
-0.00596988, 0.21879044, -0.30899352
-0.67247534, 0.55113375, -0.49394208
0.59332788, 0.38782454
-0.00596988, 0.20788684, -0.30412856
-0.72222054, -0.53859067, 0.43391216
0.61342573, 0.39230812
0.00135626, 0.14119479, -0.37811455
0.57731867, 0.57734919, -0.57734919
0.55529213, 0.49875003
0.00135626, 0.13848215, -0.37811455
0.57734919, -0.57731867, -0.57734919
0.56029212, 0.49875003
-0.00135636, 0.13848215, -0.37811455
-0.57731867, -0.57734919, -0.57734919
0.56029212, 0.50125003
0.00135626, 0.13848215, 0.0
0.6666463, -0.6666463, 0.33332315
0.76388431, 0.01728332
0.00135626, 0.14119479, 0.0
0.6666463, 0.6666463, 0.33332315
0.76386046, 0.01478338
-0.00135636, 0.14119479, 0.0
-0.6666463, 0.6666463, 0.33332315
0.75886047, 0.0147953
-0.00135636, 0.13848215, -0.37811455
-0.57731867, -0.57734919, -0.57734919
0.89287871, 0.06782198
-0.00135636, 0.14119479, -0.37811455
-0.57734919, 0.57731867, -0.57734919
0.89257848, 0.03642619
0.00135626, 0.14119479, -0.37811455
0.57731867, 0.57734919, -0.57734919
0.89285481, 0.06532204
0.00135626, 0.13848215, -0.37811455
0.57734919, -0.57731867, -0.57734919
0.89260244, 0.03892624
-0.00902569, 0.24311841, 0.0
-0.65492719, 0.65538502, 0.37617114
0.36742276, 0.5
-0.0090257, 0.22506702, 0.0
-0.65495771, -0.65538502, 0.37614062
0.48336351, 0.5
-0.00540448, 0.16648963, 0.33791775
-0.68199712, -0.54460281, -0.48808253
0.67110115, 0.36116743
-4e-08, 0.17793752, 0.34408474
0.0, 0.72057253, 0.69335002
0.68106282, 0.35548377
0.0054044, 0.16648963, 0.33791775
0.68199712, -0.54460281, -0.48808253
0.69102454, 0.36116743
0.00488761, 0.1376617, 0.40502089
0.51576281, 0.48518327, 0.70607626
0.56180447, 0.4954955
-5e-08, 0.13967958, 0.40485713
0.0, 0.66383862, 0.74785608
0.55808496, 0.50000006
-0.00488772, 0.1376617, 0.40502089
-0.51576281, 0.48518327, 0.70607626
0.56180447, 0.50450462
-0.00488772, 0.12791836, 0.40581137
-0.5711844, -0.60875273, 0.55055392
0.57976371, 0.50450462
-5e-08, 0.12590045, 0.40597516
0.0, -0.84682763, 0.53181553
0.58348322, 0.50000006
0.0059698, 0.21879044, 0.30899352
0.67247534, 0.55113375, 0.49394208
0.59332788, 0.38782454
-0.00596988, 0.20788684, 0.30412856
-0.72222054, -0.53859067, -0.43391216
0.43236285, 0.50550196
-4e-08, 0.22104865, 0.31000108
0.0, 0.75975829, 0.65016633
0.40810254, 0.50000003
0.0059698, 0.20788684, 0.30412856
0.72222054, -0.53859067, -0.43391216
0.43236285, 0.49449813
-0.00596988, 0.21879044, 0.30899352
-0.67247534, 0.55113375, 0.49394208
0.59332788, 0.38782454
-0.00135636, 0.14119479, 0.37811455
-0.57734919, 0.57731867, 0.57734919
0.55529213, 0.50125003
-0.00135636, 0.14119479, 0.37811455
-0.57734919, 0.57731867, 0.57734919
0.89285481, 0.06532204
0.00135626, 0.14119479, 0.37811455
0.57731867, 0.57734919, 0.57734919
0.89260244, 0.03892624
0.00135626, 0.13848215, 0.37811455
0.57734919, -0.57731867, 0.57734919
0.89287871, 0.06782198
-0.00135636, 0.13848215, 0.37811455
-0.57731867, -0.57734919, 0.57734919
0.89257848, 0.03642619
-0.00833165, 0.24882108, -0.09271457
-0.71050143, 0.69170201, 0.12921537
0.48464277, 0.41455257
0.00781824, 0.25875026, -0.22183289
0.69515061, 0.69893491, -0.16800439
0.33860952, 0.29555476
-0.00833165, 0.232768, -0.0971795
-0.70256662, -0.68977934, -0.17481002
0.38650101, 0.41043758
-0.00596988, 0.20788684, -0.30412856
-0.72222054, -0.53859067, 0.43391216
0.43236285, 0.21970952
0.01276426, 0.23409271, 0.0
0.92657244, 0.00012207, 0.37611011
0.38405925, 0.48823619
0.00902569, 0.24311841, 0.0
0.65492719, 0.65538502, 0.37617114
0.36742276, 0.49168175
-0.0, 0.24685699, 0.0
0.0, 0.92651141, 0.37620166
0.36053169, 0.5
-0.01276426, 0.23409271, 0.0
-0.92657244, 0.00012207, 0.37611011
0.38405925, 0.51176378
-0.0090257, 0.22506702, 0.0
-0.65495771, -0.65538502, 0.37614062
0.40069574, 0.50831825
0.00781824, 0.24359393, -0.21798764
0.71855831, -0.68147832, 0.13870662
0.51441085, 0.29909861
-0.00596988, 0.21879044, -0.30899352
-0.67247534, 0.55113375, -0.49394208
0.48899609, 0.21522593
0.0054044, 0.16648963, -0.33791775
0.68199712, -0.54460281, 0.48808253
0.69102454, 0.36116743
0.00488761, 0.1376617, -0.40502089
0.51576281, 0.48518327, -0.70607626
0.56180447, 0.4954955
0.00691215, 0.13279003, -0.40541613
0.78722495, -0.03582873, -0.61558884
0.57078409, 0.49362963
0.00488761, 0.12791836, -0.40581137
0.57115388, -0.60875273, -0.55055392
0.57976371, 0.4954955
-5e-08, 0.12590045, -0.40597516
0.0, -0.84682763, -0.53181553
0.58348322, 0.50000006
-0.00488772, 0.1376617, -0.40502089
-0.51576281, 0.48518327, -0.70607626
0.56180447, 0.50450462
-0.00488772, 0.1376617, -0.40502089
-0.51576281, 0.48518327, -0.70607626
0.67205369, 0.29932392
-0.00488772, 0.12791836, -0.40581137
-0.57115388, -0.60875273, -0.55055392
0.76082659, 0.29859531
0.0059698, 0.21879044, -0.30899352
0.67247534, 0.55113375, -0.49394208
0.59332788, 0.38782454
0.0059698, 0.20788684, -0.30412856
0.72222054, -0.53859067, 0.43391216
0.43236285, 0.49449813
-0.00540449, 0.17597339, -0.34302667
-0.71401107, 0.50431836, -0.48561051
0.49118695, 0.50498086
-0.00135636, 0.14119479, -0.37811455
-0.57734919, 0.57731867, -0.57734919
0.55529213, 0.50125003
-0.00135636, 0.13848215, 0.0
-0.6666463, -0.6666463, 0.33332315
0.75888443, 0.01729536
-0.00135636, 0.14119479, -0.37811455
-0.57734919, 0.57731867, -0.57734919
0.89285481, 0.06532204
0.00135626, 0.14119479, -0.37811455
0.57731867, 0.57734919, -0.57734919
0.89260244, 0.03892624
0.00135626, 0.13848215, -0.37811455
0.57734919, -0.57731867, -0.57734919
0.89287871, 0.06782198
-0.00135636, 0.13848215, -0.37811455
-0.57731867, -0.57734919, -0.57734919
0.89257848, 0.03642619
# Number of Faces:
360
# Face Data:
0, 1, 2
3, 4, 5
6, 7, 8
9, 0, 10
11, 4, 3
12, 13, 14
15, 16, 17
18, 19, 20
21, 22, 14
23, 24, 25
26, 18, 27
28, 29, 30
31, 32, 33
34, 35, 36
37, 38, 29
39, 40, 41
42, 25, 43
44, 45, 46
47, 48, 34
49, 6, 50
44, 51, 52
53, 16, 15
54, 55, 40
56, 57, 58
59, 60, 56
61, 62, 63
64, 65, 66
67, 68, 69
70, 71, 72
73, 68, 67
74, 75, 70
65, 76, 77
78, 33, 79
80, 81, 82
83, 84, 85
86, 82, 87
88, 84, 83
89, 90, 86
62, 91, 92
93, 94, 95
96, 97, 94
98, 99, 100
101, 102, 84
90, 103, 80
104, 105, 91
94, 106, 107
97, 108, 106
109, 104, 62
84, 102, 110
10, 2, 19
111, 10, 18
4, 15, 112
55, 23, 42
40, 42, 113
114, 15, 4
115, 58, 35
48, 59, 115
3, 116, 117
22, 118, 3
29, 27, 20
38, 119, 27
45, 120, 36
39, 121, 122
47, 120, 45
54, 39, 50
9, 31, 78
123, 66, 25
56, 67, 124
125, 72, 17
126, 67, 56
53, 74, 125
66, 77, 43
0, 78, 127
128, 63, 129
130, 131, 132
133, 134, 135
136, 131, 130
137, 138, 133
63, 92, 139
140, 93, 141
142, 96, 93
143, 144, 145
146, 147, 148
149, 150, 151
152, 153, 154
155, 156, 157
158, 159, 160
161, 162, 163
6, 164, 165
166, 160, 167
161, 168, 169
12, 170, 171
172, 173, 174
175, 176, 177
171, 178, 21
179, 180, 181
182, 177, 183
184, 185, 28
186, 187, 188
189, 190, 191
185, 192, 37
193, 194, 195
180, 196, 197
198, 199, 44
200, 201, 191
49, 202, 164
44, 199, 203
172, 204, 205
206, 193, 207
208, 209, 210
211, 212, 213
214, 215, 213
216, 217, 218
219, 220, 221
222, 223, 224
225, 226, 227
222, 228, 229
230, 231, 227
232, 233, 220
187, 234, 235
236, 237, 238
239, 240, 241
242, 236, 243
239, 244, 245
246, 247, 243
248, 249, 217
250, 251, 252
253, 250, 254
255, 256, 257
244, 258, 259
260, 243, 238
249, 261, 262
254, 252, 263
264, 254, 265
217, 262, 266
244, 241, 267
176, 158, 166
177, 166, 268
168, 163, 173
269, 207, 180
207, 195, 196
168, 172, 270
190, 211, 215
271, 191, 215
170, 162, 161
178, 171, 161
185, 184, 175
192, 185, 182
199, 198, 189
202, 194, 193
199, 201, 200
164, 193, 206
167, 160, 187
181, 219, 272
213, 212, 223
174, 225, 231
213, 222, 273
205, 204, 231
197, 232, 219
160, 159, 234
274, 216, 275
276, 277, 278
279, 280, 281
276, 282, 283
284, 285, 281
286, 248, 216
287, 288, 251
289, 287, 250
290, 291, 292
293, 294, 295
296, 147, 146
297, 150, 149
298, 153, 152
299, 156, 155
10, 0, 2
116, 3, 5
50, 6, 8
111, 9, 10
118, 11, 3
117, 12, 14
112, 15, 17
27, 18, 20
13, 21, 14
42, 23, 25
119, 26, 27
300, 28, 30
78, 31, 33
120, 34, 36
28, 37, 29
121, 39, 41
113, 42, 43
301, 44, 46
120, 47, 34
122, 49, 50
45, 44, 52
114, 53, 15
39, 54, 40
115, 56, 58
115, 59, 56
128, 61, 63
123, 64, 66
124, 67, 69
125, 70, 72
126, 73, 67
125, 74, 70
66, 65, 77
127, 78, 79
86, 80, 82
302, 83, 85
303, 86, 87
304, 88, 83
303, 89, 86
63, 62, 92
141, 93, 95
93, 96, 94
100, 305, 306
306, 307, 98
98, 308, 309
309, 99, 98
100, 306, 98
88, 101, 84
86, 90, 80
62, 104, 91
95, 94, 107
94, 97, 106
61, 109, 62
85, 84, 110
18, 10, 19
26, 111, 18
5, 4, 112
40, 55, 42
41, 40, 113
11, 114, 4
34, 115, 35
34, 48, 115
14, 3, 117
14, 22, 3
30, 29, 20
29, 38, 27
46, 45, 36
50, 39, 122
52, 47, 45
8, 54, 50
0, 9, 78
24, 123, 25
57, 56, 124
16, 125, 17
60, 126, 56
16, 53, 125
25, 66, 43
1, 0, 127
310, 128, 129
311, 130, 132
312, 133, 135
313, 136, 130
312, 137, 133
129, 63, 139
314, 140, 141
140, 142, 93
315, 143, 145
316, 146, 148
317, 149, 151
318, 152, 154
319, 155, 157
166, 158, 160
168, 161, 163
7, 6, 165
268, 166, 167
320, 161, 169
13, 12, 171
204, 172, 174
182, 175, 177
13, 171, 21
321, 179, 181
322, 182, 183
300, 184, 28
323, 186, 188
201, 189, 191
28, 185, 37
207, 193, 195
181, 180, 197
301, 198, 44
271, 200, 191
6, 49, 164
51, 44, 203
270, 172, 205
269, 206, 207
210, 324, 325
325, 326, 208
208, 327, 328
328, 209, 208
210, 325, 208
215, 211, 213
329, 214, 213
275, 216, 218
272, 219, 221
228, 222, 224
231, 225, 227
273, 222, 229
330, 230, 227
219, 232, 220
188, 187, 235
243, 236, 238
244, 239, 241
247, 242, 243
331, 239, 245
260, 246, 243
216, 248, 217
254, 250, 252
264, 253, 254
257, 332, 333
333, 334, 257
335, 255, 257
256, 336, 257
257, 334, 335
245, 244, 259
337, 260, 238
217, 249, 262
265, 254, 263
338, 264, 265
218, 217, 266
258, 244, 267
177, 176, 166
183, 177, 268
172, 168, 173
179, 269, 180
180, 207, 196
169, 168, 270
191, 190, 215
214, 271, 215
171, 170, 161
320, 178, 161
182, 185, 175
322, 192, 182
201, 199, 189
164, 202, 193
203, 199, 200
165, 164, 206
186, 167, 187
321, 181, 272
222, 213, 223
204, 174, 231
329, 213, 273
230, 205, 231
181, 197, 219
187, 160, 234
339, 274, 275
282, 276, 278
285, 279, 281
340, 276, 283
341, 284, 281
274, 286, 216
250, 287, 251
253, 289, 250
342, 290, 292
343, 293, 295
344, 296, 146
345, 297, 149
346, 298, 152
347, 299, 155
