# Project Zomboid Skinned Mesh
# File Version:
1.0
# Model Name:
weapons_poolcue.001
# Vertex Stride Element Count:
3
# Vertex Stride Size (in bytes):
76
# Vertex Stride Data:
# (Int)    Offset
# (String) Type
0
VertexArray
12
NormalArray
24
TextureCoordArray
# Vertex Count:
60
# Vertex Buffer:
0.002224, 0.58024573, 0.01133957
0.74254584, -0.00479141, 0.6697287
0.83025301, 0.16886902
0.000338, 0.58847874, -0.01316323
-0.01684622, 0.53111362, -0.84710228
0.642757, 0.13510501
0.000338, 0.61813575, 0.01463471
-0.01541185, 0.93942076, 0.34238717
0.766873, 0.01347798
0.001227, 0.54576278, -0.01788643
0.68330944, 0.04309214, -0.72881252
0.538369, 0.31028301
-0.001548, 0.58024573, 0.01133957
0.85402995, -0.04223762, 0.51847893
0.86094397, 0.15987599
-0.000551, 0.54576278, -0.01788643
-0.70168155, 0.04461806, -0.71105075
0.538369, 0.31028301
-0.001548, 0.58024573, 0.01133957
0.85402995, -0.04223762, 0.51847893
0.83025301, 0.16886902
-0.001548, 0.16846937, 0.01254757
-0.69823295, 0.00399792, 0.71584213
0.84232497, 0.551788
0.002224, 0.16846937, 0.01254757
0.69823295, 0.00384533, 0.71584213
0.84232497, 0.551788
0.002224, 0.16966838, -0.01889498
0.71556747, 0.00375378, -0.69850767
0.48425901, 0.55691499
-0.001548, 0.16966838, -0.01889498
-0.71556747, 0.00375378, -0.69850767
0.48425901, 0.55691499
-0.01394596, 0.16538671, 0.02078873
-0.6319468, -0.39210182, 0.6684469
0.0, 1.0
-0.01262994, 0.16950113, 0.01894196
-0.48567155, 0.75707269, 0.43693349
0.0, 1.0
-0.01262994, 0.16950113, -0.02293881
-0.51658678, 0.75008392, -0.41282389
0.0, 1.0
0.01376193, 0.16950113, 0.01894196
0.46455276, 0.75124365, 0.46879482
0.0, 1.0
0.01376193, 0.16950113, -0.02293881
0.49330118, 0.76845604, -0.40751365
0.0, 1.0
0.01532233, 0.16538671, 0.0203676
0.65611744, -0.40189826, 0.63869137
0.0, 1.0
0.01499813, 0.16538671, -0.02519637
0.61903745, -0.37418744, -0.69045079
0.0, 1.0
-0.01360296, 0.16538671, -0.02510374
-0.60814232, -0.39011809, -0.69130528
0.0, 1.0
-0.007091, 0.04044392, 0.01113384
-0.75258642, 0.0113834, 0.6583758
0.254475, 0.76152501
-0.010029, 0.04044392, 0.0
-0.9992981, 0.0089114, 0.03567614
0.007672, 0.76152501
-0.010802, -0.08355408, 0.0
-0.97628713, -0.21375164, 0.03390606
0.007672, 0.895198
0.010029, 0.04044392, 0.0
0.99932861, 0.006592, 0.03570665
0.99488598, 0.76152501
0.00910767, 0.16847745, -0.0009789
0.74553668, 0.66591388, 0.02639851
0.99488598, 0.61511299
0.0065304, 0.16845456, 0.00929503
0.59248632, 0.62334055, 0.51023895
0.74808198, 0.61511299
0.0, -0.08778108, 0.01274084
0.0, -0.79335916, 0.60869169
0.501279, 0.983904
0.00615, -0.08778108, 0.01019284
0.47041231, -0.78469193, 0.4036378
0.74808198, 0.983904
0.007638, -0.08355408, 0.01168084
0.73180336, -0.21240883, 0.64751124
0.74808198, 0.895198
0.0, -0.08778108, -0.01710887
0.0, -0.79335916, -0.60869169
0.501279, 0.983904
0.0, -0.08355408, -0.01921287
0.0, -0.21430098, -0.97674489
0.501279, 0.895198
0.007638, -0.08355408, -0.01604887
0.75298321, -0.21121861, -0.62318796
0.74808198, 0.895198
-0.00593505, 0.16848275, -0.0156132
-0.61418498, 0.61561936, -0.49366742
0.254475, 0.61511299
0.00029382, 0.16849738, -0.01819589
-0.0003357, 0.6322825, -0.77471238
0.501279, 0.61511299
0.0, 0.04044392, -0.01843987
-0.00027467, 0.00405896, -0.99996948
0.501279, 0.76152501
0.0, -0.08355408, 0.01484484
0.0, -0.21430098, 0.97674489
0.501279, 0.895198
-0.007638, -0.08355408, 0.01168084
-0.73180336, -0.21240883, 0.64751124
0.254475, 0.895198
0.0, 0.04044392, 0.01407184
-0.00027467, 0.01165807, 0.99990845
0.501279, 0.76152501
-0.00615, -0.08778108, -0.01456087
-0.49162266, -0.77959532, -0.38789025
0.254475, 0.983904
-0.007638, -0.08355408, -0.01604887
-0.75298321, -0.21121861, -0.62318796
0.254475, 0.895198
-0.00615, -0.08778108, 0.01019284
-0.47041231, -0.78469193, 0.4036378
0.254475, 0.983904
0.007091, 0.04044392, -0.01550187
0.77632982, 0.00515763, -0.63029879
0.74808198, 0.76152501
0.00652494, 0.16849515, -0.01561861
0.61449021, 0.61488694, -0.49424726
0.74808198, 0.61511299
0.007091, 0.04044392, 0.01113384
0.75231177, 0.00964385, 0.65871149
0.74808198, 0.76152501
0.00030153, 0.16843992, 0.01187772
0.00030519, 0.63536483, 0.77217931
0.501279, 0.61511299
-0.0059296, 0.16844216, 0.00930044
-0.59160131, 0.62401193, 0.51045257
0.254475, 0.61511299
-0.007091, 0.04044392, -0.01550187
-0.77657402, 0.00698874, -0.62993258
0.254475, 0.76152501
-0.008698, -0.08778108, 0.0
-0.5731681, -0.81911677, 0.02188177
0.007672, 0.983904
0.00615, -0.08778108, -0.01456087
0.49162266, -0.77959532, -0.38789025
0.74808198, 0.983904
0.008698, -0.08778108, 0.0
0.5731681, -0.81911677, 0.02188177
0.99488598, 0.983904
-0.00851232, 0.16845986, -0.00097124
-0.74468213, 0.66685992, 0.02667318
0.007672, 0.61511299
0.010802, -0.08355408, 0.0
0.97628713, -0.21375164, 0.03390606
0.99488598, 0.895198
-0.00851232, 0.16845986, -0.00097124
-0.74468213, 0.66685992, 0.02667318
0.254475, 0.61511299
0.0065304, 0.16845456, 0.00929503
0.59248632, 0.62334055, 0.51023895
0.99488598, 0.61511299
0.00910767, 0.16847745, -0.0009789
0.74553668, 0.66591388, 0.02639851
0.74808198, 0.61511299
-0.001548, 0.16846937, 0.01254757
-0.69823295, 0.00399792, 0.71584213
0.87836802, 0.54605001
0.00652494, 0.16849515, -0.01561861
0.61449021, 0.61488694, -0.49424726
0.501279, 0.61511299
-0.00593505, 0.16848275, -0.0156132
-0.61418498, 0.61561936, -0.49366742
0.007672, 0.61511299
0.00029382, 0.16849738, -0.01819589
-0.0003357, 0.6322825, -0.77471238
0.254475, 0.61511299
-0.0059296, 0.16844216, 0.00930044
-0.59160131, 0.62401193, 0.51045257
0.501279, 0.61511299
0.00030153, 0.16843992, 0.01187772
0.00030519, 0.63536483, 0.77217931
0.74808198, 0.61511299
# Number of Faces:
86
# Face Data:
0, 1, 2
0, 3, 1
4, 0, 2
1, 3, 5
5, 2, 1
6, 2, 7
8, 9, 3
7, 2, 5
3, 9, 10
8, 0, 4
11, 12, 13
14, 15, 13
16, 17, 15
16, 11, 18
18, 13, 15
14, 12, 11
19, 20, 21
22, 23, 24
25, 26, 27
28, 29, 30
31, 32, 33
25, 34, 35
34, 36, 19
28, 37, 38
39, 35, 21
29, 33, 40
33, 32, 41
42, 24, 43
23, 22, 40
43, 44, 19
45, 33, 29
42, 36, 34
28, 46, 37
46, 25, 39
47, 48, 46
44, 49, 20
47, 30, 50
37, 46, 21
46, 48, 26
21, 20, 45
49, 31, 45
26, 48, 50
50, 22, 42
40, 22, 50
51, 52, 53
0, 8, 3
10, 7, 5
5, 3, 10
54, 8, 4
18, 11, 13
12, 14, 13
14, 16, 15
17, 16, 18
17, 18, 15
16, 14, 11
35, 19, 21
42, 22, 24
34, 25, 27
47, 28, 30
45, 31, 33
39, 25, 35
35, 34, 19
29, 28, 38
46, 39, 21
30, 29, 40
40, 33, 41
36, 42, 43
41, 23, 40
36, 43, 19
38, 45, 29
27, 42, 34
28, 47, 46
19, 44, 20
48, 47, 50
38, 37, 21
25, 46, 26
38, 21, 45
20, 49, 45
27, 26, 50
27, 50, 42
30, 40, 50
53, 55, 56
57, 56, 55
51, 58, 52
59, 52, 58
53, 56, 51
