# Project Zomboid Skinned Mesh
# File Version:
1.0
# Model Name:
Cylinder
# Vertex Stride Element Count:
3
# Vertex Stride Size (in bytes):
76
# Vertex Stride Data:
# (Int)    Offset
# (String) Type
0
VertexArray
12
NormalArray
24
TextureCoordArray
# Vertex Count:
97
# Vertex Buffer:
4.86e-06, 0.25717318, -0.01286581
0.00051881, -0.74266791, -0.66960663
0.89338189, 0.20253575
0.00966637, 0.2571736, -0.00886383
0.48234504, -0.73863947, -0.47083956
0.87619615, 0.20253575
0.00965402, -0.0160958, -0.0088056
0.54893643, -0.63039035, -0.54884487
0.87619627, 0.65160823
0.01366827, 0.25717548, 0.00079772
0.4788354, -0.87768179, 0.01873836
0.85901046, 0.20253575
0.01365592, -0.01609392, 0.00085594
0.77632982, -0.63026828, 0.00012207
0.85901052, 0.65160811
0.0096663, 0.25717774, 0.01045924
0.49739066, -0.72002321, 0.48387095
0.84182471, 0.20253575
0.00965395, -0.01609168, 0.01051746
0.54893643, -0.63014621, 0.54911953
0.84182471, 0.65160802
4.75e-06, 0.25717902, 0.01446113
0.00064089, -0.72579122, 0.68788719
0.82463896, 0.20253575
-7.61e-06, -0.01609039, 0.01451936
-3.052e-05, -0.63008517, 0.77651298
0.82463896, 0.65160781
-0.00965677, 0.2571786, 0.01045915
-0.48115483, -0.72975862, 0.48567155
0.80745327, 0.20253575
-0.00966912, -0.01609081, 0.01051738
-0.54899746, -0.63011569, 0.54908901
0.80745327, 0.65160766
-0.01365867, 0.25717673, 0.00079761
-0.54747152, -0.83678699, 0.00332652
0.79026753, 0.20253575
-0.01367102, -0.01609268, 0.00085583
-0.77639091, -0.63020724, 0.00012207
0.79026753, 0.65160751
0.01438887, 0.27933654, 0.00098725
0.89333779, 0.44920194, 0.01141392
0.50947595, 0.04614288
0.01366931, 0.28010473, 0.00079283
0.91717279, 0.39762565, -0.02548296
0.50954652, 0.04554158
0.00966733, 0.28010699, 0.01045435
0.49559006, 0.76125371, 0.41813409
0.50405592, 0.0438084
-0.00965669, 0.25717449, -0.00886391
-0.46903896, -0.74623859, -0.47230446
0.91056758, 0.20253569
-7.49e-06, -0.01609621, -0.01280758
0.0, -0.63042086, -0.77623826
0.89338201, 0.65160835
-0.01365867, 0.25717673, 0.00079761
-0.54747152, -0.83678699, 0.00332652
0.92775327, 0.20253569
-0.00966904, -0.01609492, -0.00880568
-0.54899746, -0.63032931, -0.54884487
0.9105677, 0.65160835
-0.00966904, -0.01609492, -0.00880568
-0.54899746, -0.63032931, -0.54884487
0.48927557, 0.42785621
-7.61e-06, -0.01609039, 0.01451936
-3.052e-05, -0.63008517, 0.77651298
0.5186131, 0.39851874
-0.00966912, -0.01609081, 0.01051738
-0.54899746, -0.63011569, 0.54908901
0.50142753, 0.39851874
0.01438786, 0.25702316, 0.000992
0.64864039, -0.76107061, -0.00195318
0.510387, 0.05872321
0.01438809, 0.25968423, -0.02642795
0.76488543, -0.6410718, -0.06280709
0.52619445, 0.05586082
-0.01537843, 0.27933788, 0.00098713
-0.81191444, 0.58369702, 0.00332652
0.50781089, 0.02932078
-0.01537944, 0.2570245, 0.00099188
-0.68095952, -0.73229164, 0.0029603
0.50621974, 0.01665998
-0.01537939, 0.26043037, 0.02841054
-0.72884303, -0.68135625, 0.06704917
0.49082994, 0.02106178
0.00965395, -0.01609168, 0.01051746
0.54893643, -0.63014621, 0.54911953
0.53076506, 0.4106707
-7.49e-06, -0.01609621, -0.01280758
0.0, -0.63042086, -0.77623826
0.50142753, 0.44000816
0.00965402, -0.0160958, -0.0088056
0.54893643, -0.63039035, -0.54884487
0.51861304, 0.44000816
0.01365592, -0.01609392, 0.00085594
0.77632982, -0.63026828, 0.00012207
0.53076506, 0.42785621
-0.00257882, 0.28748971, -0.11670215
-0.01825007, 0.58201849, -0.81295204
0.57604271, 0.03071827
-0.0025809, 0.24145713, -0.11669234
-0.01745659, -0.63353372, -0.77349162
0.57513076, 0.00393051
-0.01537921, 0.25968558, -0.02642807
-0.76213872, -0.64598531, -0.04232917
0.52243543, 0.01646602
0.01438898, 0.2793307, -0.02643214
0.73973817, 0.67052215, -0.0560625
0.52471823, 0.04469228
-0.01537832, 0.27933204, -0.02643226
-0.73650318, 0.67537463, -0.03744621
0.52324921, 0.02777928
-0.01537854, 0.27934372, 0.02840651
-0.69948423, 0.71269876, 0.05230872
0.49288461, 0.03137869
-0.01561262, 0.2611284, 0.07026445
-0.72716451, -0.68590349, 0.02722251
0.46810886, 0.02722067
0.01438876, 0.27934238, 0.02840663
0.69853818, 0.71382791, 0.04965362
0.49462098, 0.04710865
0.01438791, 0.26042902, 0.02841066
0.72804958, -0.68242437, 0.06460769
0.49472898, 0.05756176
-0.01561262, 0.2611284, 0.07026445
-0.72716451, -0.68590349, 0.02722251
0.47038493, 0.07193178
-0.01537939, 0.26043037, 0.02841054
-0.72884303, -0.68135625, 0.06704917
0.49329099, 0.07390946
-0.01561203, 0.27436358, 0.07217472
-0.7058931, 0.68843651, 0.16653951
0.46986973, 0.03404087
0.0150717, 0.27436221, 0.07217484
0.70638144, 0.68959624, 0.15942869
0.47224995, 0.04949498
0.01507111, 0.26112702, 0.07026457
0.72786647, -0.68541521, 0.0192877
0.47262371, 0.05596799
-0.00567563, 0.2563532, 0.14483663
-0.47270119, -0.13464767, 0.87084568
0.43213499, 0.04640669
-0.00567563, 0.2563532, 0.14483663
-0.47270119, -0.13464767, 0.87084568
0.43213499, 0.05910438
0.00597943, 0.25635266, 0.14483669
0.47816402, -0.13425092, 0.86791587
0.43334606, 0.05276108
6.4e-06, 0.29122016, -0.01287306
3.052e-05, 0.63008517, -0.77651298
0.45490468, 0.42173731
0.00966791, 0.29122058, -0.00887108
0.54899746, 0.63011569, -0.54911953
0.43771935, 0.42173743
0.00966741, 0.28010285, -0.00886871
0.49559006, 0.76104009, -0.41853085
0.43771946, 0.44000763
0.01366981, 0.29122245, 0.00079046
0.77639091, 0.63020724, -0.00012207
0.42053407, 0.42173761
0.01366931, 0.28010473, 0.00079283
0.91717279, 0.39762565, -0.02548296
0.42053419, 0.44000781
0.00966784, 0.29122472, 0.01045198
0.54899746, 0.63032931, 0.54884487
0.40334874, 0.42173761
0.00966733, 0.28010699, 0.01045435
0.49559006, 0.76125371, 0.41813409
0.40334874, 0.44000804
6.28e-06, 0.291226, 0.01445388
0.0, 0.63042086, 0.77623826
0.3861632, 0.42173755
-0.00965523, 0.29122558, 0.0104519
-0.54893643, 0.63039035, 0.54884487
0.36897755, 0.42173731
-0.00965573, 0.28010786, 0.01045427
-0.48170415, 0.76870024, 0.42072818
0.36897731, 0.44000798
-0.01365713, 0.2912237, 0.00079035
-0.77632982, 0.63026828, -0.00012207
0.3517918, 0.42173702
-0.00965523, 0.29122558, 0.0104519
-0.54893643, 0.63039035, 0.54884487
0.53076506, 0.42785621
6.28e-06, 0.291226, 0.01445388
0.0, 0.63042086, 0.77623826
0.54291701, 0.44000816
-0.00965516, 0.29122147, -0.00887116
-0.54893643, 0.63014621, -0.54911953
0.54291701, 0.39851874
-0.00965566, 0.28010374, -0.00886879
-0.48170415, 0.76845604, -0.42115542
0.47209018, 0.44000739
-0.00965516, 0.29122147, -0.00887116
-0.54893643, 0.63014621, -0.54911953
0.47209007, 0.42173707
-0.01365763, 0.28010598, 0.00079272
-0.78914762, 0.61406291, -0.01040681
0.48927557, 0.44000727
-0.01365713, 0.2912237, 0.00079035
-0.77632982, 0.63026828, -0.00012207
0.48927546, 0.42173702
5.89e-06, 0.28010243, -0.01287069
0.00021363, 0.7858516, -0.61839658
0.51639616, 0.03724205
0.00966784, 0.29122472, 0.01045198
0.54899746, 0.63032931, 0.54884487
0.56010246, 0.44000816
6.4e-06, 0.29122016, -0.01287306
3.052e-05, 0.63008517, -0.77651298
0.56010246, 0.39851874
0.01366981, 0.29122245, 0.00079046
0.77639091, 0.63020724, -0.00012207
0.57225448, 0.42785621
0.00966791, 0.29122058, -0.00887108
0.54899746, 0.63011569, -0.54911953
0.57225448, 0.4106707
0.00966741, 0.28010285, -0.00886871
0.49559006, 0.76104009, -0.41853085
0.5146668, 0.04288268
-0.00965566, 0.28010374, -0.00886879
-0.48170415, 0.76845604, -0.42115542
0.51364404, 0.03203565
-0.01365763, 0.28010598, 0.00079272
-0.78914762, 0.61406291, -0.01040681
0.50804889, 0.03038299
-0.00965573, 0.28010786, 0.01045427
-0.48170415, 0.76870024, 0.42072818
0.50297934, 0.03321278
5.78e-06, 0.28010827, 0.01445625
0.00018311, 0.78658408, 0.61745048
0.50135475, 0.03872931
-0.00965669, 0.25717449, -0.00886391
-0.46903896, -0.74623859, -0.47230446
0.51833755, 0.07136327
-0.01365867, 0.25717673, 0.00079761
-0.54747152, -0.83678699, 0.00332652
0.51322913, 0.0745998
-0.01537944, 0.2570245, 0.00099188
-0.68095952, -0.73229164, 0.0029603
0.51329112, 0.07560319
-0.01537944, 0.2570245, 0.00099188
-0.68095952, -0.73229164, 0.0029603
0.50846422, 0.07548285
-0.01365867, 0.25717673, 0.00079761
-0.54747152, -0.83678699, 0.00332652
0.50867891, 0.07454735
-0.00965677, 0.2571786, 0.01045915
-0.48115483, -0.72975862, 0.48567155
0.50362521, 0.07175511
4.75e-06, 0.25717902, 0.01446113
0.00064089, -0.72579122, 0.68788719
0.50198299, 0.06621981
-0.01537921, 0.25968558, -0.02642807
-0.76213872, -0.64598531, -0.04232917
0.52900034, 0.07295412
4.86e-06, 0.25717318, -0.01286581
0.00051881, -0.74266791, -0.66960663
0.51968747, 0.06546843
0.01366827, 0.25717548, 0.00079772
0.4788354, -0.87768179, 0.01873836
0.51052141, 0.05913883
0.00966637, 0.2571736, -0.00886383
0.48234504, -0.73863947, -0.47083956
0.51649439, 0.06037664
0.0096663, 0.25717774, 0.01045924
0.49739066, -0.72002321, 0.48387095
0.50473714, 0.06105089
-0.0025809, 0.24145713, -0.11669234
-0.01745659, -0.63353372, -0.77349162
0.58065438, 0.05708158
-0.01367102, -0.01609268, 0.00085583
-0.77639091, -0.63020724, 0.00012207
0.92775351, 0.65160835
-0.01367102, -0.01609268, 0.00085583
-0.77639091, -0.63020724, 0.00012207
0.48927557, 0.4106707
5.89e-06, 0.28010243, -0.01287069
0.00021363, 0.7858516, -0.61839658
0.45490479, 0.44000751
5.78e-06, 0.28010827, 0.01445625
0.00018311, 0.78658408, 0.61745048
0.38616306, 0.44000816
-0.01365763, 0.28010598, 0.00079272
-0.78914762, 0.61406291, -0.01040681
0.35179147, 0.44000769
-0.01365713, 0.2912237, 0.00079035
-0.77632982, 0.63026828, -0.00012207
0.53076506, 0.41067076
-0.01365763, 0.28010598, 0.00079272
-0.78914762, 0.61406291, -0.01040681
0.50805855, 0.03036952
# Number of Faces:
100
# Face Data:
0, 1, 2
1, 3, 4
3, 5, 6
5, 7, 8
7, 9, 10
9, 11, 12
13, 14, 15
16, 0, 17
18, 16, 19
20, 21, 22
13, 23, 24
25, 26, 27
28, 21, 20
29, 30, 31
32, 33, 34
35, 32, 36
37, 27, 38
25, 36, 34
32, 35, 24
13, 39, 40
41, 42, 40
39, 37, 43
39, 44, 45
44, 43, 46
47, 41, 45
44, 48, 45
49, 50, 51
50, 52, 53
52, 54, 55
55, 54, 56
56, 57, 58
58, 57, 59
60, 61, 62
63, 64, 49
65, 66, 64
67, 35, 36
61, 68, 69
70, 71, 69
35, 67, 72
13, 35, 72
36, 73, 67
25, 74, 73
25, 37, 75
37, 76, 75
39, 15, 76
39, 76, 37
77, 78, 79
80, 81, 82
42, 82, 83
84, 85, 77
23, 86, 87
88, 86, 23
40, 83, 88
42, 83, 40
24, 87, 85
85, 84, 24
84, 89, 24
46, 43, 38
17, 0, 2
2, 1, 4
4, 3, 6
6, 5, 8
8, 7, 10
10, 9, 12
39, 13, 15
19, 16, 17
90, 18, 19
91, 20, 22
35, 13, 24
37, 25, 27
29, 28, 20
28, 29, 31
36, 32, 34
43, 37, 38
26, 25, 34
89, 32, 24
23, 13, 40
45, 41, 40
44, 39, 43
40, 39, 45
48, 44, 46
48, 47, 45
92, 49, 51
51, 50, 53
53, 52, 55
93, 55, 56
93, 56, 58
94, 58, 59
95, 60, 62
92, 63, 49
63, 65, 64
62, 61, 69
68, 70, 69
14, 13, 72
36, 25, 73
96, 25, 75
84, 77, 79
42, 80, 82
24, 23, 87
40, 88, 23
