# Project Zomboid Skinned Mesh
# File Version:
1.0
# Model Name:
KingdomLongsword_Cube
# Vertex Stride Element Count:
3
# Vertex Stride Size (in bytes):
76
# Vertex Stride Data:
# (Int)    Offset
# (String) Type
0
VertexArray
12
NormalArray
24
TextureCoordArray
# Vertex Count:
172
# Vertex Buffer:
-0.00455743, 0.21226253, 0.00035565
-0.95779288, 0.00067141, -0.28736228
0.292404, 0.23087847
-0.00455743, 0.24928766, 0.00035565
-0.95672476, 0.0, -0.29096347
0.37219754, 0.2304908
-1.49e-06, 0.24928766, -0.01462481
-0.95709097, -3.052e-05, -0.28971222
0.37203366, 0.19674611
0.00455444, 0.21226272, 0.00035565
0.95779288, 0.00067141, -0.28736228
0.29241419, 0.11722517
-1.5e-06, 0.21226272, -0.01485908
0.95861691, 0.0021363, -0.28458509
0.2924726, 0.15145344
-1.49e-06, 0.24928766, -0.01462481
0.95709097, -3.052e-05, -0.28971222
0.37226588, 0.15083361
0.00455444, 0.21226272, 0.00035565
0.95779288, 0.00067141, 0.28736228
0.29240403, 0.19188106
0.00455444, 0.24928784, 0.00035565
0.95672476, 0.0, 0.29096347
0.37219763, 0.19149363
-1.49e-06, 0.24928766, 0.01533615
0.95709097, -3.052e-05, 0.28971222
0.37203342, 0.15774882
-0.00455743, 0.21226253, 0.00035565
-0.95779288, 0.00067141, 0.28736228
0.29241404, 0.07824445
-1.5e-06, 0.21226272, 0.01557037
-0.95861691, 0.0021363, 0.28458509
0.29247278, 0.11247289
-1.49e-06, 0.24928766, 0.01533615
-0.95709097, -3.052e-05, 0.28971222
0.37226611, 0.11185324
-0.00455742, 0.28861773, 0.00035565
-0.9582507, -0.00088504, -0.28586689
0.45695847, 0.230079
-1.49e-06, 0.28861773, 0.01566722
-0.95849484, -0.00122074, 0.2850734
0.45702931, 0.11239165
-0.00455742, 0.28861773, 0.00035565
-0.9582507, -0.00088504, 0.28586689
0.45697021, 0.07796329
0.00455445, 0.28861773, 0.00035565
0.9582507, -0.00088504, 0.28586689
0.45695817, 0.19108218
-1.49e-06, 0.28861773, -0.01495588
0.95849484, -0.00122074, -0.2850734
0.45702907, 0.15137196
0.00455445, 0.28861773, 0.00035565
0.9582507, -0.00088504, -0.28586689
0.45697001, 0.1169436
-1.67e-06, 0.33654842, -0.01502061
0.9587695, 0.00158696, -0.28406629
0.5603267, 0.15132856
0.00455426, 0.33654842, 0.00035565
0.95843381, 0.00128178, -0.28525651
0.56026751, 0.11676645
-1.49e-06, 0.28861773, 0.01566722
0.95849484, -0.00122074, 0.2850734
0.45679125, 0.15665412
0.00455426, 0.33654842, 0.00035565
0.95843381, 0.00128178, 0.28525651
0.5602544, 0.19058138
-1.67e-06, 0.33654842, 0.01573194
-0.9587695, 0.00158696, 0.28406629
0.56032699, 0.1123479
-0.00455761, 0.33654842, 0.00035565
-0.95843381, 0.00125126, 0.28525651
0.56026763, 0.07778579
-1.49e-06, 0.28861773, -0.01495588
-0.95849484, -0.00122074, -0.2850734
0.45679155, 0.19565105
-0.00455761, 0.33654842, 0.00035565
-0.95843381, 0.00125126, -0.28525651
0.56025499, 0.22957796
-0.0045576, 0.383093, 0.00035547
-0.95693839, 0.0, -0.29023102
0.66056401, 0.22909307
-1.67e-06, 0.383093, -0.01443043
-0.95599228, -0.002472, -0.29337442
0.66040295, 0.19574928
-1.67e-06, 0.383093, 0.01514158
-0.95599228, -0.002472, 0.2933439
0.66063559, 0.11095583
0.00455427, 0.383093, 0.00035547
0.95693839, 0.0, 0.29023102
0.66056359, 0.19009757
-1.67e-06, 0.383093, 0.01514158
0.95599228, -0.002472, 0.2933439
0.66040254, 0.15675336
-1.67e-06, 0.383093, -0.01443043
0.95599228, -0.002472, -0.29337442
0.66063559, 0.14993685
0.00455427, 0.383093, 0.00035547
0.95693839, 0.0, -0.29023102
0.6605776, 0.11659271
-1.66e-06, 0.40738809, -0.01490447
0.96096683, 0.00784326, -0.27646717
0.7129975, 0.15082222
0.00409868, 0.42689186, 0.00035547
0.96032596, 0.01126133, 0.27863398
0.75495875, 0.18937057
-1.66e-06, 0.40738809, 0.0156154
0.96096683, 0.00784326, 0.27646717
0.71275753, 0.15552473
-0.0045576, 0.383093, 0.00035547
-0.95693839, 0.0, 0.29023102
0.66057771, 0.07761115
-1.66e-06, 0.40738809, 0.0156154
-0.96096683, 0.00784326, 0.27646717
0.7129975, 0.11184067
-0.004102, 0.42689186, 0.00035547
-0.96032596, 0.01126133, -0.27863398
0.75495917, 0.2283656
-1.66e-06, 0.40738809, -0.01490447
-0.96096683, 0.00784326, -0.27646717
0.71275783, 0.19452
-0.004102, 0.46302268, 0.00035547
-0.94933927, 0.01403851, -0.31388286
0.83282554, 0.22800893
-1.66e-06, 0.46302268, -0.01216973
-0.95168918, 0.01672414, -0.30652791
0.83269536, 0.19960606
-0.004102, 0.42689186, 0.00035547
-0.96032596, 0.01126133, 0.27863398
0.75497556, 0.07771862
-1.66e-06, 0.46302268, 0.01288089
-0.95168918, 0.01672414, 0.30652791
0.83289903, 0.10596734
0.00409868, 0.46302268, 0.00035547
0.94933927, 0.01403851, 0.31385234
0.83282495, 0.18901426
-1.66e-06, 0.46302268, 0.01288089
0.95168918, 0.01672414, 0.30652791
0.83269501, 0.16061085
0.00409868, 0.42689186, 0.00035547
0.96032596, 0.01126133, -0.27863398
0.75497556, 0.11670029
-1.66e-06, 0.46302268, -0.01216973
0.95168918, 0.01672414, -0.30652791
0.83289891, 0.14494854
0.00409868, 0.46302268, 0.00035547
0.94933927, 0.01403851, -0.31388286
0.83284247, 0.11654538
-1.66e-06, 0.48331916, -0.01011768
0.94494462, 0.03738517, -0.32502213
0.87665391, 0.14065868
0.00364309, 0.48331916, 0.00035547
0.94546342, 0.03885006, 0.32337412
0.87657499, 0.18851274
-1.65e-06, 0.48331916, 0.01082879
0.94494462, 0.03738517, 0.32502213
0.87647742, 0.16461372
-0.004102, 0.46302268, 0.00035547
-0.94933927, 0.01403851, 0.31385234
0.83284247, 0.0775637
-1.65e-06, 0.48331916, 0.01082879
-0.94494462, 0.03738517, 0.32502213
0.87665379, 0.10167736
-0.0036464, 0.48331916, 0.00035547
-0.94546342, 0.03885006, -0.32337412
0.87657535, 0.22750711
-1.66e-06, 0.48331916, -0.01011768
-0.94494462, 0.03738517, -0.32502213
0.8764776, 0.20360851
-0.00227962, 0.50177097, 0.00035547
-0.95471054, 0.07382427, -0.28815576
0.91643512, 0.22639066
-1.65e-06, 0.50177097, -0.007192
-0.95269632, 0.06994842, -0.29572436
0.91632187, 0.20940042
-0.0036464, 0.48331916, 0.00035547
-0.94546342, 0.03885006, 0.32337412
0.8765949, 0.07777816
-1.65e-06, 0.50177097, 0.00790315
-0.95269632, 0.06994842, 0.29572436
0.91645932, 0.09562379
0.00227631, 0.50177097, 0.00035547
0.95471054, 0.07382427, 0.28812525
0.91643471, 0.18739647
-1.65e-06, 0.50177097, 0.00790315
0.95269632, 0.06994842, 0.29572436
0.91632152, 0.17040581
0.00364309, 0.48331916, 0.00035547
0.94546342, 0.03885006, -0.32337412
0.87659478, 0.11675984
-1.65e-06, 0.50177097, -0.007192
0.95269632, 0.06994842, -0.29572436
0.9164592, 0.13460505
0.00227631, 0.50177097, 0.00035547
0.95471054, 0.07382427, -0.28815576
0.91646075, 0.11761445
-1.65e-06, 0.52999645, 0.00035547
0.95449692, 0.07702872, -0.28806421
0.97747153, 0.11903846
-1.65e-06, 0.52999645, 0.00035547
0.95449692, 0.07702872, 0.28806421
0.97743523, 0.18557191
-0.00227962, 0.50177097, 0.00035547
-0.95471054, 0.07382427, 0.28812525
0.91646063, 0.07863277
-1.65e-06, 0.52999645, 0.00035547
-0.95449692, 0.07702872, 0.28806421
0.97747189, 0.08005667
-1.65e-06, 0.52999645, 0.00035547
-0.95449692, 0.07702872, -0.28806421
0.97743547, 0.22456574
-1.5e-06, 0.21226272, -0.01485908
-0.95861691, 0.0021363, -0.28458509
0.29223797, 0.19665039
-1.5e-06, 0.18218349, -0.01570705
-0.962035, 0.00357067, -0.27286598
0.22740304, 0.19521105
-0.00455744, 0.1821831, 0.00035565
-0.96139407, 0.00253304, -0.27512437
0.22757921, 0.2311936
-1.5e-06, 0.21226272, 0.01557037
0.95861691, 0.0021363, 0.28458509
0.29223776, 0.15765297
-1.5e-06, 0.1821833, 0.01641834
0.962035, 0.00357067, 0.27286598
0.22740251, 0.15621346
0.00455443, 0.1821833, 0.00035565
0.96139407, 0.00253304, 0.27512437
0.2275793, 0.19219589
-0.00455744, 0.1821831, 0.00035565
-0.96139407, 0.00253304, 0.27512437
0.22758856, 0.07835495
0.00455443, 0.1821833, 0.00035565
0.96139407, 0.00253304, -0.27512437
0.22758874, 0.11733574
0.00455462, 0.16699685, 0.00035565
0.96191287, 0.0, -0.27326274
0.1948598, 0.11738968
-1.31e-06, 0.16699705, -0.01568103
0.96215707, 0.00067141, -0.27246925
0.19491953, 0.15331858
-0.00455725, 0.16699666, 0.00035565
-0.96191287, 0.0, 0.27326274
0.19485962, 0.07840902
-1.31e-06, 0.16699685, 0.01639237
-0.96215707, 0.00064089, 0.27246925
0.19491929, 0.11433816
-1.31e-06, 0.16699685, 0.01639237
0.96215707, 0.00067141, 0.27246925
0.19467416, 0.15642822
-1.31e-06, 0.16699705, -0.01568103
-0.96215707, 0.00064089, -0.27246925
0.19467473, 0.19542587
-1.32e-06, 0.15181059, -0.01584658
-0.96276742, 0.00192267, -0.27024141
0.16194427, 0.19524348
-0.00455706, 0.1518102, 0.00035565
-0.96246225, 0.00067141, -0.27137059
0.16212204, 0.23151529
-1.31e-06, 0.15181041, 0.0165577
0.96276742, 0.00195318, 0.27027193
0.16194376, 0.15624613
0.00455481, 0.15181041, 0.00035565
0.96246225, 0.00067141, 0.27137059
0.16212213, 0.19251782
-0.00455706, 0.1518102, 0.00035565
-0.96246225, 0.00067141, 0.27137059
0.16213068, 0.07846308
0.00455481, 0.15181041, 0.00035565
0.96246225, 0.00067141, -0.27137059
0.16213086, 0.1174435
-1.32e-06, 0.15181059, -0.01584658
0.96276742, 0.00195318, -0.27027193
0.16219094, 0.15371597
0.00455481, 0.13662395, 0.00035565
0.96234018, -0.00180059, -0.2717368
0.12940186, 0.11749744
-1.31e-06, 0.15181041, 0.0165577
-0.96276742, 0.00192267, 0.27024141
0.16219079, 0.11473489
-0.00455706, 0.13662377, 0.00035565
-0.96234018, -0.00180059, 0.27170628
0.12940174, 0.0785169
-1.13e-06, 0.13662395, 0.01665944
0.9630726, -0.00372326, 0.26911223
0.12921411, 0.15619612
0.00455481, 0.13662395, 0.00035565
0.96234018, -0.00180059, 0.2717368
0.12939355, 0.19267881
-1.13e-06, 0.13662413, -0.01594833
-0.9630726, -0.00372326, -0.26911223
0.12921461, 0.19519335
-0.00455706, 0.13662377, 0.00035565
-0.96237069, -0.00180059, -0.27170628
0.12939346, 0.2316764
-1.13e-06, 0.1214377, -0.01541889
-0.96185184, 0.00134281, -0.27350688
0.09649003, 0.19645345
-1.13e-06, 0.12143749, 0.01613
0.96185184, 0.00137333, 0.27350688
0.09648946, 0.15745604
-0.00455687, 0.1138441, 0.00035565
-0.9564501, 0.02197333, 0.29102451
0.08030835, 0.0785957
-1.13e-06, 0.12143749, 0.01613
-0.96185184, 0.00134281, 0.27350688
0.0967299, 0.1139549
0.004555, 0.11384428, 0.00035565
0.9564501, 0.02200384, -0.29102451
0.0803085, 0.117576
-1.13e-06, 0.1214377, -0.01541889
0.96185184, 0.00137333, -0.27350688
0.09673014, 0.15293574
0.00624278, 0.09285054, 0.00035547
0.93652147, 0.07528916, -0.34238717
0.03492975, 0.11654407
-3.7e-07, 0.09388112, -0.0164937
0.94854581, 0.04773095, -0.31299782
0.03734195, 0.15525758
-0.00624333, 0.09285034, 0.00035547
-0.93652147, 0.07522812, 0.34238717
0.03492975, 0.0775637
-3.7e-07, 0.09388092, 0.01720463
-0.94854581, 0.04766991, 0.31299782
0.03734177, 0.1162771
0.004555, 0.11384428, 0.00035565
0.9564501, 0.02200384, 0.29102451
0.08030069, 0.19292241
-3.7e-07, 0.09388092, 0.01720463
0.94854581, 0.04773095, 0.31299782
0.03708741, 0.15552449
-0.00455687, 0.1138441, 0.00035565
-0.9564501, 0.02197333, -0.29102451
0.08030066, 0.23192
-3.7e-07, 0.09388112, -0.0164937
-0.94854581, 0.04766991, -0.31299782
0.03708789, 0.19452089
0.00624278, 0.09285054, 0.00035547
0.84978789, 0.5271157, 0.0
0.50747871, 0.37870347
-3.7e-07, 0.09388092, 0.01720463
0.76125371, 0.64213997, 0.08984649
0.5499047, 0.38844144
0.00671204, 0.08598398, 0.01619019
0.78365427, 0.6100955, 0.11676382
0.54700196, 0.36661249
-0.00624333, 0.09285034, 0.00035547
-0.84978789, 0.52705467, 0.0
0.51109099, 0.40406287
-0.01060222, 0.08475406, 0.00035547
-0.88048953, 0.474044, 0.0
0.51213586, 0.42520034
-0.00671278, 0.08598398, 0.01619019
-0.78365427, 0.61006498, 0.11676382
0.54893625, 0.41118932
0.01060224, 0.08475444, 0.00035546
0.88045901, 0.47407451, 0.0
0.50624418, 0.35758168
0.00671204, 0.08598417, -0.01547926
0.78325754, 0.60911894, -0.12414929
0.46963871, 0.37188947
-3.7e-07, 0.09388112, -0.0164937
-0.76094854, 0.6407361, -0.10187078
0.46894294, 0.39426196
-0.00671278, 0.08598417, -0.01547926
-0.78328806, 0.60911894, -0.12414929
0.47150216, 0.41573906
-3.7e-07, 0.09445801, 0.06158873
0.0, 0.80983919, 0.58662677
0.61810547, 0.38972855
0.00738328, 0.08676931, 0.06095583
0.84279919, -0.02810755, 0.53746146
0.62742007, 0.37112319
-3.7e-07, 0.09388092, 0.01720463
-0.76125371, 0.64217049, 0.08984649
0.54983938, 0.38949454
-0.00738402, 0.08676931, 0.06095583
-0.84279919, -0.02810755, 0.53746146
0.62734598, 0.40744466
-0.00671278, 0.08598398, 0.01619019
-0.8215583, -0.55214089, 0.14188056
0.70541865, 0.49556231
-1.8e-07, 0.07530962, 0.01515525
-0.83367413, -0.53682059, 0.1296121
0.7326436, 0.47644889
-1.8e-07, 0.08012562, 0.06149763
0.0, -0.79805905, 0.6025269
0.64636374, 0.38949037
0.00671204, 0.08598398, 0.01619019
0.8215583, -0.55211037, 0.14188056
0.70736265, 0.28327745
-3.7e-07, 0.09388112, -0.0164937
0.76094854, 0.6407361, -0.10187078
0.46900824, 0.39320934
0.00738328, 0.08546251, -0.06044368
0.84292126, -0.04977569, -0.53569138
0.39239606, 0.37547135
-3.8e-07, 0.0930918, -0.06158873
0.0, 0.77901548, -0.62697226
0.40124309, 0.3929044
-0.00738403, 0.08546251, -0.06044368
-0.84292126, -0.04977569, -0.53569138
0.39226255, 0.41120076
-0.00671278, 0.08598417, -0.01547926
-0.82268745, -0.55238503, -0.13431196
0.31092542, 0.49620426
-1.9e-07, 0.07879755, -0.06054031
0.0, -0.82705158, -0.56212044
0.37357631, 0.39308989
0.00671204, 0.08598417, -0.01547926
0.82268745, -0.55235451, -0.13434248
0.31328738, 0.28987634
-1.9e-07, 0.0753098, -0.01444432
0.83516955, -0.53675956, -0.11969359
0.28733954, 0.30992222
0.01060224, 0.08475444, 0.00035546
0.81096834, -0.53328043, 0.24063845
0.73332977, 0.24853456
-1.8e-07, 0.07530962, 0.01515525
0.83367413, -0.53679007, 0.1296121
0.7345705, 0.30292416
0.01060224, 0.08475444, 0.00035546
0.81096834, -0.53328043, -0.24063845
0.28683087, 0.25677049
-0.01060222, 0.08475406, 0.00035547
-0.81096834, -0.53331095, 0.24060793
0.73069751, 0.53033686
-0.01060222, 0.08475406, 0.00035547
-0.81096834, -0.53331095, -0.24060793
0.28364423, 0.52915239
-1.9e-07, 0.0753098, -0.01444432
-0.83516955, -0.53679007, -0.11969359
0.2850877, 0.47551894
0.00707611, -0.07738483, 0.00596099
0.70201725, -0.62639242, 0.33875546
0.68351221, 0.8181109
-5.8e-07, -0.07738483, 0.0115657
0.0, -0.5973388, 0.80196542
0.68392134, 0.8347826
-0.00707747, -0.07738483, 0.00596099
-0.70201725, -0.62639242, 0.33875546
0.69993007, 0.8366514
-0.00707747, -0.07738483, -0.00524834
-0.70201725, -0.62639242, -0.33875546
0.72043663, 0.8219811
0.00707611, -0.07738483, -0.00524834
0.70201725, -0.62639242, -0.33875546
0.70401943, 0.80344039
-5.8e-07, -0.07738483, -0.01085287
0.0, -0.5973388, -0.80196542
0.72002721, 0.80530909
0.0087362, 0.0658215, 0.00727572
0.89480269, -0.00372326, 0.44639423
0.74276412, 0.82098524
-5.7e-07, 0.0658215, 0.01419508
0.0, -0.06054872, 0.99813837
0.72653139, 0.78654534
-0.00873733, 0.0658215, 0.00727572
-0.89480269, -0.00369274, 0.44639423
0.68992412, 0.77868891
-0.00873733, 0.0658215, -0.00656289
-0.89480269, -0.00372326, -0.44639423
0.66118538, 0.81910734
-5.7e-07, 0.0658215, -0.01348225
0.0, -0.06064028, -0.99813837
0.67741644, 0.85354903
0.0087362, 0.0658215, -0.00656289
0.89480269, -0.00375378, -0.44639423
0.71402532, 0.8614046
0.01060224, 0.08475444, 0.00035546
0.99548328, 0.09466842, 0.0
0.84413463, 0.92898788
-1.9e-07, 0.0753098, -0.01444432
0.0, 0.08713035, -0.99618518
0.61837208, 0.92898788
-1.8e-07, 0.07530962, 0.01515525
0.0, 0.08728294, 0.99615467
0.78558081, 0.71110293
-0.01060222, 0.08475406, 0.00035547
-0.99548328, 0.09475997, 0.0
0.55981058, 0.7111125
0.00455444, 0.24928784, 0.00035565
0.95672476, 0.0, -0.29096347
0.37220854, 0.11708856
-0.00455743, 0.24928766, 0.00035565
-0.95672476, 0.0, 0.29096347
0.37220842, 0.07810813
-1.67e-06, 0.33654842, 0.01573194
0.9587695, 0.00158696, 0.28406629
0.56008697, 0.15601969
-1.67e-06, 0.33654842, -0.01502061
-0.9587695, 0.00158696, -0.28406629
0.5600872, 0.19501632
-1.5e-06, 0.1821833, 0.01641834
-0.962035, 0.00357067, 0.27286598
0.22764832, 0.1143378
-1.5e-06, 0.18218349, -0.01570705
0.962035, 0.00357067, -0.27286598
0.22764853, 0.15331858
0.00455462, 0.16699685, 0.00035565
0.96191287, 0.0, 0.27326274
0.19485071, 0.19235688
-0.00455725, 0.16699666, 0.00035565
-0.96191287, 0.0, -0.27326274
0.19485059, 0.23135442
-1.13e-06, 0.13662413, -0.01594833
0.9630726, -0.00372326, -0.26911223
0.12946227, 0.15398091
-1.13e-06, 0.13662395, 0.01665944
-0.9630726, -0.00372326, 0.26911223
0.12946209, 0.11500001
0.00624278, 0.09285054, 0.00035547
0.93652147, 0.07525864, 0.34238717
0.03492975, 0.19425303
-0.00624333, 0.09285034, 0.00035547
-0.93652147, 0.07522812, -0.34238717
0.03492975, 0.23324925
# Number of Faces:
174
# Face Data:
0, 1, 2
3, 4, 5
6, 7, 8
9, 10, 11
2, 1, 12
11, 13, 14
8, 7, 15
5, 16, 17
16, 18, 19
20, 15, 21
13, 22, 23
24, 12, 25
25, 26, 27
23, 22, 28
21, 29, 30
19, 18, 31
32, 31, 33
29, 34, 35
36, 28, 37
26, 38, 39
38, 40, 41
42, 37, 43
34, 44, 45
46, 33, 47
48, 47, 49
44, 50, 51
52, 43, 53
40, 54, 55
54, 56, 57
58, 53, 59
50, 60, 61
62, 49, 63
64, 63, 65
61, 60, 66
67, 59, 68
57, 56, 69
70, 71, 72
73, 74, 75
10, 9, 76
4, 3, 77
77, 78, 79
76, 80, 81
75, 74, 82
72, 71, 83
83, 84, 85
82, 86, 87
81, 80, 88
79, 78, 89
90, 89, 91
92, 88, 93
86, 94, 95
84, 96, 97
97, 96, 98
95, 94, 99
93, 100, 101
91, 102, 103
102, 104, 105
100, 106, 107
108, 99, 109
110, 98, 111
112, 113, 114
115, 116, 117
112, 118, 119
115, 120, 121
113, 122, 123
124, 117, 125
126, 127, 128
129, 123, 128
130, 119, 131
120, 132, 133
134, 133, 135
136, 137, 135
138, 129, 139
140, 137, 136
141, 127, 126
142, 134, 143
122, 125, 128
132, 131, 135
144, 145, 146
147, 148, 144
147, 149, 148
150, 151, 145
145, 151, 152
146, 152, 153
153, 154, 149
149, 154, 155
155, 150, 144
156, 150, 155
155, 154, 157
158, 151, 150
159, 153, 152
158, 159, 152
153, 159, 157
70, 0, 2
160, 3, 5
73, 6, 8
161, 9, 11
24, 2, 12
161, 11, 14
20, 8, 15
160, 5, 17
17, 16, 19
162, 20, 21
14, 13, 23
163, 24, 25
163, 25, 27
36, 23, 28
162, 21, 30
32, 19, 31
46, 32, 33
30, 29, 35
42, 36, 37
27, 26, 39
39, 38, 41
52, 42, 43
35, 34, 45
48, 46, 47
62, 48, 49
45, 44, 51
58, 52, 53
41, 40, 55
55, 54, 57
67, 58, 59
51, 50, 61
64, 62, 63
0, 70, 72
6, 73, 75
164, 10, 76
165, 4, 77
165, 77, 79
164, 76, 81
166, 75, 82
167, 72, 83
167, 83, 85
166, 82, 87
92, 81, 88
90, 79, 89
168, 90, 91
169, 92, 93
87, 86, 95
85, 84, 97
110, 97, 98
108, 95, 99
169, 93, 101
168, 91, 103
103, 102, 105
101, 100, 107
170, 108, 109
171, 110, 111
118, 112, 114
124, 115, 117
130, 112, 119
116, 115, 121
114, 113, 123
122, 124, 125
125, 126, 128
139, 129, 128
132, 130, 131
121, 120, 133
143, 134, 135
131, 136, 135
123, 122, 128
133, 132, 135
146, 147, 144
144, 150, 145
146, 145, 152
147, 146, 153
147, 153, 149
148, 149, 155
148, 155, 144
156, 155, 157
156, 158, 150
151, 158, 152
154, 153, 157
