# Project Zomboid Skinned Mesh
# File Version:
1.0
# Model Name:
Cylinder.001
# Vertex Stride Element Count:
3
# Vertex Stride Size (in bytes):
76
# Vertex Stride Data:
# (Int)    Offset
# (String) Type
0
VertexArray
12
NormalArray
24
TextureCoordArray
# Vertex Count:
272
# Vertex Buffer:
-0.01150112, 0.13637695, -0.14901838
-0.72786647, 0.0, -0.68568987
0.42644051, 0.54476756
-0.01128013, 0.13413319, -0.14901838
-0.71385843, -0.14200263, -0.68568987
0.43670502, 0.54476756
-0.01128012, 0.13413318, 0.14901838
-0.713889, -0.14200263, 0.68568987
0.43670502, 0.1196999
-0.01062565, 0.13197565, -0.14901838
-0.67247534, -0.27854243, -0.68568987
0.44657567, 0.54476756
-0.01062564, 0.13197564, 0.14901838
-0.67247534, -0.27854243, 0.68568987
0.44657567, 0.1196999
-0.00956284, 0.12998725, -0.14901838
-0.60518205, -0.40440077, -0.68568987
0.45567232, 0.54476756
-0.00956283, 0.12998725, 0.14901838
-0.60521257, -0.40437025, 0.68568987
0.45567232, 0.1196999
-0.00813252, 0.12824441, -0.14901838
-0.51469469, -0.51466417, -0.68565935
0.46364564, 0.54476756
-0.00813251, 0.12824441, 0.14901838
-0.51466417, -0.51469469, 0.68568987
0.46364564, 0.1196999
-0.00813252, 0.12824441, -0.14901838
-0.51469469, -0.51466417, -0.68565935
0.30214965, 0.3832714
-0.00638968, 0.12681411, -0.14901838
-0.40437025, -0.60521257, -0.68568987
0.30214965, 0.39124471
-0.00638967, 0.1268141, 0.14901838
-0.40437025, -0.60521257, 0.68568987
0.72721744, 0.39124471
-0.00440129, 0.12575129, -0.14901838
-0.27854243, -0.67247534, -0.68568987
0.30214965, 0.40034145
-0.00440128, 0.12575129, 0.14901838
-0.27854243, -0.67247534, 0.68568987
0.72721744, 0.40034145
-0.00224376, 0.12509681, -0.14901838
-0.14197211, -0.713889, -0.68568987
0.30214965, 0.41021222
-0.00224375, 0.1250968, 0.14901838
-0.14200263, -0.713889, 0.68568987
0.72721744, 0.41021222
-1e-08, 0.12487582, -0.14901838
0.0, -0.72786647, -0.68568987
0.30214965, 0.42047685
0.0, 0.12487581, 0.14901838
0.0, -0.72786647, 0.68568987
0.72721744, 0.42047685
0.00224375, 0.12509681, -0.14901838
0.14197211, -0.713889, -0.68568987
0.30214965, 0.43074155
0.00224376, 0.1250968, 0.14901838
0.14200263, -0.713889, 0.68568987
0.72721744, 0.43074155
0.00440128, 0.12575129, -0.14901838
0.27854243, -0.67247534, -0.68568987
0.30214965, 0.44061196
0.00440129, 0.12575129, 0.14901838
0.27854243, -0.67247534, 0.68568987
0.72721744, 0.44061196
0.00638967, 0.12681411, -0.14901838
0.40437025, -0.60521257, -0.68568987
0.30214965, 0.4497087
0.00638968, 0.1268141, 0.14901838
0.40437025, -0.60521257, 0.68568987
0.72721744, 0.4497084
0.00813251, 0.12824441, -0.14901838
0.51469469, -0.51466417, -0.68565935
0.30214965, 0.45768172
0.00813252, 0.1282444, 0.14901838
0.51466417, -0.51469469, 0.68568987
0.72721744, 0.45768172
0.00813251, 0.12824441, -0.14901838
0.51469469, -0.51466417, -0.68565935
0.46364564, 0.54476756
0.00956282, 0.12998725, -0.14901838
0.60518205, -0.40440077, -0.68568987
0.45567232, 0.54476756
0.00956283, 0.12998724, 0.14901838
0.60521257, -0.40437025, 0.68568987
0.45567232, 0.1196999
0.01062564, 0.13197565, -0.14901838
0.67247534, -0.27854243, -0.68568987
0.44657567, 0.54476756
0.01062565, 0.13197564, 0.14901838
0.67247534, -0.27854243, 0.68568987
0.44657567, 0.1196999
0.01128012, 0.13413319, -0.14901838
0.713889, -0.14200263, -0.68568987
0.43670502, 0.54476756
0.01128013, 0.13413318, 0.14901838
0.713889, -0.14200263, 0.68568987
0.43670502, 0.1196999
0.01150111, 0.13637695, -0.14901838
0.72786647, 0.0, -0.68568987
0.42644051, 0.54476756
0.01128012, 0.1386207, -0.14901838
0.71385843, 0.14200263, -0.68568987
0.4161756, 0.54476756
0.01128013, 0.13862069, 0.14901838
0.713889, 0.14200263, 0.68568987
0.4161756, 0.1196999
0.01062564, 0.14077823, -0.14901838
0.67247534, 0.27854243, -0.68568987
0.40630528, 0.54476756
0.01062565, 0.14077821, 0.14901838
0.67244482, 0.27854243, 0.68568987
0.40630528, 0.1196999
0.00956282, 0.14276662, -0.14901838
0.60518205, 0.40440077, -0.68568987
0.3972086, 0.54476756
0.00956283, 0.14276661, 0.14901838
0.60521257, 0.40437025, 0.68568987
0.3972086, 0.1196999
0.00813251, 0.14450946, -0.14901838
0.51469469, 0.51466417, -0.68565935
0.38923562, 0.54476756
0.00813252, 0.14450945, 0.14901838
0.51466417, 0.51469469, 0.68568987
0.72721744, 0.45768172
0.00813251, 0.14450946, -0.14901838
0.51469469, 0.51466417, -0.68565935
0.30214965, 0.45768172
0.00638967, 0.14593977, -0.14901838
0.40437025, 0.60521257, -0.68568987
0.30214965, 0.4497084
0.00638968, 0.14593975, 0.14901838
0.40437025, 0.60521257, 0.68568987
0.72721744, 0.4497084
0.00440127, 0.14700259, -0.14901838
0.27854243, 0.67247534, -0.68568987
0.30214965, 0.44061196
0.00440128, 0.14700258, 0.14901838
0.27854243, 0.67247534, 0.68568987
0.72721744, 0.44061196
0.00224374, 0.14765707, -0.14901838
0.14197211, 0.713889, -0.68568987
0.30214965, 0.43074155
-1e-08, 0.14787805, -0.14901838
0.0, 0.72786647, -0.68568987
0.30214965, 0.42047685
-1e-08, 0.14787805, 0.14901838
0.0, 0.72786647, 0.68568987
0.72721744, 0.42047685
-0.00224377, 0.14765707, -0.14901838
-0.14200263, 0.713889, -0.68568987
0.30214965, 0.41021222
-0.00224376, 0.14765705, 0.14901838
-0.14200263, 0.713889, 0.68568987
0.72721744, 0.41021156
-0.0044013, 0.14700258, -0.14901838
-0.27854243, 0.67247534, -0.68568987
0.30214965, 0.40034145
-0.00440129, 0.14700256, 0.14901838
-0.27854243, 0.67247534, 0.68568987
0.72721744, 0.40034145
-0.00638969, 0.14593977, -0.14901838
-0.40437025, 0.60521257, -0.68568987
0.30214965, 0.39124471
-0.00638968, 0.14593975, 0.14901838
-0.40437025, 0.60521257, 0.68568987
0.72721744, 0.39124471
-0.00813253, 0.14450945, -0.14901838
-0.51466417, 0.51466417, -0.68568987
0.30214965, 0.3832714
-0.00813252, 0.14450943, 0.14901838
-0.51469469, 0.51466417, 0.68568987
0.72721744, 0.3832714
-0.00813253, 0.14450945, -0.14901838
-0.51466417, 0.51466417, -0.68568987
0.38923562, 0.54476756
-0.00956284, 0.14276661, -0.14901838
-0.60518205, 0.40440077, -0.68568987
0.39720893, 0.54476756
-0.00956283, 0.14276659, 0.14901838
-0.60521257, 0.40437025, 0.68568987
0.39720893, 0.1196999
-0.01062566, 0.14077821, -0.14901838
-0.67247534, 0.27854243, -0.68568987
0.40630528, 0.54476756
-0.01062565, 0.1407782, 0.14901838
-0.67247534, 0.27854243, 0.68568987
0.40630528, 0.1196999
0.01062564, 0.13197565, -0.14901838
0.67247534, -0.27854243, -0.68568987
0.44657567, 0.46908754
0.00440128, 0.12575129, -0.14901838
0.27854243, -0.67247534, -0.68568987
0.47505113, 0.44061196
-0.01062565, 0.13197565, -0.14901838
-0.67247534, -0.27854243, -0.68568987
0.44657567, 0.37186623
-0.01128013, 0.13862067, -0.14901838
-0.713889, 0.14200263, -0.68568987
0.4161756, 0.54476756
-0.01150111, 0.13637693, 0.14901838
-0.72786647, 0.0, 0.68568987
0.42644051, 0.1196999
-0.01128013, 0.13862066, 0.14901838
-0.713889, 0.14200263, 0.68568987
0.4161756, 0.1196999
0.01128013, 0.13413318, 0.14901838
0.713889, -0.14200263, 0.68568987
0.43670502, 0.4720816
0.00224375, 0.14765705, 0.14901838
0.14200263, 0.713889, 0.68568987
0.37483576, 0.43074155
-0.01128013, 0.13862066, 0.14901838
-0.713889, 0.14200263, 0.68568987
0.4161756, 0.36887181
-0.01150111, -0.01264144, -0.0
-0.72786647, -0.68568987, 0.0
0.42644051, 0.54476756
-0.01128012, -0.01264144, 0.00224376
-0.713889, -0.68568987, 0.14200263
0.43670502, 0.54476756
-0.01128013, 0.28539532, 0.00224376
-0.713889, 0.68568987, 0.14197211
0.43670502, 0.1196999
-0.01062564, -0.01264144, 0.00440129
-0.67247534, -0.68568987, 0.27854243
0.44657567, 0.54476756
-0.01062565, 0.28539532, 0.00440129
-0.67244482, 0.68565935, 0.27857295
0.44657567, 0.1196999
-0.00956283, -0.01264144, 0.00638968
-0.60521257, -0.68568987, 0.40437025
0.45567232, 0.54476756
-0.00956283, 0.28539532, 0.00638968
-0.60518205, 0.68568987, 0.40440077
0.45567232, 0.1196999
-0.00813252, -0.01264144, 0.00813252
-0.51466417, -0.68568987, 0.51466417
0.46364564, 0.54476756
-0.00813252, 0.28539532, 0.00813252
-0.51466417, 0.68565935, 0.51469469
0.46364564, 0.1196999
-0.00813252, -0.01264144, 0.00813252
-0.51466417, -0.68568987, 0.51466417
0.30214965, 0.3832714
-0.00638968, -0.01264144, 0.00956283
-0.40437025, -0.68568987, 0.60521257
0.30214965, 0.39124471
-0.00638968, 0.28539532, 0.00956283
-0.40437025, 0.68568987, 0.60521257
0.72721744, 0.39124471
-0.00440129, -0.01264144, 0.01062565
-0.27854243, -0.68568987, 0.67247534
0.30214965, 0.40034145
-0.00440129, 0.28539532, 0.01062565
-0.27854243, 0.68572038, 0.6724143
0.72721744, 0.40034145
-0.00224376, -0.01264144, 0.01128013
-0.14200263, -0.68568987, 0.713889
0.30214965, 0.41021222
0.0, -0.01264144, 0.01150112
0.0, -0.68568987, 0.72786647
0.30214965, 0.42047685
-0.0, 0.28539532, 0.01150112
0.0, 0.68568987, 0.72786647
0.72721744, 0.42047685
0.00224376, -0.01264144, 0.01128013
0.14200263, -0.68568987, 0.713889
0.30214965, 0.43074155
0.00224375, 0.28539532, 0.01128013
0.14200263, 0.68568987, 0.713889
0.72721744, 0.43074155
0.00440129, -0.01264144, 0.01062565
0.27854243, -0.68568987, 0.67247534
0.30214965, 0.44061196
0.00440128, 0.28539532, 0.01062565
0.27854243, 0.68568987, 0.67247534
0.72721744, 0.44061196
0.00638968, -0.01264144, 0.00956283
0.40437025, -0.68568987, 0.60521257
0.30214965, 0.4497087
0.00638968, 0.28539532, 0.00956283
0.40437025, 0.68568987, 0.60521257
0.72721744, 0.4497084
0.00813252, -0.01264144, 0.00813252
0.51466417, -0.68568987, 0.51466417
0.30214965, 0.45768172
0.00813252, 0.28539532, 0.00813252
0.51466417, 0.68568987, 0.51466417
0.72721744, 0.45768172
0.00813252, -0.01264144, 0.00813252
0.51466417, -0.68568987, 0.51466417
0.46364564, 0.54476756
0.00956283, -0.01264144, 0.00638968
0.60521257, -0.68568987, 0.40437025
0.45567232, 0.54476756
0.00956283, 0.28539532, 0.00638968
0.60521257, 0.68568987, 0.40437025
0.45567232, 0.1196999
0.01062565, -0.01264144, 0.00440129
0.67247534, -0.68568987, 0.27854243
0.44657567, 0.54476756
0.01062565, 0.28539532, 0.00440129
0.67247534, 0.68568987, 0.27854243
0.44657567, 0.1196999
0.01128013, -0.01264144, 0.00224375
0.713889, -0.68568987, 0.14200263
0.43670502, 0.54476756
0.01128012, 0.28539532, 0.00224375
0.713889, 0.68568987, 0.14200263
0.43670502, 0.1196999
0.01150112, -0.01264144, -0.0
0.72786647, -0.68568987, 0.0
0.42644051, 0.54476756
0.01150111, 0.28539532, -0.0
0.72786647, 0.68568987, 0.0
0.42644051, 0.1196999
0.01128013, -0.01264144, -0.00224376
0.713889, -0.68568987, -0.14200263
0.4161756, 0.54476756
0.01128012, 0.28539532, -0.00224376
0.713889, 0.68568987, -0.14200263
0.4161756, 0.1196999
0.01062565, -0.01264144, -0.00440129
0.67247534, -0.68568987, -0.27854243
0.40630528, 0.54476756
0.01062564, 0.28539532, -0.00440129
0.67247534, 0.68568987, -0.27854243
0.40630528, 0.1196999
0.00956283, -0.01264144, -0.00638968
0.60521257, -0.68568987, -0.40437025
0.3972086, 0.54476756
0.00956282, 0.28539532, -0.00638968
0.60521257, 0.68568987, -0.40437025
0.3972086, 0.1196999
0.00813252, -0.01264144, -0.00813252
0.51466417, -0.68568987, -0.51469469
0.38923562, 0.54476756
0.00813251, 0.28539532, -0.00813252
0.51466417, 0.68568987, -0.51469469
0.38923562, 0.1196999
0.00813252, -0.01264144, -0.00813252
0.51466417, -0.68568987, -0.51469469
0.30214965, 0.45768172
0.00638967, -0.01264144, -0.00956283
0.40437025, -0.68568987, -0.60521257
0.30214965, 0.4497084
0.00638967, 0.28539532, -0.00956283
0.40437025, 0.68568987, -0.60521257
0.72721744, 0.4497084
0.00440128, -0.01264144, -0.01062565
0.27854243, -0.68568987, -0.67247534
0.30214965, 0.44061196
0.00440128, 0.28539532, -0.01062565
0.27851191, 0.68562883, -0.67250586
0.72721744, 0.44061196
0.00224375, -0.01264144, -0.01128013
0.14200263, -0.68568987, -0.713889
0.30214965, 0.43074155
0.00224375, 0.28539532, -0.01128013
0.14197211, 0.68568987, -0.713889
0.72721744, 0.43074155
-1e-08, -0.01264144, -0.01150112
0.0, -0.68568987, -0.72786647
0.30214965, 0.42047685
-1e-08, 0.28539532, -0.01150112
0.0, 0.68562883, -0.72789699
0.72721744, 0.42047685
-0.00224377, -0.01264144, -0.01128012
-0.14200263, -0.68568987, -0.713889
0.30214965, 0.41021222
-0.0044013, -0.01264144, -0.01062564
-0.27854243, -0.68568987, -0.67247534
0.30214965, 0.40034145
-0.0044013, 0.28539532, -0.01062564
-0.27854243, 0.68565935, -0.67247534
0.72721744, 0.40034145
-0.00638969, -0.01264144, -0.00956282
-0.40437025, -0.68568987, -0.60521257
0.30214965, 0.39124471
-0.00638969, 0.28539532, -0.00956282
-0.40437025, 0.68568987, -0.60521257
0.72721744, 0.39124471
-0.00813253, -0.01264144, -0.00813251
-0.51469469, -0.68568987, -0.51466417
0.30214965, 0.3832714
-0.00813253, 0.28539532, -0.00813251
-0.51466417, 0.68565935, -0.51469469
0.72721744, 0.3832714
-0.00813253, -0.01264144, -0.00813251
-0.51469469, -0.68568987, -0.51466417
0.38923562, 0.54476756
-0.00956284, -0.01264144, -0.00638967
-0.60521257, -0.68568987, -0.40437025
0.39720893, 0.54476756
-0.00956284, 0.28539532, -0.00638967
-0.60521257, 0.68568987, -0.40437025
0.39720893, 0.1196999
-0.01062565, -0.01264144, -0.00440127
-0.67247534, -0.68568987, -0.27854243
0.40630528, 0.54476756
-0.01062565, 0.28539532, -0.00440127
-0.67247534, 0.68568987, -0.27854243
0.40630528, 0.1196999
0.01062565, -0.01264144, -0.00440129
0.67247534, -0.68568987, -0.27854243
0.40630528, 0.46908754
0.00440129, -0.01264144, 0.01062565
0.27854243, -0.68568987, 0.67247534
0.47505113, 0.44061196
-0.0044013, -0.01264144, -0.01062564
-0.27854243, -0.68568987, -0.67247534
0.37782979, 0.40034145
-0.01128013, -0.01264144, -0.00224374
-0.713889, -0.68568987, -0.14200263
0.4161756, 0.54476756
-0.01150112, 0.28539532, -0.0
-0.72786647, 0.68568987, 0.0
0.42644051, 0.1196999
-0.01128013, 0.28539532, -0.00224374
-0.713889, 0.68568987, -0.14200263
0.4161756, 0.1196999
0.01128012, 0.28539532, 0.00224375
0.713889, 0.68568987, 0.14200263
0.43670502, 0.4720816
0.00224375, 0.28539532, -0.01128013
0.14197211, 0.68568987, -0.713889
0.37483576, 0.43074155
-0.00224376, 0.28539532, 0.01128013
-0.14200263, 0.68568987, 0.713889
0.47804484, 0.41021222
-0.00813251, 0.12824441, 0.14901838
-0.51466417, -0.51469469, 0.68568987
0.72721744, 0.3832714
0.00813252, 0.1282444, 0.14901838
0.51466417, -0.51469469, 0.68568987
0.46364564, 0.1196999
0.01150112, 0.13637693, 0.14901838
0.72786647, 0.0, 0.68568987
0.42644051, 0.1196999
0.00813252, 0.14450945, 0.14901838
0.51466417, 0.51469469, 0.68568987
0.38923562, 0.1196999
0.00224375, 0.14765705, 0.14901838
0.14200263, 0.713889, 0.68568987
0.72721744, 0.43074155
-0.00813252, 0.14450943, 0.14901838
-0.51469469, 0.51466417, 0.68568987
0.38923562, 0.1196999
-0.01128013, 0.13413319, -0.14901838
-0.71385843, -0.14200263, -0.68568987
0.43670502, 0.36887246
-0.01062566, 0.14077821, -0.14901838
-0.67247534, 0.27854243, -0.68568987
0.40630528, 0.37186623
-0.01150112, 0.13637695, -0.14901838
-0.72786647, 0.0, -0.68568987
0.42644051, 0.36786121
-0.01128013, 0.13862067, -0.14901838
-0.713889, 0.14200263, -0.68568987
0.4161756, 0.36887246
-0.00956284, 0.14276661, -0.14901838
-0.60518205, 0.40440077, -0.68568987
0.39720893, 0.37672842
-0.00813253, 0.14450945, -0.14901838
-0.51466417, 0.51466417, -0.68568987
0.38923562, 0.3832714
-0.00638969, 0.14593977, -0.14901838
-0.40437025, 0.60521257, -0.68568987
0.38269207, 0.39124471
-0.0044013, 0.14700258, -0.14901838
-0.27854243, 0.67247534, -0.68568987
0.37782979, 0.40034145
-0.00224377, 0.14765707, -0.14901838
-0.14200263, 0.713889, -0.68568987
0.37483576, 0.41021222
-1e-08, 0.14787805, -0.14901838
0.0, 0.72786647, -0.68568987
0.37382469, 0.42047685
0.00224374, 0.14765707, -0.14901838
0.14197211, 0.713889, -0.68568987
0.37483576, 0.43074155
0.00440127, 0.14700259, -0.14901838
0.27854243, 0.67247534, -0.68568987
0.37782979, 0.44061196
0.00638967, 0.14593977, -0.14901838
0.40437025, 0.60521257, -0.68568987
0.38269207, 0.4497084
0.01062564, 0.14077823, -0.14901838
0.67247534, 0.27854243, -0.68568987
0.40630528, 0.46908754
0.00813251, 0.14450946, -0.14901838
0.51469469, 0.51466417, -0.68565935
0.38923562, 0.45768172
0.00956282, 0.14276662, -0.14901838
0.60518205, 0.40440077, -0.68568987
0.3972086, 0.46422499
0.01128012, 0.1386207, -0.14901838
0.71385843, 0.14200263, -0.68568987
0.4161756, 0.4720816
0.01150111, 0.13637695, -0.14901838
0.72786647, 0.0, -0.68568987
0.42644051, 0.47309256
0.01128012, 0.13413319, -0.14901838
0.713889, -0.14200263, -0.68568987
0.43670502, 0.4720816
0.00956282, 0.12998725, -0.14901838
0.60518205, -0.40440077, -0.68568987
0.45567232, 0.46422499
0.00813251, 0.12824441, -0.14901838
0.51469469, -0.51466417, -0.68565935
0.46364564, 0.45768172
0.00638967, 0.12681411, -0.14901838
0.40437025, -0.60521257, -0.68568987
0.47018886, 0.4497087
0.00224375, 0.12509681, -0.14901838
0.14197211, -0.713889, -0.68568987
0.47804484, 0.43074155
-1e-08, 0.12487582, -0.14901838
0.0, -0.72786647, -0.68568987
0.47905591, 0.42047685
-0.00224376, 0.12509681, -0.14901838
-0.14197211, -0.713889, -0.68568987
0.47804484, 0.41021222
-0.00440129, 0.12575129, -0.14901838
-0.27854243, -0.67247534, -0.68568987
0.47505113, 0.40034145
-0.00638968, 0.12681411, -0.14901838
-0.40437025, -0.60521257, -0.68568987
0.47018886, 0.39124471
-0.00813252, 0.12824441, -0.14901838
-0.51469469, -0.51466417, -0.68565935
0.46364564, 0.3832714
-0.00956284, 0.12998725, -0.14901838
-0.60518205, -0.40440077, -0.68568987
0.45567232, 0.37672842
-0.01150111, 0.13637693, 0.14901838
-0.72786647, 0.0, 0.68568987
0.42644051, 0.36786121
-0.01128012, 0.13413318, 0.14901838
-0.713889, -0.14200263, 0.68568987
0.43670502, 0.36887181
-0.01062564, 0.13197564, 0.14901838
-0.67247534, -0.27854243, 0.68568987
0.44657567, 0.37186623
-0.00956283, 0.12998725, 0.14901838
-0.60521257, -0.40437025, 0.68568987
0.45567232, 0.37672842
-0.00813251, 0.12824441, 0.14901838
-0.51466417, -0.51469469, 0.68568987
0.46364564, 0.3832714
-0.00638967, 0.1268141, 0.14901838
-0.40437025, -0.60521257, 0.68568987
0.47018886, 0.39124471
-0.00440128, 0.12575129, 0.14901838
-0.27854243, -0.67247534, 0.68568987
0.47505113, 0.40034145
-0.00224375, 0.1250968, 0.14901838
-0.14200263, -0.713889, 0.68568987
0.47804484, 0.41021222
0.0, 0.12487581, 0.14901838
0.0, -0.72786647, 0.68568987
0.47905591, 0.42047685
0.00224376, 0.1250968, 0.14901838
0.14200263, -0.713889, 0.68568987
0.47804484, 0.43074155
0.00440129, 0.12575129, 0.14901838
0.27854243, -0.67247534, 0.68568987
0.47505113, 0.44061196
0.00638968, 0.1268141, 0.14901838
0.40437025, -0.60521257, 0.68568987
0.47018886, 0.4497084
0.00813252, 0.1282444, 0.14901838
0.51466417, -0.51469469, 0.68568987
0.46364564, 0.45768172
0.00956283, 0.12998724, 0.14901838
0.60521257, -0.40437025, 0.68568987
0.45567232, 0.46422499
0.01062565, 0.13197564, 0.14901838
0.67247534, -0.27854243, 0.68568987
0.44657567, 0.46908754
0.01150112, 0.13637693, 0.14901838
0.72786647, 0.0, 0.68568987
0.42644051, 0.47309256
0.01128013, 0.13862069, 0.14901838
0.713889, 0.14200263, 0.68568987
0.4161756, 0.4720816
0.01062565, 0.14077821, 0.14901838
0.67244482, 0.27854243, 0.68568987
0.40630528, 0.46908754
0.00956283, 0.14276661, 0.14901838
0.60521257, 0.40437025, 0.68568987
0.3972086, 0.46422499
0.00813252, 0.14450945, 0.14901838
0.51466417, 0.51469469, 0.68568987
0.38923562, 0.45768172
0.00638968, 0.14593975, 0.14901838
0.40437025, 0.60521257, 0.68568987
0.38269207, 0.4497084
0.00440128, 0.14700258, 0.14901838
0.27854243, 0.67247534, 0.68568987
0.37782979, 0.44061196
-1e-08, 0.14787805, 0.14901838
0.0, 0.72786647, 0.68568987
0.37382469, 0.42047685
-0.00224376, 0.14765705, 0.14901838
-0.14200263, 0.713889, 0.68568987
0.37483576, 0.41021156
-0.00440129, 0.14700256, 0.14901838
-0.27854243, 0.67247534, 0.68568987
0.37782979, 0.40034145
-0.00638968, 0.14593975, 0.14901838
-0.40437025, 0.60521257, 0.68568987
0.38269207, 0.39124471
-0.00813252, 0.14450943, 0.14901838
-0.51469469, 0.51466417, 0.68568987
0.38923562, 0.3832714
-0.00956283, 0.14276659, 0.14901838
-0.60521257, 0.40437025, 0.68568987
0.39720893, 0.37672842
-0.01062565, 0.1407782, 0.14901838
-0.67247534, 0.27854243, 0.68568987
0.40630528, 0.37186623
-0.00813252, 0.28539532, 0.00813252
-0.51466417, 0.68565935, 0.51469469
0.72721744, 0.3832714
-0.00224376, 0.28539532, 0.01128013
-0.14200263, 0.68568987, 0.713889
0.72721744, 0.41021222
0.00813252, 0.28539532, 0.00813252
0.51466417, 0.68568987, 0.51466417
0.46364564, 0.1196999
0.00813251, 0.28539532, -0.00813252
0.51466417, 0.68568987, -0.51469469
0.72721744, 0.45768172
-0.00224377, 0.28539532, -0.01128013
-0.14200263, 0.68568987, -0.713889
0.72721744, 0.41021156
-0.00813253, 0.28539532, -0.00813251
-0.51466417, 0.68565935, -0.51469469
0.38923562, 0.1196999
-0.01062564, -0.01264144, 0.00440129
-0.67247534, -0.68568987, 0.27854243
0.44657567, 0.37186623
-0.01128012, -0.01264144, 0.00224376
-0.713889, -0.68568987, 0.14200263
0.43670502, 0.36887246
-0.01150111, -0.01264144, -0.0
-0.72786647, -0.68568987, 0.0
0.42644051, 0.36786121
-0.01128013, -0.01264144, -0.00224374
-0.713889, -0.68568987, -0.14200263
0.4161756, 0.36887246
-0.01062565, -0.01264144, -0.00440127
-0.67247534, -0.68568987, -0.27854243
0.40630528, 0.37186623
-0.00956284, -0.01264144, -0.00638967
-0.60521257, -0.68568987, -0.40437025
0.39720893, 0.37672842
-0.00813253, -0.01264144, -0.00813251
-0.51469469, -0.68568987, -0.51466417
0.38923562, 0.3832714
-0.00638969, -0.01264144, -0.00956282
-0.40437025, -0.68568987, -0.60521257
0.38269207, 0.39124471
-0.00224377, -0.01264144, -0.01128012
-0.14200263, -0.68568987, -0.713889
0.37483576, 0.41021222
-1e-08, -0.01264144, -0.01150112
0.0, -0.68568987, -0.72786647
0.37382469, 0.42047685
0.00224375, -0.01264144, -0.01128013
0.14200263, -0.68568987, -0.713889
0.37483576, 0.43074155
0.00440128, -0.01264144, -0.01062565
0.27854243, -0.68568987, -0.67247534
0.37782979, 0.44061196
0.00638967, -0.01264144, -0.00956283
0.40437025, -0.68568987, -0.60521257
0.38269207, 0.4497084
0.00813252, -0.01264144, -0.00813252
0.51466417, -0.68568987, -0.51469469
0.38923562, 0.45768172
0.00956283, -0.01264144, -0.00638968
0.60521257, -0.68568987, -0.40437025
0.3972086, 0.46422499
0.01128013, -0.01264144, -0.00224376
0.713889, -0.68568987, -0.14200263
0.4161756, 0.4720816
0.01150112, -0.01264144, -0.0
0.72786647, -0.68568987, 0.0
0.42644051, 0.47309256
0.01128013, -0.01264144, 0.00224375
0.713889, -0.68568987, 0.14200263
0.43670502, 0.4720816
0.01062565, -0.01264144, 0.00440129
0.67247534, -0.68568987, 0.27854243
0.44657567, 0.46908754
0.00956283, -0.01264144, 0.00638968
0.60521257, -0.68568987, 0.40437025
0.45567232, 0.46422499
0.00813252, -0.01264144, 0.00813252
0.51466417, -0.68568987, 0.51466417
0.46364564, 0.45768172
0.00638968, -0.01264144, 0.00956283
0.40437025, -0.68568987, 0.60521257
0.47018886, 0.4497087
0.00224376, -0.01264144, 0.01128013
0.14200263, -0.68568987, 0.713889
0.47804484, 0.43074155
0.0, -0.01264144, 0.01150112
0.0, -0.68568987, 0.72786647
0.47905591, 0.42047685
-0.00224376, -0.01264144, 0.01128013
-0.14200263, -0.68568987, 0.713889
0.47804484, 0.41021222
-0.00440129, -0.01264144, 0.01062565
-0.27854243, -0.68568987, 0.67247534
0.47505113, 0.40034145
-0.00638968, -0.01264144, 0.00956283
-0.40437025, -0.68568987, 0.60521257
0.47018886, 0.39124471
-0.00813252, -0.01264144, 0.00813252
-0.51466417, -0.68568987, 0.51466417
0.46364564, 0.3832714
-0.00956283, -0.01264144, 0.00638968
-0.60521257, -0.68568987, 0.40437025
0.45567232, 0.37672842
-0.01128013, 0.28539532, -0.00224374
-0.713889, 0.68568987, -0.14200263
0.4161756, 0.36887181
-0.01150112, 0.28539532, -0.0
-0.72786647, 0.68568987, 0.0
0.42644051, 0.36786121
-0.01128013, 0.28539532, 0.00224376
-0.713889, 0.68568987, 0.14197211
0.43670502, 0.36887181
-0.01062565, 0.28539532, 0.00440129
-0.67244482, 0.68565935, 0.27857295
0.44657567, 0.37186623
-0.00956283, 0.28539532, 0.00638968
-0.60518205, 0.68568987, 0.40440077
0.45567232, 0.37672842
-0.00813252, 0.28539532, 0.00813252
-0.51466417, 0.68565935, 0.51469469
0.46364564, 0.3832714
-0.00638968, 0.28539532, 0.00956283
-0.40437025, 0.68568987, 0.60521257
0.47018886, 0.39124471
-0.00440129, 0.28539532, 0.01062565
-0.27854243, 0.68572038, 0.6724143
0.47505113, 0.40034145
-0.0, 0.28539532, 0.01150112
0.0, 0.68568987, 0.72786647
0.47905591, 0.42047685
0.00224375, 0.28539532, 0.01128013
0.14200263, 0.68568987, 0.713889
0.47804484, 0.43074155
0.00440128, 0.28539532, 0.01062565
0.27854243, 0.68568987, 0.67247534
0.47505113, 0.44061196
0.00638968, 0.28539532, 0.00956283
0.40437025, 0.68568987, 0.60521257
0.47018886, 0.4497084
0.00813252, 0.28539532, 0.00813252
0.51466417, 0.68568987, 0.51466417
0.46364564, 0.45768172
0.00956283, 0.28539532, 0.00638968
0.60521257, 0.68568987, 0.40437025
0.45567232, 0.46422499
0.01062565, 0.28539532, 0.00440129
0.67247534, 0.68568987, 0.27854243
0.44657567, 0.46908754
0.01150111, 0.28539532, -0.0
0.72786647, 0.68568987, 0.0
0.42644051, 0.47309256
0.01128012, 0.28539532, -0.00224376
0.713889, 0.68568987, -0.14200263
0.4161756, 0.4720816
0.01062564, 0.28539532, -0.00440129
0.67247534, 0.68568987, -0.27854243
0.40630528, 0.46908754
0.00956282, 0.28539532, -0.00638968
0.60521257, 0.68568987, -0.40437025
0.3972086, 0.46422499
0.00813251, 0.28539532, -0.00813252
0.51466417, 0.68568987, -0.51469469
0.38923562, 0.45768172
0.00638967, 0.28539532, -0.00956283
0.40437025, 0.68568987, -0.60521257
0.38269207, 0.4497084
0.00440128, 0.28539532, -0.01062565
0.27851191, 0.68562883, -0.67250586
0.37782979, 0.44061196
-1e-08, 0.28539532, -0.01150112
0.0, 0.68562883, -0.72789699
0.37382469, 0.42047685
-0.00224377, 0.28539532, -0.01128013
-0.14200263, 0.68568987, -0.713889
0.37483576, 0.41021156
-0.0044013, 0.28539532, -0.01062564
-0.27854243, 0.68565935, -0.67247534
0.37782979, 0.40034145
-0.00638969, 0.28539532, -0.00956282
-0.40437025, 0.68568987, -0.60521257
0.38269207, 0.39124471
-0.00813253, 0.28539532, -0.00813251
-0.51466417, 0.68565935, -0.51469469
0.38923562, 0.3832714
-0.00956284, 0.28539532, -0.00638967
-0.60521257, 0.68568987, -0.40437025
0.39720893, 0.37672842
-0.01062565, 0.28539532, -0.00440127
-0.67247534, 0.68568987, -0.27854243
0.40630528, 0.37186623
# Number of Faces:
248
# Face Data:
0, 1, 2
1, 3, 4
3, 5, 6
5, 7, 8
9, 10, 11
10, 12, 13
12, 14, 15
14, 16, 17
16, 18, 19
18, 20, 21
20, 22, 23
22, 24, 25
26, 27, 28
27, 29, 30
29, 31, 32
32, 31, 33
33, 34, 35
34, 36, 37
37, 36, 38
39, 38, 40
41, 42, 43
44, 43, 45
46, 45, 47
47, 48, 49
48, 50, 51
50, 52, 53
52, 54, 55
54, 56, 57
58, 59, 60
59, 61, 62
63, 64, 65
66, 0, 67
61, 66, 68
69, 70, 71
72, 73, 74
73, 75, 76
75, 77, 78
77, 79, 80
81, 82, 83
82, 84, 85
85, 84, 86
86, 87, 88
87, 89, 90
89, 91, 92
91, 93, 94
93, 95, 96
97, 98, 99
98, 100, 101
100, 102, 103
102, 104, 105
104, 106, 107
106, 108, 109
108, 110, 111
110, 112, 113
114, 115, 116
115, 117, 118
117, 119, 120
119, 121, 122
122, 121, 123
123, 124, 125
124, 126, 127
126, 128, 129
130, 131, 132
131, 133, 134
135, 136, 137
138, 72, 139
133, 138, 140
141, 142, 143
67, 0, 2
2, 1, 4
4, 3, 6
6, 5, 8
144, 9, 11
11, 10, 13
13, 12, 15
15, 14, 17
17, 16, 19
19, 18, 21
21, 20, 23
23, 22, 25
145, 26, 28
28, 27, 30
30, 29, 32
146, 32, 33
146, 33, 35
35, 34, 37
39, 37, 38
147, 39, 40
44, 41, 43
46, 44, 45
148, 46, 47
148, 47, 49
49, 48, 51
51, 50, 53
53, 52, 55
55, 54, 57
149, 58, 60
60, 59, 62
65, 150, 151
152, 153, 151
151, 154, 155
155, 156, 157
157, 158, 159
159, 160, 161
161, 162, 163
164, 165, 163
163, 166, 167
167, 168, 163
63, 169, 170
170, 171, 63
64, 172, 173
173, 174, 175
175, 176, 65
177, 178, 65
150, 152, 151
151, 155, 157
157, 159, 163
162, 164, 163
163, 168, 63
63, 171, 64
64, 173, 65
176, 177, 65
65, 151, 157
159, 161, 163
163, 63, 65
173, 175, 65
65, 157, 163
68, 66, 67
62, 61, 68
71, 179, 180
180, 181, 182
182, 183, 184
184, 185, 182
186, 187, 188
188, 189, 186
190, 191, 192
192, 193, 190
69, 194, 195
195, 196, 69
197, 198, 199
199, 200, 70
70, 201, 202
202, 203, 70
204, 205, 71
206, 207, 71
71, 180, 182
182, 185, 186
186, 189, 190
190, 193, 69
69, 196, 197
197, 199, 69
70, 203, 204
205, 206, 71
71, 182, 69
186, 190, 69
69, 199, 70
70, 204, 71
182, 186, 69
139, 72, 74
74, 73, 76
76, 75, 78
78, 77, 80
208, 81, 83
83, 82, 85
209, 85, 86
209, 86, 88
88, 87, 90
90, 89, 92
92, 91, 94
94, 93, 96
210, 97, 99
99, 98, 101
101, 100, 103
103, 102, 105
105, 104, 107
107, 106, 109
109, 108, 111
111, 110, 113
211, 114, 116
116, 115, 118
118, 117, 120
120, 119, 122
212, 122, 123
212, 123, 125
125, 124, 127
127, 126, 129
213, 130, 132
132, 131, 134
214, 215, 216
216, 217, 218
218, 219, 137
220, 221, 137
137, 222, 223
223, 224, 225
225, 226, 135
227, 228, 135
135, 229, 230
230, 231, 135
232, 233, 136
234, 235, 136
136, 236, 237
237, 238, 136
239, 240, 214
241, 242, 214
214, 216, 137
219, 220, 137
137, 223, 135
226, 227, 135
135, 231, 232
233, 234, 136
136, 238, 239
240, 241, 214
216, 218, 137
223, 225, 135
135, 232, 136
136, 239, 214
214, 137, 136
140, 138, 139
134, 133, 140
243, 244, 245
245, 246, 247
247, 248, 143
249, 250, 143
143, 251, 252
252, 253, 254
254, 255, 141
256, 257, 141
141, 258, 259
259, 260, 141
261, 262, 263
263, 264, 142
142, 265, 266
266, 267, 142
268, 269, 270
270, 271, 243
243, 245, 143
248, 249, 143
143, 252, 141
255, 256, 141
141, 260, 261
261, 263, 141
142, 267, 268
268, 270, 142
245, 247, 143
252, 254, 141
141, 263, 142
142, 270, 243
243, 143, 142
