# Project Zomboid Skinned Mesh
# File Version:
1.0
# Model Name:
weapons_knife
# Vertex Stride Element Count:
3
# Vertex Stride Size (in bytes):
76
# Vertex Stride Data:
# (Int)    Offset
# (String) Type
0
VertexArray
12
NormalArray
24
TextureCoordArray
# Vertex Count:
98
# Vertex Buffer:
0.002224, 0.16770799, 0.004078
0.99700916, 0.02914518, -0.07129124
0.83025301, 0.16886902
0.000338, 0.17594101, -0.014696
0.99578846, 0.03793451, -0.08337657
0.642757, 0.13510501
0.000338, 0.205598, -0.002268
0.99578846, 0.03540147, -0.08450575
0.766873, 0.01347798
0.001227, 0.13322499, -0.025148
0.99932861, 0.00909452, -0.03485214
0.538369, 0.31028301
0.002224, 0.071888, 0.005286
0.99987793, 0.011536, -0.00946074
0.84232497, 0.551788
0.002224, 0.073087, -0.030566
0.99984741, 0.01651051, 0.00054933
0.48425901, 0.55691499
-0.001548, 0.16770799, 0.004078
0.0, 0.08792382, 0.99612415
0.86094397, 0.15987599
-0.000551, 0.13322499, -0.025148
0.0, 0.16327402, -0.98657185
0.538369, 0.31028301
-0.001548, 0.073087, -0.030566
0.0, 0.08972442, -0.99594104
0.48425901, 0.55691499
-0.001548, 0.071888, 0.005286
0.0, -0.99942017, -0.03341777
0.84232497, 0.551788
-0.001548, 0.071888, 0.005286
0.0, 0.01260414, 0.99990845
0.87836802, 0.54605001
-0.001548, 0.16770799, 0.004078
-0.95202488, -0.00384533, -0.30594805
0.83025301, 0.16886902
0.004714, 0.0715, 0.006635
0.99996948, 0.0, 0.0
0.68992084, 0.79617772
0.004714, 0.064953, -0.022919
0.99996948, 0.0, 0.0
0.56351811, 0.80767629
0.004714, 0.071258, -0.022396
1.0, 0.0, 0.0
0.56575572, 0.79660296
0.004714, 0.062602, -0.014003
1.0, 0.0, 0.0
0.60165304, 0.81180632
0.004714, 0.059202, -0.011356
0.99996948, 0.0, 0.0
0.61297172, 0.81777701
0.004714, -0.015747, -0.014434
1.0, 0.0, 0.0
0.5998103, 0.9494091
0.004714, -0.023007, -0.012867
1.0, 0.0, 0.0
0.60651243, 0.96215901
0.004714, -0.018204, -0.017263
1.0, 0.0, 0.0
0.58770794, 0.95372373
0.004714, -0.025765, -0.001325
1.0, 0.0, 0.0
0.65587825, 0.96700296
0.004714, -0.022504, 0.005377
1.0, 0.0, 0.0
0.68454069, 0.96127638
0.004714, -0.00307, -0.009196
1.0, 0.0, 0.0
0.62221253, 0.92714474
0.004714, 0.025016, -0.013493
1.0, 0.0, 0.0
0.60383457, 0.87781617
0.004714, 0.031743, 0.007896
0.99996948, 0.0, 0.0
0.69531679, 0.86600199
0.004714, 0.048297, -0.011326
0.99996948, 0.0, 0.0
0.61310107, 0.83692843
-0.004714, -0.015747, -0.014434
0.0, 0.75505847, -0.65562916
0.33596843, 0.83102119
0.004714, -0.018204, -0.017263
-3.052e-05, 0.75502795, -0.65565968
0.30002874, 0.81496862
-0.004714, -0.018204, -0.017263
0.0, 0.75499743, -0.65572071
0.33834395, 0.8138496
0.002829, -0.014511, -0.01301
0.0, 0.54979092, -0.83526111
0.30749315, 0.84438607
0.004714, -0.015747, -0.014434
-0.00027467, 0.75499743, -0.65572071
0.30468124, 0.83437824
-0.002829, -0.014511, -0.01301
0.0, 0.54988253, -0.83520007
0.33193088, 0.84438607
-0.002829, -0.024398, -0.011593
0.0, -0.81096834, -0.58503985
0.33729303, 0.76043549
-0.004714, -0.023007, -0.012867
0.0003357, -0.67513049, -0.73766291
0.33844286, 0.77562001
0.004714, -0.023007, -0.012867
0.0, -0.67522204, -0.73757136
0.30141455, 0.78457174
0.002829, -0.024398, -0.011593
0.0, -0.81105989, -0.58494824
0.30404913, 0.76938722
0.002829, -0.027794, -0.001185
0.0, -0.99761957, 0.06866664
0.30424741, 0.72070917
-0.002829, -0.027794, -0.001185
0.0, -0.99761957, 0.06866664
0.33689731, 0.72014943
0.002829, -0.023691, 0.007247
0.0, -0.89916682, 0.43754387
0.30682078, 0.69579735
-0.002829, -0.023691, 0.007247
0.0, -0.89916682, 0.43754387
0.332542, 0.69579735
0.002828, 0.029859, 0.007956
0.0, 0.00955229, 0.99993896
0.30682078, 0.67036477
-0.002829, 0.029859, 0.007956
0.0, 0.00955229, 0.99993896
0.332542, 0.67036477
-0.004714, 0.0715, 0.006635
-0.00012207, 0.03167821, 0.9994812
0.34111559, 0.636637
-0.004714, 0.031743, 0.007896
-0.00012207, 0.03167821, 0.9994812
0.34111559, 0.66989544
-0.004714, 0.0715, 0.006635
0.0, 0.99993896, -0.00833155
0.46974221, 0.95254049
0.004714, 0.071258, -0.022396
0.0, 0.99993896, -0.00833155
0.4928652, 0.6486468
-0.004714, 0.071258, -0.022396
0.0, 0.99993896, -0.00833155
0.47715396, 0.65089127
0.004714, 0.0715, 0.006635
0.0, 0.99993896, -0.00833155
0.49611521, 0.95141846
-0.004714, 0.071258, -0.022396
0.0, 0.08264412, -0.99655139
0.34111559, 0.97572521
0.004714, 0.064953, -0.022919
0.0, 0.08264412, -0.99655139
0.29824719, 0.9532022
-0.004714, 0.064953, -0.022919
0.0, 0.08264412, -0.99655139
0.34111559, 0.9532022
0.004714, 0.071258, -0.022396
0.0, 0.08264412, -0.99655139
0.29824719, 0.97572521
0.004714, 0.062602, -0.014003
0.0, -0.83449811, -0.55098116
0.29799366, 0.94010241
-0.004714, 0.062602, -0.014003
0.0, -0.83449811, -0.55098116
0.34086207, 0.94010199
-0.002829, 0.057714, -0.010198
0.0, -0.27381206, -0.96176028
0.332542, 0.92412693
-0.004714, 0.059202, -0.011356
-0.00018311, -0.61430711, -0.78905606
0.34111559, 0.92457614
0.004714, 0.059202, -0.011356
0.0, -0.61424601, -0.78908658
0.29824719, 0.92457614
0.002828, 0.057714, -0.010198
0.0, -0.27378154, -0.96176028
0.30682078, 0.92412693
0.002828, 0.048686, -0.013184
0.0, 0.2046266, -0.97882015
0.30682078, 0.90069429
-0.002829, 0.048686, -0.013184
0.0, 0.2046266, -0.97882015
0.332542, 0.90069429
0.002828, 0.02496, -0.015392
0.0, -0.0295114, -0.99954224
0.30682078, 0.88336722
-0.002829, 0.02496, -0.015392
0.0, -0.0295114, -0.99954224
0.332542, 0.88336722
0.002829, -0.003058, -0.011105
0.0, 0.00646992, -0.99996948
0.30706531, 0.8596755
-0.002829, -0.003058, -0.011105
0.0, 0.00646992, -0.99996948
0.3321754, 0.85760361
-0.004714, -0.00307, -0.009196
-1.0, 0.0, 0.0
0.62221253, 0.92714474
-0.004714, 0.048297, -0.011326
-1.0, 0.0, 0.0
0.61310107, 0.83692843
-0.004714, 0.025016, -0.013493
-1.0, 0.0, 0.0
0.60383457, 0.87781617
-0.004714, 0.059202, -0.011356
-0.99996948, 0.0, 0.0
0.61297172, 0.81777701
-0.004714, 0.062602, -0.014003
-1.0, 0.0, 0.0
0.60165304, 0.81180632
-0.004714, 0.071258, -0.022396
-1.0, 0.0, 0.0
0.56575572, 0.79660296
-0.004714, 0.064953, -0.022919
-0.99996948, 0.0, 0.0
0.56351811, 0.80767629
-0.004714, 0.0715, 0.006635
-1.0, 0.0, 0.0
0.68992084, 0.79617772
-0.004714, -0.022504, 0.005377
-1.0, 0.0, 0.0
0.68454069, 0.96127638
-0.004714, 0.031743, 0.007896
-1.0, 0.0, 0.0
0.69531679, 0.86600199
-0.004714, -0.023007, -0.012867
-1.0, 0.0, 0.0
0.60651243, 0.96215901
-0.004714, -0.025765, -0.001325
-1.0, 0.0, 0.0
0.65587825, 0.96700296
-0.004714, -0.015747, -0.014434
-1.0, 0.0, 0.0
0.5998103, 0.9494091
-0.004714, -0.018204, -0.017263
-1.0, 0.0, 0.0
0.58770794, 0.95372373
-0.002829, 0.057714, -0.010198
0.40415663, 0.02859584, -0.91421247
0.60452789, 0.82039064
-0.002829, 0.048686, -0.013184
-0.70955533, 0.14419995, -0.68968779
0.60515529, 0.83624622
-0.002829, 0.02496, -0.015392
-0.7098605, -0.02075259, -0.70400095
0.59571195, 0.87791467
-0.002829, -0.003058, -0.011105
-0.67305523, 0.09121983, -0.73390913
0.61404532, 0.92712334
-0.002829, -0.014511, -0.01301
0.53761405, 0.1383404, -0.83175147
0.59898549, 0.94024882
0.002828, 0.048686, -0.013184
0.64986116, 0.05017243, -0.75835443
0.60515529, 0.83624622
0.002828, 0.057714, -0.010198
-0.63896602, 0.24152349, -0.73030794
0.60452789, 0.82039064
0.002828, 0.02496, -0.015392
0.7096774, -0.02075259, -0.70418411
0.59571195, 0.87791467
0.002829, -0.003058, -0.011105
0.71153903, 0.00457778, -0.70259714
0.61404532, 0.92712334
0.002829, -0.014511, -0.01301
-0.32096317, 0.34669027, -0.88134402
0.59898549, 0.94024882
-0.002829, -0.023691, 0.007247
-0.69997251, -0.03213599, 0.71340066
0.69253957, 0.96819994
-0.002829, 0.029859, 0.007956
-0.04498428, -0.01321451, 0.99887079
0.69989479, 0.86931193
-0.002829, -0.027794, -0.001185
-0.73342085, -0.67815179, 0.04669332
0.65647525, 0.97755593
-0.002829, -0.024398, -0.011593
-0.51594591, -0.83159888, -0.20542009
0.6119585, 0.97159082
0.002829, -0.027794, -0.001185
0.71919918, -0.69145787, 0.06775109
0.65647525, 0.97755593
0.002829, -0.024398, -0.011593
0.44135869, -0.85305339, -0.27832881
0.6119585, 0.97159082
0.002829, -0.023691, 0.007247
0.70720541, -0.63573104, 0.3093051
0.69253957, 0.96819994
0.002828, 0.029859, 0.007956
0.09183019, -0.04565569, 0.99472028
0.69989479, 0.86931193
0.004714, 0.0715, 0.006635
0.00012207, 0.03167821, 0.9994812
0.29824719, 0.636637
0.004714, 0.031743, 0.007896
0.00012207, 0.03167821, 0.9994812
0.29824719, 0.66989544
# Number of Faces:
104
# Face Data:
0, 1, 2
0, 3, 1
3, 4, 5
0, 4, 3
6, 0, 2
1, 3, 7
7, 5, 8
5, 7, 3
8, 4, 9
4, 8, 5
10, 0, 6
0, 10, 4
9, 7, 8
7, 2, 1
9, 2, 7
11, 2, 9
12, 13, 14
12, 15, 13
12, 16, 15
17, 18, 19
17, 20, 18
17, 21, 20
22, 21, 17
23, 21, 22
23, 24, 21
25, 24, 23
16, 24, 25
12, 24, 16
26, 27, 28
27, 29, 30
26, 29, 27
31, 29, 26
28, 32, 33
32, 34, 35
28, 34, 32
28, 27, 34
32, 36, 37
36, 32, 35
37, 38, 39
38, 37, 36
39, 40, 41
40, 39, 38
41, 42, 43
44, 45, 46
45, 44, 47
48, 49, 50
49, 48, 51
50, 52, 53
52, 50, 49
53, 54, 55
54, 56, 57
53, 56, 54
53, 52, 56
54, 58, 59
58, 54, 57
59, 60, 61
60, 59, 58
61, 62, 63
62, 61, 60
63, 29, 31
29, 63, 62
64, 65, 66
64, 67, 65
68, 69, 70
68, 71, 69
67, 71, 68
64, 71, 67
71, 72, 73
72, 74, 75
71, 74, 72
64, 74, 71
76, 74, 64
76, 77, 74
78, 65, 67
65, 78, 79
79, 66, 65
66, 79, 80
80, 64, 66
64, 80, 81
81, 76, 64
76, 81, 82
16, 83, 84
83, 16, 25
25, 85, 83
85, 25, 23
23, 86, 85
86, 23, 22
22, 87, 86
87, 22, 17
88, 73, 72
73, 88, 89
90, 72, 75
72, 90, 88
91, 75, 74
75, 91, 90
18, 92, 93
92, 18, 20
20, 94, 92
94, 20, 21
21, 95, 94
95, 21, 24
96, 40, 97
41, 96, 42
96, 41, 40
