# Project Zomboid Skinned Mesh
# File Version:
1.0
# Model Name:
KingdomStaff_Cube.000
# Vertex Stride Element Count:
3
# Vertex Stride Size (in bytes):
76
# Vertex Stride Data:
# (Int)    Offset
# (String) Type
0
VertexArray
12
NormalArray
24
TextureCoordArray
# Vertex Count:
68
# Vertex Buffer:
0.01199727, 0.44530109, 1.1e-07
0.0, 0.99996948, 0.0
0.47845963, 0.11975801
0.00599862, 0.44530109, -0.00757413
-0.0003357, 0.99996948, -0.00027467
0.47097477, 0.11503267
0.00599862, 0.44530109, 0.00757436
0.0, 1.0, 0.0
0.47097477, 0.12448347
-0.00599865, 0.44530109, 0.00757436
-0.00051881, 0.99996948, -0.00039674
0.4560051, 0.12448347
-0.00601254, 0.44529048, -0.00759178
-0.00085452, 0.99996948, -0.00067141
0.45598775, 0.11502171
-0.01202522, 0.44529048, 1.1e-07
-0.00085452, 0.99996948, -0.00070193
0.4484854, 0.11975801
0.00607077, -0.10861582, -0.00766534
0.34128848, -0.62089908, -0.70564896
0.47106478, 0.11497581
0.01214156, -0.10861582, 2e-08
0.80709249, -0.59038055, 0.0
0.47863963, 0.11975801
0.00607077, -0.10861582, 0.00766538
0.34128848, -0.62089908, 0.70564896
0.47106478, 0.12454033
-0.00607079, -0.10861582, 0.00766538
-0.34128848, -0.62089908, 0.70564896
0.45591509, 0.12454033
-0.01214158, -0.10861582, 2e-08
-0.80709249, -0.59038055, 0.0
0.44834024, 0.11975801
-0.00607079, -0.10861582, -0.00766534
-0.34128848, -0.62089908, -0.70564896
0.45591509, 0.11497581
-0.00599865, 0.44530109, 0.00757436
-0.43421736, 0.00018311, 0.90078431
0.4560051, 0.13260436
-0.00607079, -0.10861582, 0.00766538
-0.34128848, -0.62089908, 0.70564896
0.45591509, 0.63907489
0.00607077, -0.10861582, 0.00766538
0.34128848, -0.62089908, 0.70564896
0.47106478, 0.63907489
-0.00607079, -0.10861582, 0.00766538
-0.34128848, -0.62089908, 0.70564896
0.57346332, 0.63064465
-0.00599865, 0.44530109, 0.00757436
-0.43421736, 0.00018311, 0.90078431
0.57357681, 0.12417412
-0.01202522, 0.44529048, 1.1e-07
-0.99996948, 0.00021363, 0.00137333
0.58302766, 0.12418377
-0.00607079, -0.10861582, -0.00766534
-0.34128848, -0.62089908, -0.70564896
0.53149307, 0.63907489
-0.01214158, -0.10861582, 2e-08
-0.80709249, -0.59038055, 0.0
0.52192861, 0.63907489
-0.01202522, 0.44529048, 1.1e-07
-0.99996948, 0.00021363, 0.00137333
0.52192837, 0.13261414
0.00607077, -0.10861582, -0.00766534
0.34128848, -0.62089908, -0.70564896
0.47106478, 0.63907489
-0.00607079, -0.10861582, -0.00766534
-0.34128848, -0.62089908, -0.70564896
0.45591509, 0.63907489
-0.00601254, 0.44529048, -0.00759178
-0.43458357, 0.00015259, -0.90060121
0.45598775, 0.13261414
0.01199727, 0.44530109, 1.1e-07
1.0, 0.00024415, 0.0
0.52192837, 0.13260436
0.01214156, -0.10861582, 2e-08
0.80709249, -0.59038055, 0.0
0.52192861, 0.63907489
0.00607077, -0.10861582, -0.00766534
0.34128848, -0.62089908, -0.70564896
0.53149307, 0.63907489
0.00607077, -0.10861582, 0.00766538
0.34128848, -0.62089908, 0.70564896
0.51236409, 0.63907489
-0.04842342, 0.4451589, 1.1e-07
-1.0, 0.0, 0.0
0.47845963, 0.11975801
-0.04842342, 0.43916026, -0.00757413
-1.0, -6.104e-05, -3.052e-05
0.47097477, 0.11503267
-0.04842342, 0.43916026, 0.00757436
-1.0, 0.0, 0.0
0.47097477, 0.12448347
-0.04842342, 0.42716298, 0.00757436
-1.0, -9.156e-05, -6.104e-05
0.4560051, 0.12448347
-0.04842156, 0.42714909, -0.00759178
-0.99996948, -0.00015259, -0.00012207
0.45598775, 0.11502171
-0.04842156, 0.42113641, 1.1e-07
-1.0, -0.00015259, -0.00012207
0.4484854, 0.11975801
0.0484234, 0.43923241, -0.00766534
0.62056339, 0.34150213, -0.70586258
0.47106478, 0.11497581
0.0484234, 0.44530317, 2e-08
0.58992279, 0.80742818, 0.0
0.47863963, 0.11975801
0.0484234, 0.43923241, 0.00766538
0.62053287, 0.34147161, 0.7058931
0.47106478, 0.12454033
0.0484234, 0.42709082, 0.00766538
0.62056339, -0.34141058, 0.7058931
0.45591509, 0.12454033
0.0484234, 0.42102006, 2e-08
0.59001434, -0.80736715, 0.0
0.44834024, 0.11975801
0.0484234, 0.42709082, -0.00766534
0.62062442, -0.34141058, -0.70583206
0.45591509, 0.11497581
0.0484234, 0.42709082, 0.00766538
0.62056339, -0.34141058, 0.7058931
0.45591509, 0.63907489
0.0484234, 0.43923241, 0.00766538
0.62053287, 0.34147161, 0.7058931
0.47106478, 0.63907489
-0.04842342, 0.43916026, 0.00757436
-0.0011597, 0.43531603, 0.90026551
0.47097477, 0.13260436
0.0484234, 0.42709082, 0.00766538
0.62056339, -0.34141058, 0.7058931
0.57346332, 0.63064465
-0.04842342, 0.42716298, 0.00757436
-0.0011597, -0.4342784, 0.9007538
0.57357681, 0.12417412
-0.04842156, 0.42113641, 1.1e-07
-0.0013123, -0.99996948, 0.00109867
0.58302766, 0.12418377
0.0484234, 0.42709082, -0.00766534
0.62062442, -0.34141058, -0.70583206
0.53149307, 0.63907489
0.0484234, 0.42102006, 2e-08
0.59001434, -0.80736715, 0.0
0.52192861, 0.63907489
-0.04842156, 0.42113641, 1.1e-07
-0.0013123, -0.99996948, 0.00109867
0.52192837, 0.13261414
0.0484234, 0.43923241, -0.00766534
0.62056339, 0.34150213, -0.70586258
0.47106478, 0.63907489
0.0484234, 0.42709082, -0.00766534
0.62062442, -0.34141058, -0.70583206
0.45591509, 0.63907489
-0.04842156, 0.42714909, -0.00759178
-0.00103763, -0.43470564, -0.90054017
0.45598775, 0.13261414
-0.04842342, 0.4451589, 1.1e-07
-0.00146489, 0.99996948, 0.0
0.52192837, 0.13260436
0.0484234, 0.44530317, 2e-08
0.58992279, 0.80742818, 0.0
0.52192861, 0.63907489
0.0484234, 0.43923241, -0.00766534
0.62056339, 0.34150213, -0.70586258
0.53149307, 0.63907489
0.0484234, 0.43923241, 0.00766538
0.62053287, 0.34147161, 0.7058931
0.51236409, 0.63907489
0.00599862, 0.44530109, 0.00757436
0.43537706, 0.00018311, 0.900235
0.47097477, 0.13260436
-0.01214158, -0.10861582, 2e-08
-0.80709249, -0.59038055, 0.0
0.58302784, 0.63064465
-0.00601254, 0.44529048, -0.00759178
-0.43458357, 0.00015259, -0.90060121
0.53140122, 0.13261414
0.00599862, 0.44530109, -0.00757413
0.43617055, 0.00018311, -0.89983827
0.47097477, 0.13260436
0.00599862, 0.44530109, -0.00757413
0.43617055, 0.00018311, -0.89983827
0.53137922, 0.13260436
0.00599862, 0.44530109, 0.00757436
0.43537706, 0.00018311, 0.900235
0.51247758, 0.13260436
-0.04842342, 0.42716298, 0.00757436
-0.0011597, -0.4342784, 0.9007538
0.4560051, 0.13260436
0.0484234, 0.42102006, 2e-08
0.59001434, -0.80736715, 0.0
0.58302784, 0.63064465
-0.04842156, 0.42714909, -0.00759178
-0.00103763, -0.43470564, -0.90054017
0.53140122, 0.13261414
-0.04842342, 0.43916026, -0.00757413
-0.0011597, 0.43601793, -0.89992982
0.47097477, 0.13260436
-0.04842342, 0.43916026, -0.00757413
-0.0011597, 0.43601793, -0.89992982
0.53137922, 0.13260436
-0.04842342, 0.43916026, 0.00757436
-0.0011597, 0.43531603, 0.90026551
0.51247758, 0.13260436
# Number of Faces:
40
# Face Data:
0, 1, 2
3, 4, 5
1, 4, 3
6, 7, 8
9, 10, 11
11, 6, 8
12, 13, 14
15, 16, 17
18, 19, 20
21, 22, 23
24, 25, 26
27, 25, 24
28, 29, 30
31, 32, 33
29, 32, 31
34, 35, 36
37, 38, 39
39, 34, 36
40, 41, 42
43, 44, 45
46, 47, 48
49, 50, 51
52, 53, 54
55, 53, 52
2, 1, 3
9, 11, 8
56, 12, 14
57, 15, 17
58, 18, 20
59, 21, 23
60, 24, 26
61, 27, 24
30, 29, 31
37, 39, 36
62, 40, 42
63, 43, 45
64, 46, 48
65, 49, 51
66, 52, 54
67, 55, 52
