# Project Zomboid Skinned Mesh
# File Version:
1.0
# Model Name:
Mace
# Vertex Stride Element Count:
3
# Vertex Stride Size (in bytes):
76
# Vertex Stride Data:
# (Int)    Offset
# (String) Type
0
VertexArray
12
NormalArray
24
TextureCoordArray
# Vertex Count:
694
# Vertex Buffer:
-0.00773638, 0.30021197, -0.00648269
-0.8164922, 0.57734919, 0.0
0.52269429, 0.0334878
0.01227268, 0.30021197, -0.02649176
0.0, 0.57734919, -0.8164922
0.53269887, 0.0334878
0.01227268, 0.29513824, -0.02649176
0.0, -0.57734919, -0.8164922
0.53269887, 0.03602469
0.02641485, 0.29513824, -0.01234959
0.8164922, -0.57734919, 0.0
0.46789494, 0.01711237
0.00620084, 0.29513824, 0.00147575
0.0, -0.90450758, -0.42640463
0.4577879, 0.01019967
0.02029691, 0.29513824, -0.01262032
-0.42637411, -0.90450758, 0.0
0.46483597, 0.01724768
-0.00147041, 0.29513824, -0.0061955
0.42637411, -0.90450758, 0.0
0.45395231, 0.01403534
-0.00773638, 0.29513824, -0.00648269
-0.8164922, -0.57734919, 0.0
0.45081931, 0.01417887
0.01227268, 0.29513824, -0.02649176
0.0, -0.57734919, -0.8164922
0.46082386, 0.02418339
0.00640578, 0.30021197, 0.00765947
0.0, 0.57734919, 0.8164922
0.52976543, 0.0334878
-0.00773638, 0.29513824, -0.00648269
-0.8164922, -0.57734919, 0.0
0.52269429, 0.03602469
-0.00147041, 0.30021197, -0.0061955
0.42637411, 0.90450758, 0.0
0.45395231, 0.01403534
-0.00773638, 0.30021197, -0.00648269
-0.8164922, 0.57734919, 0.0
0.45081931, 0.01417887
0.00640578, 0.30021197, 0.00765947
0.0, 0.57734919, 0.8164922
0.45789042, 0.00710785
0.00620084, 0.30021197, 0.00147575
0.0, 0.90450758, -0.42637411
0.4577879, 0.01019967
0.02641485, 0.30021197, -0.01234959
0.8164922, 0.57734919, 0.0
0.46789494, 0.01711237
0.02641485, 0.30021197, -0.01234959
0.8164922, 0.57734919, 0.0
0.53976995, 0.0334878
0.02641485, 0.29513824, -0.01234959
0.8164922, -0.57734919, 0.0
0.53976995, 0.03602469
0.00640578, 0.29513824, 0.00765947
0.0, -0.57734919, 0.8164922
0.52976543, 0.03602469
0.01262565, 0.29513824, -0.02029157
0.0, -0.90450758, 0.42637411
0.53287536, 0.03602469
0.01262565, 0.30021197, -0.02029157
0.0, 0.90450758, 0.42637411
0.53287536, 0.0334878
-0.00147041, 0.30021197, -0.0061955
0.42637411, 0.90450758, 0.0
0.52582729, 0.0334878
-0.00147041, 0.29513824, -0.0061955
0.42637411, -0.90450758, 0.0
0.52582729, 0.03602469
0.00620084, 0.30021197, 0.00147575
0.0, 0.90450758, -0.42637411
0.52966291, 0.0334878
0.02029691, 0.29513824, -0.01262032
-0.42637411, -0.90450758, 0.0
0.53671098, 0.03602469
0.02029691, 0.30021197, -0.01262032
-0.42637411, 0.90450758, 0.0
0.53671098, 0.0334878
0.00620084, 0.29513824, 0.00147575
0.0, -0.90450758, -0.42640463
0.52966291, 0.03602469
0.00629207, 0.29507321, -0.00629207
0.54896694, 0.63023776, -0.54896694
0.23511127, 0.16791326
0.00889832, 0.29507321, -1e-08
0.77636033, 0.63023776, 0.0
0.24712592, 0.16791326
0.00889831, -0.06110277, 0.0
0.77636033, -0.63023776, 0.0
0.24712592, 0.5079692
-0.0, -0.06110277, 0.00889831
0.0, -0.63023776, 0.77636033
0.45025092, 0.43424958
-0.00889831, -0.06110277, 0.0
-0.77636033, -0.63023776, 0.0
0.42622167, 0.43424958
-0.0, -0.06110277, -0.00889831
0.0, -0.63023776, -0.77636033
0.42622167, 0.44626427
1e-08, 0.29507321, -0.00889832
0.0, 0.63023776, -0.77636033
0.2230967, 0.16791326
0.00629205, -0.06110277, -0.00629206
0.54896694, -0.63023776, -0.54896694
0.23511127, 0.5079692
-0.0088983, 0.29507321, -1e-08
-0.77636033, 0.63023776, 0.0
0.42622167, 0.43424982
-0.00629205, 0.29507321, 0.00629205
-0.54896694, 0.63023776, 0.54896694
0.43823624, 0.43176138
0.00629206, 0.29507321, 0.00629204
0.54896694, 0.63023776, 0.54896694
0.45522732, 0.44025689
0.00889832, 0.29507321, -1e-08
0.77636033, 0.63023776, 0.0
0.83604848, 0.61032674
0.00629206, 0.29507321, 0.00629204
0.54896694, 0.63023776, 0.54896694
0.83604848, 0.60431936
0.00629205, -0.06110277, 0.00629205
0.54896694, -0.63023776, 0.54896694
0.15593663, 0.60431936
1e-08, 0.29507321, 0.0088983
0.0, 0.63023776, 0.77636033
0.83604848, 0.59831229
1e-08, 0.29507321, 0.0088983
0.0, 0.63023776, 0.77636033
0.24712592, 0.16791326
-0.00629205, 0.29507321, 0.00629205
-0.54896694, 0.63023776, 0.54896694
0.23511127, 0.16791326
-0.00629206, -0.06110277, 0.00629206
-0.54896694, -0.63023776, 0.54896694
0.23511127, 0.5079692
-0.0088983, 0.29507321, -1e-08
-0.77636033, 0.63023776, 0.0
0.2230967, 0.16791326
-0.00889831, -0.06110277, 0.0
-0.77636033, -0.63023776, 0.0
0.2230967, 0.5079692
-0.0088983, 0.29507321, -1e-08
-0.77636033, 0.63023776, 0.0
0.83604848, 0.59831229
-0.00629205, 0.29507321, -0.00629207
-0.54896694, 0.63023776, -0.54896694
0.83604848, 0.60431936
-0.00629206, -0.06110277, -0.00629206
-0.54896694, -0.63023776, -0.54896694
0.15593663, 0.60431936
1e-08, 0.29507321, -0.00889832
0.0, 0.63023776, -0.77636033
0.83604848, 0.61032674
-0.0, -0.06110277, -0.00889831
0.0, -0.63023776, -0.77636033
0.15593663, 0.61032674
0.14349541, 0.29744443, -0.11551681
0.71370584, 0.0, 0.70039982
0.64872223, 0.05461502
0.16139805, 0.29743984, -0.1407114
0.99975586, -9.156e-05, 0.02105777
0.64871991, 0.06223363
0.15836966, 0.30778316, -0.143742
0.85030669, 0.51029998, -0.12848292
0.65389156, 0.06223404
0.13939954, 0.31143373, -0.11961569
0.50669879, 0.70705283, 0.49324015
0.50699466, 0.05461562
0.15836966, 0.30778316, -0.143742
0.85030669, 0.51029998, -0.12848292
0.50517166, 0.06223404
0.15105629, 0.31206751, -0.15105629
0.48942533, 0.72173226, -0.48942533
0.5, 0.06223416
0.13939954, 0.31143373, -0.11961569
0.50669879, 0.70705283, 0.49324015
0.6557169, 0.05461562
0.11557724, 0.30822334, -0.10034009
-0.1200293, 0.51524401, 0.84856713
0.65411168, 0.04699683
0.13939655, 0.28345516, -0.11961269
0.5065462, -0.70705283, 0.49339274
0.64172757, 0.05461454
0.15836746, 0.2870965, -0.14373979
0.85021514, -0.5105136, -0.12836085
0.64354825, 0.06223321
0.14373979, 0.2870965, -0.15836746
0.12836085, -0.5105136, -0.85021514
0.36489898, 0.04532802
0.143742, 0.30778316, -0.15836966
0.12848292, 0.51029998, -0.85030669
0.36489898, 0.04015636
0.15836746, 0.2870965, -0.14373979
0.85021514, -0.5105136, -0.12836085
0.37524229, 0.04532802
0.11961568, 0.31143373, -0.13939956
-0.49324015, 0.70705283, -0.50669879
0.49300534, 0.05461562
0.12950823, 0.31722832, -0.12950823
0.00674459, 0.99993896, -0.00674459
0.5, 0.0546158
0.10795915, 0.3126862, -0.10795915
-0.48426771, 0.72862941, 0.48426771
0.5, 0.04699707
0.10034008, 0.30822334, -0.11557725
-0.84856713, 0.51524401, 0.1200293
0.36468351, 0.04004633
0.10033779, 0.28667477, -0.11557496
-0.84868926, -0.51503038, 0.12012085
0.36468351, 0.04543352
0.11557724, 0.30822334, -0.10034009
-0.1200293, 0.51524401, 0.84856713
0.37545776, 0.04004633
0.11873182, 0.29744905, -0.09718322
0.03079318, 9.156e-05, 0.99951172
0.64872456, 0.04699647
0.13939655, 0.28345516, -0.11961269
0.5065462, -0.70705283, 0.49339274
0.50699466, 0.05461454
0.129504, 0.27766061, -0.129504
0.00653096, -0.99993896, -0.00653096
0.5, 0.05461431
0.15105316, 0.28281215, -0.15105316
0.48927274, -0.72194588, -0.48927274
0.5, 0.06223309
0.11551681, 0.29744443, -0.14349541
-0.70039982, 0.0, -0.71370584
0.64872223, 0.05461502
0.11961568, 0.31143373, -0.13939956
-0.49324015, 0.70705283, -0.50669879
0.6557169, 0.05461562
0.143742, 0.30778316, -0.15836966
0.12848292, 0.51029998, -0.85030669
0.65389156, 0.06223404
0.10034008, 0.30822334, -0.11557725
-0.84856713, 0.51524401, 0.1200293
0.49461284, 0.04699683
0.11557495, 0.28667477, -0.1003378
-0.12012085, -0.51503038, 0.84868926
0.50538713, 0.04699606
0.11961269, 0.28345516, -0.13939655
-0.49339274, -0.70705283, -0.5065462
0.49300534, 0.05461454
0.14373979, 0.2870965, -0.15836746
0.12836085, -0.5105136, -0.85021514
0.49482834, 0.06223321
0.1407114, 0.29743984, -0.16139805
-0.02105777, -9.156e-05, -0.99975586
0.64871991, 0.06223363
0.14373979, 0.2870965, -0.15836746
0.12836085, -0.5105136, -0.85021514
0.64354825, 0.06223321
0.09718322, 0.29744905, -0.11873182
-0.99951172, 9.156e-05, -0.03079318
0.64872456, 0.04699647
0.10033779, 0.28667477, -0.11557496
-0.84868926, -0.51503038, 0.12012085
0.49461284, 0.04699606
0.11961269, 0.28345516, -0.13939655
-0.49339274, -0.70705283, -0.5065462
0.64172757, 0.05461454
0.10033779, 0.28667477, -0.11557496
-0.84868926, -0.51503038, 0.12012085
0.64333737, 0.04699606
0.10168542, 0.30125368, -0.15789063
-0.56901759, 0.59352398, -0.56913966
0.65062684, 0.05471468
0.10168455, 0.2936351, -0.15788987
-0.56913966, -0.59349346, -0.56901759
0.64681756, 0.05471444
0.0970742, 0.29363909, -0.12517692
-0.74483472, -0.61897641, 0.24909207
0.64681953, 0.04811656
0.12517768, 0.30125767, -0.09707505
-0.24897, 0.61919004, 0.74471265
0.5099358, 0.0481168
0.16250096, 0.30124968, -0.13439824
0.74483472, 0.61897641, -0.24909207
0.5099358, 0.06131256
0.13439837, 0.30124968, -0.16250092
0.24909207, 0.61897641, -0.74483472
0.49006426, 0.06131256
0.13439749, 0.29363111, -0.16250013
0.24897, -0.61919004, -0.74471265
0.64681554, 0.06131232
0.13439749, 0.29363111, -0.16250013
0.24897, -0.61919004, -0.74471265
0.4900642, 0.06131232
0.16250008, 0.29363111, -0.13439748
0.74471265, -0.61919004, -0.24897
0.5099358, 0.06131232
0.12517683, 0.29363909, -0.09707427
-0.24909207, -0.61897641, 0.74483472
0.50993574, 0.04811656
0.09707506, 0.30125767, -0.1251777
-0.74471265, 0.61919004, 0.24897
0.36013484, 0.04178774
0.0970742, 0.29363909, -0.12517692
-0.74483472, -0.61897641, 0.24909207
0.36013484, 0.04369235
0.12517683, 0.29363909, -0.09707427
-0.24909207, -0.61897641, 0.74483472
0.38000637, 0.04369235
0.12517768, 0.30125767, -0.09707505
-0.24897, 0.61919004, 0.74471265
0.65062881, 0.0481168
0.12517683, 0.29363909, -0.09707427
-0.24909207, -0.61897641, 0.74483472
0.64681953, 0.04811656
0.15788977, 0.2936351, -0.10168456
0.56901759, -0.59352398, 0.56913966
0.64681756, 0.05471444
0.16250008, 0.29363111, -0.13439748
0.74471265, -0.61919004, -0.24897
0.64681554, 0.06131232
0.16250096, 0.30124968, -0.13439824
0.74483472, 0.61897641, -0.24909207
0.65062487, 0.06131256
0.16250008, 0.29363111, -0.13439748
0.74471265, -0.61919004, -0.24897
0.38000643, 0.04369438
0.13439749, 0.29363111, -0.16250013
0.24897, -0.61919004, -0.74471265
0.36013484, 0.04369438
0.13439837, 0.30124968, -0.16250092
0.24909207, 0.61897641, -0.74483472
0.3601349, 0.04178977
0.12708981, 0.25770128, -0.13247691
-0.41975158, -0.80480361, -0.419599
0.49809536, 0.05471307
0.13247696, 0.25770122, -0.12708977
0.41956848, -0.80480361, 0.41975158
0.50190467, 0.05471307
0.11381743, 0.27757674, -0.10843026
-0.05917539, -0.35041353, 0.93469042
0.50190467, 0.04811597
0.10843451, 0.31731993, -0.11382166
-0.93462938, 0.35062715, 0.05908383
0.65865993, 0.0481174
0.14575772, 0.317312, -0.15114491
0.05917539, 0.35041353, -0.93469042
0.658656, 0.06131315
0.14575353, 0.27756891, -0.15114066
0.05908383, -0.35062715, -0.93462938
0.63878447, 0.06131172
0.15114067, 0.27756885, -0.14575352
0.93462938, -0.35062715, -0.05911435
0.50190467, 0.06131172
0.15114488, 0.31731194, -0.14575775
0.93469042, 0.35041353, -0.05917539
0.658656, 0.06131315
0.11382165, 0.3173199, -0.10843452
-0.05908383, 0.35062715, 0.93462938
0.65865993, 0.0481174
0.11381743, 0.27757674, -0.10843026
-0.05917539, -0.35041353, 0.93469042
0.63878834, 0.04811597
0.10843028, 0.2775768, -0.11381741
-0.93469042, -0.35041353, 0.05917539
0.36816603, 0.04770792
0.11381743, 0.27757674, -0.10843026
-0.05917539, -0.35041353, 0.93469042
0.3719753, 0.04770803
0.11382165, 0.3173199, -0.10843452
-0.05908383, 0.35062715, 0.93462938
0.3719753, 0.03777218
0.15114488, 0.31731194, -0.14575775
0.93469042, 0.35041353, -0.05917539
0.37197524, 0.03777421
0.15114067, 0.27756885, -0.14575352
0.93462938, -0.35062715, -0.05911435
0.3719753, 0.04770994
0.14575353, 0.27756891, -0.15114066
0.05908383, -0.35062715, -0.93462938
0.36816603, 0.04770994
0.10843451, 0.31731993, -0.11382166
-0.93462938, 0.35062715, 0.05908383
0.49809536, 0.0481174
0.11382165, 0.3173199, -0.10843452
-0.05908383, 0.35062715, 0.93462938
0.50190467, 0.0481174
0.13248536, 0.3371875, -0.12709826
0.41975158, 0.80480361, 0.419599
0.50190461, 0.05471605
0.15114488, 0.31731194, -0.14575775
0.93469042, 0.35041353, -0.05917539
0.50190461, 0.06131315
0.14575772, 0.317312, -0.15114491
0.05917539, 0.35041353, -0.93469042
0.49809533, 0.06131315
0.12692738, 0.31304345, -0.12692839
-0.70711386, 0.02511673, 0.70662558
0.37007028, 0.03884125
0.12747632, 0.36515477, -0.13054274
-0.88937038, 0.06094546, -0.45307779
0.36898649, 0.02581346
0.12625349, 0.31304589, -0.13118449
-0.8906827, 0.02649007, -0.45381024
0.36832726, 0.03884065
0.12791093, 0.36515319, -0.12779732
-0.70574051, 0.05993835, 0.70592362
0.37011081, 0.02581382
0.12995221, 0.36515364, -0.1318046
0.15622425, 0.06036561, -0.98586994
0.68257684, 0.0551002
0.12625349, 0.31304589, -0.13118449
-0.8906827, 0.02649007, -0.45381024
0.65652293, 0.05433679
0.12747632, 0.36515477, -0.13054274
-0.88937038, 0.06094546, -0.45307779
0.68257737, 0.05443943
0.13118449, 0.31304023, -0.12625349
0.45374921, 0.02352977, 0.89080477
0.37181401, 0.03884208
0.13009292, 0.31304419, -0.13314193
0.15604115, 0.02575762, -0.98739588
0.6565221, 0.05536151
0.13065682, 0.36515039, -0.12736224
0.45329142, 0.05871761, 0.8894009
0.37123543, 0.02581453
0.13314092, 0.3130407, -0.13009393
0.98736537, 0.02392651, -0.15662099
0.65652037, 0.05536151
0.13065682, 0.36515039, -0.12736224
0.45329142, 0.05871761, 0.8894009
0.68257523, 0.05443943
0.13118449, 0.31304023, -0.12625349
0.45374921, 0.02352977, 0.89080477
0.65652013, 0.05433679
0.13191821, 0.36515141, -0.1298386
0.9859615, 0.05896176, -0.15604115
0.6825757, 0.0551002
0.12959917, 0.38963568, -0.12945746
0.00070193, 0.99996948, 0.00045778
0.69481784, 0.05462289
0.12692405, 0.28184658, -0.12692507
-0.70711386, -0.02481155, 0.70662558
0.37007028, 0.04664052
0.12625015, 0.28184336, -0.13118115
-0.8906827, -0.02639851, -0.45377973
0.36832726, 0.04664135
0.12746184, 0.22973439, -0.13052826
-0.88937038, -0.06085391, -0.45307779
0.36898649, 0.05966854
0.12789644, 0.22973645, -0.12778284
-0.70574051, -0.05963317, 0.70592362
0.37011081, 0.05966806
0.12993774, 0.22973466, -0.13179013
0.15622425, -0.06060976, -0.98583943
0.61486733, 0.05509508
0.12746184, 0.22973439, -0.13052826
-0.88937038, -0.06085391, -0.45307779
0.61486721, 0.05443436
0.12625015, 0.28184336, -0.13118115
-0.8906827, -0.02639851, -0.45377973
0.64092171, 0.05433559
0.13118115, 0.28184903, -0.12625015
0.45374921, -0.02343822, 0.89080477
0.37181401, 0.04663992
0.13008958, 0.28184381, -0.1331386
0.15604115, -0.02600177, -0.98739588
0.64092189, 0.05536032
0.13064232, 0.22973877, -0.12734777
0.4532609, -0.05862606, 0.88943142
0.37123543, 0.05966747
0.13313758, 0.28184733, -0.13009059
0.98733485, -0.02417066, -0.15662099
0.64092368, 0.05536032
0.13118115, 0.28184903, -0.12625015
0.45374921, -0.02343822, 0.89080477
0.64092451, 0.05433559
0.13064232, 0.22973877, -0.12734777
0.4532609, -0.05862606, 0.88943142
0.61486936, 0.05443436
0.13190374, 0.22973692, -0.12982413
0.9859615, -0.05920591, -0.15604115
0.61486846, 0.05509508
0.12957947, 0.20525324, -0.12943776
0.00039674, -0.99996948, 0.00067141
0.60262662, 0.05461597
0.11589646, 0.29744428, -0.13795599
-0.72453994, -0.00018311, 0.68919951
0.36227143, 0.04274106
0.08112374, 0.29527628, -0.17688039
-0.26129949, -0.9492172, 0.17514573
0.33621556, 0.0432831
0.11768518, 0.29395786, -0.13974871
-0.23722038, -0.95065159, 0.1998352
0.36227, 0.04361272
0.07996984, 0.29752514, -0.17572393
-0.74810022, 0.00024415, 0.66353345
0.33621645, 0.04272091
0.06432944, 0.29754466, -0.19470751
-0.70714438, 0.00076296, -0.70705283
0.32397503, 0.04271603
0.11768992, 0.30093136, -0.13974546
-0.23502304, 0.95077366, 0.20178838
0.36227286, 0.04186928
0.0811273, 0.29977417, -0.17687778
-0.25943786, 0.94949186, 0.17645802
0.33621776, 0.0421586
0.12058745, 0.29959854, -0.14264451
0.55504012, 0.5872677, -0.58903778
0.49220166, 0.05536103
0.0811273, 0.29977417, -0.17687778
-0.25943786, 0.94949186, 0.17645802
0.46614709, 0.05443704
0.11768992, 0.30093136, -0.13974546
-0.23502304, 0.95077366, 0.20178838
0.49220219, 0.05433631
0.08299509, 0.29891467, -0.17874756
0.52925199, 0.58671832, -0.61287272
0.46614638, 0.0550977
0.13795599, 0.29744428, -0.11589646
-0.68919951, -0.00018311, 0.72453994
0.37786984, 0.04274106
0.13974871, 0.29395786, -0.11768518
-0.1998352, -0.95065159, 0.23725089
0.37787127, 0.04361272
0.17688039, 0.29527628, -0.08112374
-0.17514573, -0.9492172, 0.26129949
0.40392572, 0.0432831
0.17572393, 0.29752514, -0.07996984
-0.66353345, 0.00027467, 0.74810022
0.40392482, 0.04272091
0.17874886, 0.29613432, -0.08299319
0.61375773, -0.58674884, -0.52821434
0.53385472, 0.05509758
0.17688039, 0.29527628, -0.08112374
-0.17514573, -0.9492172, 0.26129949
0.53385508, 0.0544368
0.13974871, 0.29395786, -0.11768518
-0.1998352, -0.95065159, 0.23725089
0.50780064, 0.05433607
0.13974546, 0.30093136, -0.11768992
-0.20178838, 0.95077366, 0.23502304
0.37786841, 0.04186928
0.17687778, 0.29977417, -0.0811273
-0.17645802, 0.94949186, 0.25943786
0.40392357, 0.0421586
0.14264451, 0.29959854, -0.12058745
0.58906829, 0.5872677, -0.55504012
0.50779837, 0.05536103
0.13974546, 0.30093136, -0.11768992
-0.20178838, 0.95077366, 0.23502304
0.50779778, 0.05433631
0.17687778, 0.29977417, -0.0811273
-0.17645802, 0.94949186, 0.25943786
0.53385293, 0.05443704
0.17874756, 0.29891467, -0.08299509
0.61287272, 0.58671832, -0.52928251
0.53385359, 0.0550977
0.19470751, 0.29754466, -0.06432944
0.70708334, 0.00079348, 0.70711386
0.54609561, 0.05461943
0.14264652, 0.29528803, -0.12058452
0.5899533, -0.5879696, -0.55336159
0.37787074, 0.04328012
0.14264451, 0.29959854, -0.12058745
0.58906829, 0.5872677, -0.55504012
0.37786901, 0.04220247
0.17874756, 0.29891467, -0.08299509
0.61287272, 0.58671832, -0.52928251
0.40392423, 0.04237354
0.13493177, 0.32115999, -0.13493279
-0.58113348, 0.57017732, 0.58064514
0.37007028, 0.03681219
0.15538183, 0.36308578, -0.15844825
-0.82979828, 0.22040467, -0.51264989
0.36898649, 0.02633071
0.13396432, 0.31977049, -0.13889532
-0.84447765, 0.19183935, -0.50001526
0.36832726, 0.03715956
0.15600577, 0.36398214, -0.15589216
-0.56639302, 0.59846795, 0.56657612
0.37011081, 0.0261066
0.15754999, 0.36163285, -0.15940239
0.08578753, -0.39320049, -0.91540271
0.68081641, 0.06485748
0.13396432, 0.31977049, -0.13889532
-0.84447765, 0.19183935, -0.50001526
0.65988523, 0.05706298
0.15538183, 0.36308578, -0.15844825
-0.82979828, 0.22040467, -0.51264989
0.68154287, 0.06430554
0.13889311, 0.31976575, -0.13396211
0.49882504, 0.18942839, 0.84572893
0.37181401, 0.03716075
0.15856062, 0.36308211, -0.15526603
0.51194799, 0.21845149, 0.83074433
0.37123543, 0.02633166
0.14037317, 0.31751427, -0.13732618
0.90261543, -0.42439041, -0.07187109
0.65875715, 0.05791849
0.15856062, 0.36308211, -0.15526603
0.51194799, 0.21845149, 0.83074433
0.68154109, 0.06430495
0.13889311, 0.31976575, -0.13396211
0.49882504, 0.18942839, 0.84572893
0.6598829, 0.05706215
0.15951513, 0.36163098, -0.15743552
0.91500592, -0.39432967, -0.0850856
0.68081546, 0.06485724
0.16692933, 0.38313845, -0.16678762
0.38911098, 0.83550525, -0.38795128
0.69156921, 0.06782115
0.13732654, 0.31751719, -0.14037555
0.0720542, -0.42265084, -0.90340894
0.36899269, 0.03772283
0.15951513, 0.36163098, -0.15743552
0.91500592, -0.39432967, -0.0850856
0.37080586, 0.02669442
0.14037317, 0.31751427, -0.13732618
0.90261543, -0.42439041, -0.07187109
0.37114793, 0.03772354
0.1349223, 0.27372172, -0.13492331
-0.581164, -0.57011628, 0.58067566
0.37007028, 0.04867172
0.13395494, 0.27511102, -0.13888595
-0.84447765, -0.19180883, -0.49998474
0.36832726, 0.04832447
0.15536949, 0.23179293, -0.15843591
-0.8298288, -0.22037415, -0.51261938
0.36898649, 0.05915391
0.15599339, 0.23089668, -0.15587978
-0.56642354, -0.59837639, 0.56660664
0.37011081, 0.05937803
0.16691564, 0.21173888, -0.16677393
0.38898891, -0.83553576, -0.38795128
0.37012076, 0.0641675
0.13888375, 0.27511576, -0.13395275
0.49882504, -0.18939787, 0.84572893
0.37181401, 0.04832327
0.1585483, 0.23179656, -0.15525371
0.51194799, -0.21845149, 0.83074433
0.37123543, 0.05915308
0.14036396, 0.27736691, -0.13731697
0.90261543, 0.42432934, -0.0719016
0.63868344, 0.05791521
0.13888375, 0.27511576, -0.13395275
0.49882504, -0.18939787, 0.84572893
0.63755786, 0.05705881
0.1585483, 0.23179656, -0.15525371
0.51194799, -0.21845149, 0.83074433
0.61589825, 0.0643006
0.15950289, 0.23324749, -0.15742329
0.91500592, 0.39426863, -0.08511613
0.61662376, 0.06485283
0.1373173, 0.27736399, -0.14036632
0.07208472, 0.42258981, -0.90343946
0.36899269, 0.0477612
0.14036396, 0.27736691, -0.13731697
0.90261543, 0.42432934, -0.0719016
0.37114793, 0.04776049
0.15950289, 0.23324749, -0.15742329
0.91500592, 0.39426863, -0.08511613
0.37080586, 0.05879033
0.15753776, 0.23324561, -0.15939015
0.08581805, 0.39313945, -0.91543323
0.3694157, 0.0587908
0.11815371, 0.29744259, -0.15169929
-0.98406935, -0.00021363, 0.17767876
0.3582105, 0.04274154
0.11049028, 0.29527032, -0.20332782
-0.31452376, -0.9492172, 0.0028077
0.33724761, 0.04328454
0.1206334, 0.29395622, -0.15221392
-0.30799279, -0.95065159, 0.03665273
0.35890526, 0.04361308
0.10889065, 0.29751912, -0.20299584
-0.98965424, 0.00021363, 0.1432844
0.33679944, 0.04272234
0.10625459, 0.29753667, -0.22745088
-0.20221564, 0.00070193, -0.97930843
0.32722127, 0.04271805
0.1206353, 0.30092973, -0.15220913
-0.30729088, 0.95077366, 0.03936888
0.35890764, 0.04186976
0.11049163, 0.29976821, -0.20332402
-0.31376079, 0.94946134, 0.00479141
0.33724946, 0.04216015
0.12464927, 0.299597, -0.15303899
0.78740805, 0.58729821, -0.18720053
0.48996273, 0.05791652
0.11049163, 0.29976821, -0.20332402
-0.31376079, 0.94946134, 0.00479141
0.46717879, 0.06430304
0.1206353, 0.30092973, -0.15220913
-0.30729088, 0.95077366, 0.03936888
0.48883697, 0.05706024
0.11307962, 0.29890874, -0.20385979
0.77895445, 0.58671832, -0.22122867
0.46790436, 0.06485522
0.15169945, 0.29744259, -0.11815521
-0.1777398, -0.00021363, 0.98406935
0.38193029, 0.04274154
0.15221421, 0.29395622, -0.12063491
-0.03668325, -0.95065159, 0.30799279
0.3812356, 0.04361308
0.20332769, 0.29527032, -0.11048973
-0.00283822, -0.9492172, 0.31452376
0.40289384, 0.04328454
0.20299566, 0.29751912, -0.10889012
-0.14334545, 0.00024415, 0.98965424
0.40334195, 0.04272234
0.22745059, 0.29753667, -0.1062531
0.97930843, 0.00079348, 0.20230719
0.41292042, 0.04271805
0.1522094, 0.30092973, -0.12063679
-0.03936888, 0.95077366, 0.30729088
0.38123322, 0.04186976
0.20332389, 0.29976821, -0.11049108
-0.00479141, 0.94946134, 0.31376079
0.40289199, 0.04216015
0.15303943, 0.299597, -0.12465072
0.18723105, 0.58729821, -0.78737754
0.51003695, 0.05791688
0.1522094, 0.30092973, -0.12063679
-0.03936888, 0.95077366, 0.30729088
0.51116258, 0.0570606
0.20332389, 0.29976821, -0.11049108
-0.00479141, 0.94946134, 0.31376079
0.53282136, 0.06430292
0.20385978, 0.29890874, -0.11307907
0.22128971, 0.58671832, -0.77895445
0.53209585, 0.0648551
0.12375308, 0.32116237, -0.12375408
0.58076721, 0.56993318, -0.58125556
0.37007028, 0.03681159
0.11979023, 0.31977352, -0.12472123
-0.49995422, 0.19177832, -0.84450817
0.36832726, 0.03715873
0.10024657, 0.36309755, -0.10331299
-0.51258886, 0.22034363, -0.82985932
0.36898649, 0.02632773
0.10280282, 0.3639935, -0.10268921
0.56669819, 0.59822381, -0.56651509
0.37011081, 0.02610373
0.12472341, 0.31976879, -0.11979241
0.84575945, 0.18936735, 0.49879453
0.37181401, 0.03715992
0.10342877, 0.36309391, -0.10013419
0.83077484, 0.21839045, 0.51191747
0.37123543, 0.02632868
0.12135889, 0.31751832, -0.1183119
-0.07196265, -0.42417675, 0.90267646
0.65875918, 0.05119592
0.12472341, 0.31976879, -0.11979241
0.84575945, 0.18936735, 0.49879453
0.65988439, 0.05205238
0.10342877, 0.36309391, -0.10013419
0.83077484, 0.21839045, 0.51191747
0.68154693, 0.04481292
0.10125898, 0.36164343, -0.09917937
-0.08517716, -0.39411604, 0.91506696
0.68082172, 0.0442605
0.09191148, 0.38315448, -0.09176975
-0.38770714, 0.83568835, 0.38892788
0.69157726, 0.04129827
0.11830954, 0.31752124, -0.12135854
-0.9035005, -0.42243722, 0.07214576
0.36899269, 0.03772187
0.12135889, 0.31751832, -0.1183119
-0.07196265, -0.42417675, 0.90267646
0.37114793, 0.03772259
0.10125898, 0.36164343, -0.09917937
-0.08517716, -0.39411604, 0.91506696
0.37080586, 0.02669132
0.09929211, 0.36164531, -0.10114451
-0.91549426, -0.39298683, 0.08587909
0.3694157, 0.02669084
0.09191148, 0.38315448, -0.09176975
-0.38770714, 0.83568835, 0.38892788
0.37012076, 0.02131355
0.12375238, 0.27372411, -0.12375339
0.58055359, -0.57036042, -0.58104187
0.37007028, 0.04867113
0.10023082, 0.23180473, -0.10329724
-0.51264989, -0.22043519, -0.82976776
0.36898649, 0.05915093
0.11979003, 0.27511406, -0.12472103
-0.50004578, -0.19190039, -0.84444714
0.36832726, 0.04832363
0.10278674, 0.23090807, -0.10267315
0.56648457, -0.59862053, -0.56630147
0.37011081, 0.05937517
0.12472323, 0.2751188, -0.11979223
0.84569842, -0.18948942, 0.49885556
0.37181401, 0.04832244
0.10341301, 0.23180836, -0.10011844
0.83071381, -0.21851254, 0.51197851
0.37123543, 0.0591501
0.1213595, 0.27737096, -0.11831251
-0.07181005, 0.42454299, 0.90255439
0.63868546, 0.0511961
0.10341301, 0.23180836, -0.10011844
0.83071381, -0.21851254, 0.51197851
0.61590421, 0.04480731
0.12472323, 0.2751188, -0.11979223
0.84569842, -0.18948942, 0.49885556
0.63755941, 0.05205238
0.10124375, 0.23325995, -0.09916416
-0.08502457, 0.39448225, 0.91494489
0.61662996, 0.04425514
0.09188852, 0.21175492, -0.09174681
-0.38807335, -0.83538318, 0.38923308
0.60587746, 0.04129016
0.09927689, 0.23325807, -0.10112929
-0.91534168, 0.39335307, 0.08572649
0.3694157, 0.0587877
0.09188852, 0.21175492, -0.09174681
-0.38807335, -0.83538318, 0.38923308
0.37012076, 0.06416345
0.10124375, 0.23325995, -0.09916416
-0.08502457, 0.39448225, 0.91494489
0.37080586, 0.05878723
0.10698149, 0.29744497, -0.14052705
0.17767876, -0.00045778, -0.98406935
0.3582105, 0.04274094
0.1064661, 0.29395926, -0.13804662
0.03646962, -0.95074314, -0.30777916
0.35890526, 0.04361236
0.05535249, 0.2952821, -0.14819004
0.00262459, -0.94927824, -0.31434065
0.33724761, 0.04328167
0.05568495, 0.2975305, -0.14979015
0.1432844, 0.0, -0.98965424
0.33679944, 0.04271948
0.10647237, 0.30093277, -0.13804621
0.03958251, 0.95071262, -0.3075045
0.35890764, 0.04186893
0.05535726, 0.29978001, -0.14818963
0.00497452, 0.94940031, -0.31397444
0.33724946, 0.04215717
0.10564224, 0.29960108, -0.13403198
-0.18707846, 0.58751184, 0.78728598
0.48996273, 0.05119658
0.10647237, 0.30093277, -0.13804621
0.03958251, 0.95071262, -0.3075045
0.48883697, 0.05205286
0.05535726, 0.29978001, -0.14818963
0.00497452, 0.94940031, -0.31397444
0.46717879, 0.04481006
0.05482128, 0.2989212, -0.14560145
-0.2211066, 0.58693194, 0.77883238
0.46790436, 0.04425776
0.03122989, 0.29755273, -0.15242618
-0.97933894, 0.00091556, -0.20221564
0.45715064, 0.04129386
0.05481879, 0.29614088, -0.1456016
-0.22260201, -0.5865047, 0.77871031
0.33797407, 0.04306698
0.05482128, 0.2989212, -0.14560145
-0.2211066, 0.58693194, 0.77883238
0.33797503, 0.04237187
0.03122989, 0.29755273, -0.15242618
-0.97933894, 0.00091556, -0.20221564
0.32722127, 0.042714
0.14052555, 0.29744497, -0.10698131
0.98406935, -0.00045778, -0.1777398
0.38193029, 0.04274094
0.14819057, 0.2952821, -0.05535261
0.31434065, -0.94927824, -0.00262459
0.40289384, 0.04328167
0.13804512, 0.29395926, -0.10646582
0.30777916, -0.95074314, -0.03646962
0.3812356, 0.04361236
0.14979067, 0.2975305, -0.05568516
0.98965424, 0.0, -0.14331493
0.40334195, 0.04271948
0.15242767, 0.29755273, -0.03123019
0.20224616, 0.000824, 0.97930843
0.41292042, 0.042714
0.13804471, 0.30093277, -0.1064721
0.3075045, 0.95071262, -0.03958251
0.38123322, 0.04186893
0.14819017, 0.29978001, -0.05535738
0.31397444, 0.94940031, -0.00500504
0.40289199, 0.04215717
0.13403051, 0.29960108, -0.1056418
-0.78725547, 0.58751184, 0.18710898
0.51003695, 0.05119622
0.14819017, 0.29978001, -0.05535738
0.31397444, 0.94940031, -0.00500504
0.53282136, 0.04481018
0.13804471, 0.30093277, -0.1064721
0.3075045, 0.95071262, -0.03958251
0.51116258, 0.05205262
0.145602, 0.2989212, -0.0548213
-0.77883238, 0.58693194, 0.22113712
0.53209585, 0.04425788
0.01151257, 0.28767508, -0.01517714
-0.8164922, -0.57734919, 0.0
0.46044376, 0.01852608
0.03152163, 0.28767508, -0.03518621
0.0, -0.57734919, -0.8164922
0.47044834, 0.02853072
0.0351093, 0.28767508, -0.03159854
0.8164922, -0.57734919, 0.0
0.47224215, 0.02673686
0.0351093, 0.30767512, -0.03159854
0.8164922, 0.57734919, 0.0
0.6241501, 0.02361178
0.01808962, 0.30315766, -0.01457886
0.85277873, -0.30149236, 0.42637411
0.62189138, 0.01510203
0.03218569, 0.30315766, -0.02867493
0.42637411, -0.30149236, 0.85277873
0.62189138, 0.02215004
0.01808962, 0.29230887, -0.01457886
0.85277873, 0.30149236, 0.42637411
0.53560734, 0.03743935
0.01510023, 0.28767508, -0.01158948
0.0, -0.57734919, 0.8164922
0.53411263, 0.03975618
0.0351093, 0.28767508, -0.03159854
0.8164922, -0.57734919, 0.0
0.54411715, 0.03975618
0.01510023, 0.30767512, -0.01158948
0.0, 0.57734919, 0.8164922
0.53411263, 0.02975619
0.01151257, 0.30767512, -0.01517714
-0.8164922, 0.57734919, 0.0
0.53231877, 0.02975619
0.01151257, 0.28767508, -0.01517714
-0.8164922, -0.57734919, 0.0
0.53231877, 0.03975618
0.01450196, 0.29230887, -0.01816653
-0.42637411, 0.30149236, -0.85277873
0.53381348, 0.03743935
0.01450195, 0.30315766, -0.01816653
-0.42637411, -0.30149236, -0.85277873
0.62189138, 0.01689577
0.01151257, 0.30767512, -0.01517714
-0.8164922, 0.57734919, 0.0
0.6241501, 0.01540112
0.03152163, 0.30767512, -0.03518621
0.0, 0.57734919, -0.8164922
0.6241501, 0.02540565
0.03152163, 0.28767508, -0.03518621
0.0, -0.57734919, -0.8164922
0.54232335, 0.03975618
0.03152163, 0.30767512, -0.03518621
0.0, 0.57734919, -0.8164922
0.54232335, 0.02975619
0.0351093, 0.30767512, -0.03159854
0.8164922, 0.57734919, 0.0
0.54411715, 0.02975619
0.01510023, 0.30767512, -0.01158948
0.0, 0.57734919, 0.8164922
0.46223763, 0.01673234
0.0351093, 0.30767512, -0.03159854
0.8164922, 0.57734919, 0.0
0.47224215, 0.02673686
0.03152163, 0.30767512, -0.03518621
0.0, 0.57734919, -0.8164922
0.47044834, 0.02853072
0.03218569, 0.29230887, -0.02867493
0.42637411, 0.30149236, 0.85277873
0.47078034, 0.02527499
0.02859802, 0.29230887, -0.0322626
-0.85277873, 0.30149236, -0.42637411
0.46898654, 0.02706885
0.01450196, 0.29230887, -0.01816653
-0.42637411, 0.30149236, -0.85277873
0.46193847, 0.02002084
0.01450195, 0.30315766, -0.01816653
-0.42637411, -0.30149236, -0.85277873
0.53381348, 0.03201497
0.03218569, 0.30315766, -0.02867493
0.42637411, -0.30149236, 0.85277873
0.54265535, 0.03201497
0.02859802, 0.30315766, -0.0322626
-0.85277873, -0.30149236, -0.42637411
0.54086155, 0.03201497
0.02859802, 0.29230887, -0.0322626
-0.85277873, 0.30149236, -0.42637411
0.54086155, 0.03743935
0.02859802, 0.30315766, -0.0322626
-0.85277873, -0.30149236, -0.42637411
0.46898654, 0.02706885
0.03218569, 0.30315766, -0.02867493
0.42637411, -0.30149236, 0.85277873
0.47078034, 0.02527499
0.01808962, 0.30315766, -0.01457886
0.85277873, -0.30149236, 0.42637411
0.46373233, 0.01822698
0.05429776, 0.29513824, -0.04023251
0.8164922, -0.57734919, 0.0
0.48183641, 0.03105378
0.03408375, 0.29513824, -0.02640717
0.0, -0.90450758, -0.42637411
0.47172937, 0.02414119
0.04817982, 0.29513824, -0.04050323
-0.42637411, -0.90450758, 0.0
0.47877744, 0.0311892
0.04817982, 0.29513824, -0.04050323
-0.42637411, -0.90450758, 0.0
0.55065244, 0.03602469
0.04817982, 0.30021197, -0.04050323
-0.42637411, 0.90450758, 0.0
0.55065244, 0.0334878
0.04050856, 0.30021197, -0.04817448
0.0, 0.90450758, 0.42637411
0.54681677, 0.0334878
0.03408375, 0.29513824, -0.02640717
0.0, -0.90450758, -0.42637411
0.54360437, 0.03602469
0.0600686, 0.30315766, -0.05655784
0.42637411, -0.30149236, 0.85277873
0.55659682, 0.03201497
0.05648093, 0.30315766, -0.06014551
-0.85277873, -0.30149236, -0.42637411
0.55480295, 0.03201497
0.05648093, 0.29230887, -0.06014551
-0.85277873, 0.30149236, -0.42637411
0.55480295, 0.03743935
0.05648093, 0.30315766, -0.06014551
-0.85277873, -0.30149236, -0.42637411
0.48292795, 0.04101026
0.0600686, 0.30315766, -0.05655784
0.42637411, -0.30149236, 0.85277873
0.48472181, 0.03921652
0.04597253, 0.30315766, -0.04246178
0.85277873, -0.30149236, 0.42637411
0.4776738, 0.03216839
0.08218067, 0.29513824, -0.06811542
0.8164922, -0.57734919, 0.0
0.49577782, 0.04499531
0.06196666, 0.29513824, -0.05429007
0.0, -0.90450758, -0.42637411
0.48567083, 0.0380826
0.07606273, 0.29513824, -0.06838614
-0.42637411, -0.90450758, 0.0
0.49271885, 0.04513061
0.05429541, 0.29513824, -0.06196133
0.42637411, -0.90450758, 0.0
0.48183522, 0.04191828
0.04802945, 0.29513824, -0.06224852
-0.8164922, -0.57734919, 0.0
0.47870222, 0.04206181
0.06803851, 0.29513824, -0.08225758
0.0, -0.57734919, -0.8164922
0.48870674, 0.05206633
0.06217161, 0.30021197, -0.04810635
0.0, 0.57734919, 0.8164922
0.5576483, 0.0334878
0.04802945, 0.30021197, -0.06224852
-0.8164922, 0.57734919, 0.0
0.55057722, 0.0334878
0.04802945, 0.29513824, -0.06224852
-0.8164922, -0.57734919, 0.0
0.55057722, 0.03602469
0.05429541, 0.30021197, -0.06196133
0.42637411, 0.90450758, 0.0
0.48183522, 0.04191828
0.04802945, 0.30021197, -0.06224852
-0.8164922, 0.57734919, 0.0
0.47870222, 0.04206181
0.06217161, 0.30021197, -0.04810635
0.0, 0.57734919, 0.8164922
0.4857733, 0.03499079
0.06196666, 0.30021197, -0.05429007
0.0, 0.90450758, -0.42637411
0.48567083, 0.0380826
0.08218067, 0.30021197, -0.06811542
0.8164922, 0.57734919, 0.0
0.49577782, 0.04499531
0.06803851, 0.30021197, -0.08225758
0.0, 0.57734919, -0.8164922
0.56058174, 0.0334878
0.08218067, 0.30021197, -0.06811542
0.8164922, 0.57734919, 0.0
0.56765282, 0.0334878
0.08218067, 0.29513824, -0.06811542
0.8164922, -0.57734919, 0.0
0.56765282, 0.03602469
0.06217161, 0.29513824, -0.04810635
0.0, -0.57734919, 0.8164922
0.61788166, 0.03186572
0.08218067, 0.29513824, -0.06811542
0.8164922, -0.57734919, 0.0
0.61788166, 0.04187024
0.08218067, 0.30021197, -0.06811542
0.8164922, 0.57734919, 0.0
0.62041849, 0.04187024
0.06839148, 0.29513824, -0.0760574
0.0, -0.90450758, 0.42637411
0.56075823, 0.03602469
0.06839148, 0.30021197, -0.0760574
0.0, 0.90450758, 0.42637411
0.56075823, 0.0334878
0.05429541, 0.30021197, -0.06196133
0.42637411, 0.90450758, 0.0
0.55371022, 0.0334878
0.05429541, 0.29513824, -0.06196133
0.42637411, -0.90450758, 0.0
0.55371022, 0.03602469
0.06196666, 0.30021197, -0.05429007
0.0, 0.90450758, -0.42637411
0.55754584, 0.0334878
0.07606273, 0.29513824, -0.06838614
-0.42637411, -0.90450758, 0.0
0.56459385, 0.03602469
0.07606273, 0.30021197, -0.06838614
-0.42637411, 0.90450758, 0.0
0.56459385, 0.0334878
0.06196666, 0.29513824, -0.05429007
0.0, -0.90450758, -0.42637411
0.55754584, 0.03602469
0.07086606, 0.28767508, -0.0673553
0.0, -0.57734919, 0.8164922
0.49012056, 0.04461515
0.06727839, 0.28767508, -0.07094297
-0.8164922, -0.57734919, 0.0
0.4883267, 0.04640901
0.08728746, 0.28767508, -0.09095202
0.0, -0.57734919, -0.8164922
0.49833122, 0.05641353
0.09087512, 0.30767512, -0.08736436
0.8164922, 0.57734919, 0.0
0.6241501, 0.05149472
0.07385544, 0.30315766, -0.07034469
0.85277873, -0.30149236, 0.42637411
0.62189138, 0.04298484
0.08795151, 0.30315766, -0.08444075
0.42637411, -0.30149236, 0.85277873
0.62189138, 0.05003297
0.07385544, 0.29230887, -0.07034469
0.85277873, 0.30149236, 0.42637411
0.56349021, 0.03743935
0.07086606, 0.28767508, -0.0673553
0.0, -0.57734919, 0.8164922
0.56199557, 0.03975618
0.09087512, 0.28767508, -0.08736436
0.8164922, -0.57734919, 0.0
0.57200009, 0.03975618
0.06727839, 0.30767512, -0.07094297
-0.8164922, 0.57734919, 0.0
0.5602017, 0.02975619
0.06727839, 0.28767508, -0.07094297
-0.8164922, -0.57734919, 0.0
0.5602017, 0.03975618
0.07026777, 0.29230887, -0.07393236
-0.42637411, 0.30149236, -0.85277873
0.56169641, 0.03743935
0.07026777, 0.30315766, -0.07393236
-0.42637411, -0.30149236, -0.85277873
0.56169641, 0.03201497
0.08728745, 0.30767512, -0.09095203
0.0, 0.57731867, -0.8164922
0.57020622, 0.02975619
0.08728746, 0.28767508, -0.09095202
0.0, -0.57734919, -0.8164922
0.57020622, 0.03975618
0.09087512, 0.30767512, -0.08736436
0.8164922, 0.57734919, 0.0
0.57200009, 0.02975619
0.07086606, 0.30767512, -0.0673553
0.0, 0.57734919, 0.8164922
0.49012056, 0.04461515
0.09087512, 0.30767512, -0.08736436
0.8164922, 0.57734919, 0.0
0.50012505, 0.05461979
0.08728745, 0.30767512, -0.09095203
0.0, 0.57731867, -0.8164922
0.49833122, 0.05641353
0.08795151, 0.29230887, -0.08444075
0.42637411, 0.30149236, 0.85277873
0.49866328, 0.05315793
0.08436384, 0.29230887, -0.08802842
-0.85277873, 0.30149236, -0.42637411
0.49686942, 0.05495179
0.07026777, 0.29230887, -0.07393236
-0.42637411, 0.30149236, -0.85277873
0.4898214, 0.04790378
0.08795151, 0.30315766, -0.08444075
0.42637411, -0.30149236, 0.85277873
0.57053828, 0.03201497
0.08436384, 0.30315766, -0.08802842
-0.85277873, -0.30149236, -0.42637411
0.56874442, 0.03201497
0.08436384, 0.29230887, -0.08802842
-0.85277873, 0.30149236, -0.42637411
0.56874442, 0.03743935
0.08436384, 0.30315766, -0.08802842
-0.85277873, -0.30149236, -0.42637411
0.49686942, 0.05495179
0.08795151, 0.30315766, -0.08444075
0.42637411, -0.30149236, 0.85277873
0.49866328, 0.05315793
0.07385544, 0.30315766, -0.07034469
0.85277873, -0.30149236, 0.42637411
0.49161521, 0.04610991
0.11012407, 0.29513824, -0.09605882
0.8164922, -0.57734919, 0.0
0.50974953, 0.05896699
0.08991005, 0.29513824, -0.08223347
0.0, -0.90450758, -0.42637411
0.49964252, 0.05205429
0.10400611, 0.29513824, -0.09632953
-0.42637411, -0.90450758, 0.0
0.5066905, 0.0591023
0.0822388, 0.29513824, -0.08990472
0.42637411, -0.90450758, 0.0
0.4958069, 0.05588996
0.07597283, 0.29513824, -0.09019191
-0.8164922, -0.57734919, 0.0
0.4926739, 0.05603349
0.0959819, 0.29513824, -0.11020098
0.0, -0.57734919, -0.8164922
0.50267845, 0.06603801
0.090115, 0.30021197, -0.07604975
0.0, 0.57734919, 0.8164922
0.57161999, 0.0334878
0.07597283, 0.30021197, -0.09019191
-0.8164922, 0.57734919, 0.0
0.56454891, 0.0334878
0.07597283, 0.29513824, -0.09019191
-0.8164922, -0.57734919, 0.0
0.56454891, 0.03602469
0.0822388, 0.30021197, -0.08990472
0.42637411, 0.90450758, 0.0
0.4958069, 0.05588996
0.07597283, 0.30021197, -0.09019191
-0.8164922, 0.57734919, 0.0
0.4926739, 0.05603349
0.090115, 0.30021197, -0.07604975
0.0, 0.57734919, 0.8164922
0.49974498, 0.04896247
0.08991005, 0.30021197, -0.08223347
0.0, 0.90450758, -0.42637411
0.49964252, 0.05205429
0.11012407, 0.30021197, -0.09605882
0.8164922, 0.57734919, 0.0
0.50974953, 0.05896699
0.0959819, 0.30021197, -0.11020098
0.0, 0.57734919, -0.8164922
0.57455349, 0.0334878
0.11012407, 0.30021197, -0.09605882
0.8164922, 0.57734919, 0.0
0.58162457, 0.0334878
0.11012407, 0.29513824, -0.09605882
0.8164922, -0.57734919, 0.0
0.58162457, 0.03602469
0.090115, 0.29513824, -0.07604975
0.0, -0.57734919, 0.8164922
0.57161999, 0.03602469
0.09633486, 0.29513824, -0.10400078
0.0, -0.90450758, 0.42637411
0.57472992, 0.03602469
0.09633486, 0.30021197, -0.10400078
0.0, 0.90450758, 0.42637411
0.57472992, 0.0334878
0.0822388, 0.30021197, -0.08990472
0.42637411, 0.90450758, 0.0
0.56768191, 0.0334878
0.0822388, 0.29513824, -0.08990472
0.42637411, -0.90450758, 0.0
0.56768191, 0.03602469
0.08991005, 0.30021197, -0.08223347
0.0, 0.90450758, -0.42637411
0.57151753, 0.0334878
0.10400611, 0.29513824, -0.09632953
-0.42637411, -0.90450758, 0.0
0.57856554, 0.03602469
0.10400611, 0.30021197, -0.09632953
-0.42637411, 0.90450758, 0.0
0.57856554, 0.0334878
0.08991005, 0.29513824, -0.08223347
0.0, -0.90450758, -0.42637411
0.57151753, 0.03602469
0.09522179, 0.28767508, -0.09888636
-0.8164922, -0.57734919, 0.0
0.50229836, 0.0603807
0.11523084, 0.28767508, -0.11889543
0.0, -0.57731867, -0.8164922
0.51230288, 0.07038522
0.11881851, 0.28767508, -0.11530776
0.8164922, -0.57734919, 0.0
0.51409674, 0.06859148
0.11881851, 0.30767512, -0.11530776
0.8164922, 0.57734919, 0.0
0.6241501, 0.0654664
0.10179883, 0.30315766, -0.09828807
0.85277873, -0.30149236, 0.42637411
0.62189138, 0.05695653
0.1158949, 0.30315766, -0.11238414
0.42637411, -0.30149236, 0.85277873
0.62189138, 0.06400466
0.10179883, 0.29230887, -0.09828807
0.85277873, 0.30149236, 0.42637411
0.5774619, 0.03743935
0.09880945, 0.28767508, -0.09529869
0.0, -0.57731867, 0.8164922
0.57596725, 0.03975618
0.11881851, 0.28767508, -0.11530776
0.8164922, -0.57734919, 0.0
0.58597177, 0.03975618
0.09880945, 0.30767512, -0.09529869
0.0, 0.57734919, 0.8164922
0.57596725, 0.02975619
0.09522178, 0.30767512, -0.09888636
-0.8164922, 0.57734919, 0.0
0.57417339, 0.02975619
0.09522179, 0.28767508, -0.09888636
-0.8164922, -0.57734919, 0.0
0.57417339, 0.03975618
0.09821116, 0.29230887, -0.10187574
-0.42637411, 0.30149236, -0.85277873
0.61646694, 0.05875039
0.09522179, 0.28767508, -0.09888636
-0.8164922, -0.57734919, 0.0
0.61415011, 0.05725574
0.09522178, 0.30767512, -0.09888636
-0.8164922, 0.57734919, 0.0
0.6241501, 0.05725574
0.09821116, 0.30315766, -0.10187574
-0.42637411, -0.30149236, -0.85277873
0.5756681, 0.03201497
0.11523084, 0.30767512, -0.11889543
0.0, 0.57731867, -0.8164922
0.58417791, 0.02975619
0.11523084, 0.28767508, -0.11889543
0.0, -0.57731867, -0.8164922
0.58417791, 0.03975618
0.11881851, 0.30767512, -0.11530776
0.8164922, 0.57734919, 0.0
0.58597177, 0.02975619
0.09880945, 0.30767512, -0.09529869
0.0, 0.57734919, 0.8164922
0.50409222, 0.05858696
0.11881851, 0.30767512, -0.11530776
0.8164922, 0.57734919, 0.0
0.51409674, 0.06859148
0.11523084, 0.30767512, -0.11889543
0.0, 0.57731867, -0.8164922
0.51230288, 0.07038522
0.1158949, 0.29230887, -0.11238414
0.42637411, 0.30149236, 0.85277873
0.51263493, 0.06712961
0.11230723, 0.29230887, -0.11597181
-0.85277873, 0.30149236, -0.42637411
0.51084107, 0.06892347
0.09821116, 0.29230887, -0.10187574
-0.42637411, 0.30149236, -0.85277873
0.50379306, 0.06187546
0.09821116, 0.29230887, -0.10187574
-0.42637411, 0.30149236, -0.85277873
0.5756681, 0.03743935
0.1158949, 0.30315766, -0.11238414
0.42637411, -0.30149236, 0.85277873
0.58450997, 0.03201497
0.11230723, 0.30315766, -0.11597181
-0.85277873, -0.30149236, -0.42637411
0.58271611, 0.03201497
0.11230723, 0.29230887, -0.11597181
-0.85277873, 0.30149236, -0.42637411
0.58271611, 0.03743935
0.11230723, 0.30315766, -0.11597181
-0.85277873, -0.30149236, -0.42637411
0.51084107, 0.06892347
0.1158949, 0.30315766, -0.11238414
0.42637411, -0.30149236, 0.85277873
0.51263493, 0.06712961
0.10179883, 0.30315766, -0.09828807
0.85277873, -0.30149236, 0.42637411
0.50558686, 0.0600816
0.12959917, 0.38963568, -0.12945746
0.00070193, 0.99996948, 0.00045778
0.37012076, 0.01969326
0.13009292, 0.31304419, -0.13314193
0.15604115, 0.02575762, -0.98739588
0.36899269, 0.03884113
0.13191821, 0.36515141, -0.1298386
0.9859615, 0.05896176, -0.15604115
0.37080586, 0.02581429
0.13314092, 0.3130407, -0.13009393
0.98736537, 0.02392651, -0.15662099
0.37114793, 0.03884196
0.12995221, 0.36515364, -0.1318046
0.15622425, 0.06036561, -0.98586994
0.3694157, 0.0258137
0.12957947, 0.20525324, -0.12943776
0.00039674, -0.99996948, 0.00067141
0.37012076, 0.06578887
0.13008958, 0.28184381, -0.1331386
0.15604115, -0.02600177, -0.98739588
0.36899269, 0.04664123
0.13313758, 0.28184733, -0.13009059
0.98733485, -0.02417066, -0.15662099
0.37114793, 0.04664028
0.13190374, 0.22973692, -0.12982413
0.9859615, -0.05920591, -0.15604115
0.37080586, 0.05966794
0.12993774, 0.22973466, -0.13179013
0.15622425, -0.06060976, -0.98583943
0.3694157, 0.05966854
0.08299319, 0.29613432, -0.17874886
0.52818382, -0.58674884, -0.61375773
0.46614525, 0.05509758
0.11768518, 0.29395786, -0.13974871
-0.23722038, -0.95065159, 0.1998352
0.49219936, 0.05433607
0.08112374, 0.29527628, -0.17688039
-0.26129949, -0.9492172, 0.17514573
0.46614492, 0.0544368
0.06432944, 0.29754466, -0.19470751
-0.70714438, 0.00076296, -0.70705283
0.45390439, 0.05461943
0.12058452, 0.29528803, -0.14264652
0.55336159, -0.5879696, -0.5899533
0.4921999, 0.05536079
0.12058452, 0.29528803, -0.14264652
0.55336159, -0.5879696, -0.5899533
0.36227053, 0.04328012
0.08299509, 0.29891467, -0.17874756
0.52925199, 0.58671832, -0.61287272
0.33621705, 0.04237354
0.12058745, 0.29959854, -0.14264451
0.55504012, 0.5872677, -0.58903778
0.36227232, 0.04220247
0.08299319, 0.29613432, -0.17874886
0.52818382, -0.58674884, -0.61375773
0.33621591, 0.04306853
0.19470751, 0.29754466, -0.06432944
0.70708334, 0.00079348, 0.70711386
0.41616625, 0.04271603
0.14264652, 0.29528803, -0.12058452
0.5899533, -0.5879696, -0.55336159
0.5078001, 0.05536079
0.17874886, 0.29613432, -0.08299319
0.61375773, -0.58674884, -0.52821434
0.40392536, 0.04306853
0.16692933, 0.38313845, -0.16678762
0.38911098, 0.83550525, -0.38795128
0.37012076, 0.0213176
0.13732654, 0.31751719, -0.14037555
0.0720542, -0.42265084, -0.90340894
0.65875858, 0.05791897
0.15754999, 0.36163285, -0.15940239
0.08578753, -0.39320049, -0.91540271
0.3694157, 0.02669394
0.15753776, 0.23324561, -0.15939015
0.08581805, 0.39313945, -0.91543323
0.61662281, 0.06485319
0.15536949, 0.23179293, -0.15843591
-0.8298288, -0.22037415, -0.51261938
0.61589646, 0.06430119
0.13395494, 0.27511102, -0.13888595
-0.84447765, -0.19180883, -0.49998474
0.63755548, 0.05705965
0.16691564, 0.21173888, -0.16677393
0.38898891, -0.83553576, -0.38795128
0.60586941, 0.06781626
0.1373173, 0.27736399, -0.14036632
0.07208472, 0.42258981, -0.90343946
0.63868201, 0.05791569
0.11307889, 0.29612842, -0.20386171
0.77858824, -0.58671832, -0.22247994
0.46790344, 0.06485546
0.1206334, 0.29395622, -0.15221392
-0.30799279, -0.95065159, 0.03665273
0.48883459, 0.05706072
0.11049028, 0.29527032, -0.20332782
-0.31452376, -0.9492172, 0.0028077
0.46717697, 0.0643034
0.10625459, 0.29753667, -0.22745088
-0.20221564, 0.00070193, -0.97930843
0.45715064, 0.06781906
0.12464808, 0.29528648, -0.15304194
0.78652304, -0.58793908, -0.18878751
0.48996127, 0.05791688
0.12464808, 0.29528648, -0.15304194
0.78652304, -0.58793908, -0.18878751
0.3600319, 0.0432806
0.11307962, 0.29890874, -0.20385979
0.77895445, 0.58671832, -0.22122867
0.33797503, 0.04237497
0.12464927, 0.299597, -0.15303899
0.78740805, 0.58729821, -0.18720053
0.36003339, 0.04220295
0.11307889, 0.29612842, -0.20386171
0.77858824, -0.58671832, -0.22247994
0.33797407, 0.04307008
0.20386168, 0.29612842, -0.11307833
0.22251046, -0.58671832, -0.77858824
0.53209674, 0.06485534
0.20332769, 0.29527032, -0.11048973
-0.00283822, -0.9492172, 0.31452376
0.5328232, 0.06430328
0.15221421, 0.29395622, -0.12063491
-0.03668325, -0.95065159, 0.30799279
0.51116496, 0.05706108
0.22745059, 0.29753667, -0.1062531
0.97930843, 0.00079348, 0.20230719
0.54284978, 0.06781876
0.15304239, 0.29528648, -0.12464955
0.18881802, -0.58793908, -0.78652304
0.51003838, 0.05791718
0.15304239, 0.29528648, -0.12464955
0.18881802, -0.58793908, -0.78652304
0.38010901, 0.0432806
0.15303943, 0.299597, -0.12465072
0.18723105, 0.58729821, -0.78737754
0.38010758, 0.04220295
0.20385978, 0.29890874, -0.11307907
0.22128971, 0.58671832, -0.77895445
0.40216649, 0.04237497
0.20386168, 0.29612842, -0.11307833
0.22251046, -0.58671832, -0.77858824
0.40216738, 0.04307008
0.09929211, 0.36164531, -0.10114451
-0.91549426, -0.39298683, 0.08587909
0.68082267, 0.04426026
0.10024657, 0.36309755, -0.10331299
-0.51258886, 0.22034363, -0.82985932
0.68154877, 0.04481232
0.11979023, 0.31977352, -0.12472123
-0.49995422, 0.19177832, -0.84450817
0.65988678, 0.05205166
0.11830954, 0.31752124, -0.12135854
-0.9035005, -0.42243722, 0.07214576
0.65876061, 0.05119544
0.09927689, 0.23325807, -0.10112929
-0.91534168, 0.39335307, 0.08572649
0.616629, 0.0442549
0.11979003, 0.27511406, -0.12472103
-0.50004578, -0.19190039, -0.84444714
0.63755703, 0.05205154
0.10023082, 0.23180473, -0.10329724
-0.51264989, -0.22043519, -0.82976776
0.61590236, 0.04480672
0.11831014, 0.27736804, -0.12135915
-0.90334785, 0.42280343, 0.07199316
0.63868403, 0.05119562
0.11831014, 0.27736804, -0.12135915
-0.90334785, 0.42280343, 0.07199316
0.36899269, 0.04776013
0.1213595, 0.27737096, -0.11831251
-0.07181005, 0.42454299, 0.90255439
0.37114793, 0.04775941
0.05481879, 0.29614088, -0.1456016
-0.22260201, -0.5865047, 0.77871031
0.46790344, 0.0442574
0.05535249, 0.2952821, -0.14819004
0.00262459, -0.94927824, -0.31434065
0.46717697, 0.04480934
0.1064661, 0.29395926, -0.13804662
0.03646962, -0.95074314, -0.30777916
0.48883459, 0.0520519
0.10563836, 0.29529056, -0.13403222
-0.18890958, -0.58772546, 0.78667563
0.48996127, 0.05119586
0.10563836, 0.29529056, -0.13403222
-0.18890958, -0.58772546, 0.78667563
0.3600319, 0.04327953
0.10564224, 0.29960108, -0.13403198
-0.18707846, 0.58751184, 0.78728598
0.36003339, 0.04220188
0.14560217, 0.29614088, -0.05481881
-0.77871031, -0.5865047, 0.22263253
0.53209674, 0.04425752
0.13804512, 0.29395926, -0.10646582
0.30777916, -0.95074314, -0.03646962
0.51116496, 0.05205154
0.14819057, 0.2952821, -0.05535261
0.31434065, -0.94927824, -0.00262459
0.5328232, 0.0448094
0.15242767, 0.29755273, -0.03123019
0.20224616, 0.000824, 0.97930843
0.54284978, 0.0412941
0.13403076, 0.29529056, -0.10563792
-0.78664511, -0.58772546, 0.18894009
0.51003838, 0.0511955
0.13403076, 0.29529056, -0.10563792
-0.78664511, -0.58772546, 0.18894009
0.38010901, 0.04327953
0.145602, 0.2989212, -0.0548213
-0.77883238, 0.58693194, 0.22113712
0.40216649, 0.04237187
0.13403051, 0.29960108, -0.1056418
-0.78725547, 0.58751184, 0.18710898
0.38010758, 0.04220188
0.14560217, 0.29614088, -0.05481881
-0.77871031, -0.5865047, 0.22263253
0.40216738, 0.04306698
0.0264125, 0.29513824, -0.03407842
0.42637411, -0.90450758, 0.0
0.46789375, 0.02797675
0.02014653, 0.29513824, -0.03436561
-0.8164922, -0.57734919, 0.0
0.46476075, 0.0281204
0.0401556, 0.29513824, -0.05437467
0.0, -0.57734919, -0.8164922
0.47476533, 0.03812492
0.0342887, 0.30021197, -0.02022344
0.0, 0.57734919, 0.8164922
0.54370683, 0.0334878
0.02014653, 0.30021197, -0.03436561
-0.8164922, 0.57734919, 0.0
0.53663576, 0.0334878
0.02014653, 0.29513824, -0.03436561
-0.8164922, -0.57734919, 0.0
0.53663576, 0.03602469
0.0264125, 0.30021197, -0.03407842
0.42637411, 0.90450758, 0.0
0.46789375, 0.02797675
0.02014653, 0.30021197, -0.03436561
-0.8164922, 0.57734919, 0.0
0.46476075, 0.0281204
0.0342887, 0.30021197, -0.02022344
0.0, 0.57734919, 0.8164922
0.47183183, 0.02104926
0.03408375, 0.30021197, -0.02640717
0.0, 0.90450758, -0.42640463
0.47172937, 0.02414119
0.05429776, 0.30021197, -0.04023251
0.8164922, 0.57734919, 0.0
0.48183641, 0.03105378
0.0401556, 0.30021197, -0.05437467
0.0, 0.57734919, -0.8164922
0.54664034, 0.0334878
0.05429776, 0.30021197, -0.04023251
0.8164922, 0.57734919, 0.0
0.55371141, 0.0334878
0.05429776, 0.29513824, -0.04023251
0.8164922, -0.57734919, 0.0
0.55371141, 0.03602469
0.0342887, 0.29513824, -0.02022344
0.0, -0.57734919, 0.8164922
0.54370683, 0.03602469
0.04050856, 0.29513824, -0.04817448
0.0, -0.90450758, 0.42637411
0.54681677, 0.03602469
0.0264125, 0.30021197, -0.03407842
0.42637411, 0.90450758, 0.0
0.53976876, 0.0334878
0.0264125, 0.29513824, -0.03407842
0.42637411, -0.90450758, 0.0
0.61788166, 0.0248518
0.0264125, 0.30021197, -0.03407842
0.42637411, 0.90450758, 0.0
0.62041849, 0.0248518
0.03408375, 0.30021197, -0.02640717
0.0, 0.90450758, -0.42640463
0.62041849, 0.02101612
0.03939548, 0.28767508, -0.04306006
-0.8164922, -0.57734919, 0.0
0.47438523, 0.0324676
0.05940454, 0.28767508, -0.06306912
0.0, -0.57731867, -0.8164922
0.48438975, 0.04247212
0.06299221, 0.28767508, -0.05948145
0.8164922, -0.57734919, 0.0
0.48618361, 0.04067826
0.06299221, 0.30767512, -0.05948145
0.8164922, 0.57734919, 0.0
0.55805862, 0.02975619
0.04597253, 0.30315766, -0.04246178
0.85277873, -0.30149236, 0.42637411
0.5495488, 0.03201497
0.04597253, 0.29230887, -0.04246178
0.85277873, 0.30149236, 0.42637411
0.5495488, 0.03743935
0.04298315, 0.28767508, -0.03947239
0.0, -0.57734919, 0.8164922
0.5480541, 0.03975618
0.06299221, 0.28767508, -0.05948145
0.8164922, -0.57734919, 0.0
0.55805862, 0.03975618
0.03939548, 0.30767512, -0.04306006
-0.8164922, 0.57734919, 0.0
0.54626024, 0.02975619
0.03939548, 0.28767508, -0.04306006
-0.8164922, -0.57734919, 0.0
0.54626024, 0.03975618
0.04238487, 0.29230887, -0.04604944
-0.42637411, 0.30149236, -0.85277873
0.54775494, 0.03743935
0.04238487, 0.30315766, -0.04604944
-0.42637411, -0.30149236, -0.85277873
0.54775494, 0.03201497
0.05940454, 0.30767512, -0.06306912
0.0, 0.57734919, -0.8164922
0.55626476, 0.02975619
0.05940454, 0.28767508, -0.06306912
0.0, -0.57731867, -0.8164922
0.61415011, 0.03934705
0.05940454, 0.30767512, -0.06306912
0.0, 0.57734919, -0.8164922
0.6241501, 0.03934705
0.06299221, 0.30767512, -0.05948145
0.8164922, 0.57734919, 0.0
0.6241501, 0.03755331
0.04298315, 0.30767512, -0.03947239
0.0, 0.57734919, 0.8164922
0.47617909, 0.03067374
0.06299221, 0.30767512, -0.05948145
0.8164922, 0.57734919, 0.0
0.48618361, 0.04067826
0.05940454, 0.30767512, -0.06306912
0.0, 0.57734919, -0.8164922
0.48438975, 0.04247212
0.0600686, 0.29230887, -0.05655784
0.42637411, 0.30149236, 0.85277873
0.48472181, 0.03921652
0.05648093, 0.29230887, -0.06014551
-0.85277873, 0.30149236, -0.42637411
0.48292795, 0.04101026
0.04238487, 0.29230887, -0.04604944
-0.42637411, 0.30149236, -0.85277873
0.47587994, 0.03396225
0.0401556, 0.29513824, -0.05437467
0.0, -0.57734919, -0.8164922
0.54664034, 0.03602469
0.06803851, 0.29513824, -0.08225758
0.0, -0.57734919, -0.8164922
0.56058174, 0.03602469
0.0959819, 0.29513824, -0.11020098
0.0, -0.57734919, -0.8164922
0.57455349, 0.03602469
0.01262565, 0.29513824, -0.02029157
0.0, -0.90450758, 0.42637411
0.46100035, 0.02108335
0.00640578, 0.29513824, 0.00765947
0.0, -0.57734919, 0.8164922
0.45789042, 0.00710785
0.01262565, 0.30021197, -0.02029157
0.0, 0.90450758, 0.42637411
0.46100035, 0.02108335
0.01227268, 0.30021197, -0.02649176
0.0, 0.57734919, -0.8164922
0.46082386, 0.02418339
0.02029691, 0.30021197, -0.01262032
-0.42637411, 0.90450758, 0.0
0.46483597, 0.01724768
0.00629205, -0.06110277, -0.00629206
0.54896694, -0.63023776, -0.54896694
0.43823624, 0.44875246
0.00889831, -0.06110277, 0.0
0.77636033, -0.63023776, 0.0
0.45025092, 0.44626427
0.00629205, -0.06110277, 0.00629205
0.54896694, -0.63023776, 0.54896694
0.45522732, 0.44025689
-0.00629206, -0.06110277, 0.00629206
-0.54896694, -0.63023776, 0.54896694
0.43823624, 0.43176138
-0.00629206, -0.06110277, -0.00629206
-0.54896694, -0.63023776, -0.54896694
0.42124504, 0.44025689
-0.0, -0.06110277, -0.00889831
0.0, -0.63023776, -0.77636033
0.2230967, 0.5079692
0.00889832, 0.29507321, -1e-08
0.77636033, 0.63023776, 0.0
0.45025092, 0.44626427
0.00629207, 0.29507321, -0.00629207
0.54896694, 0.63023776, -0.54896694
0.43823624, 0.44875246
1e-08, 0.29507321, -0.00889832
0.0, 0.63023776, -0.77636033
0.42622167, 0.44626427
-0.00629205, 0.29507321, -0.00629207
-0.54896694, 0.63023776, -0.54896694
0.42124504, 0.44025689
1e-08, 0.29507321, 0.0088983
0.0, 0.63023776, 0.77636033
0.45025092, 0.43424982
0.00889831, -0.06110277, 0.0
0.77636033, -0.63023776, 0.0
0.15593663, 0.61032674
-0.0, -0.06110277, 0.00889831
0.0, -0.63023776, 0.77636033
0.15593663, 0.59831205
-0.0, -0.06110277, 0.00889831
0.0, -0.63023776, 0.77636033
0.24712592, 0.5079692
-0.00889831, -0.06110277, 0.0
-0.77636033, -0.63023776, 0.0
0.15593663, 0.59831205
0.15836966, 0.30778316, -0.143742
0.85030669, 0.51029998, -0.12848292
0.37524229, 0.04015636
0.16139805, 0.29743984, -0.1407114
0.99975586, -9.156e-05, 0.02105777
0.37738448, 0.04274225
0.15105316, 0.28281215, -0.15105316
0.48927274, -0.72194588, -0.48927274
0.37007064, 0.04639912
0.1407114, 0.29743984, -0.16139805
-0.02105777, -9.156e-05, -0.99975586
0.36275679, 0.04274225
0.15105629, 0.31206751, -0.15105629
0.48942533, 0.72173226, -0.48942533
0.37007064, 0.03908527
0.143742, 0.30778316, -0.15836966
0.12848292, 0.51029998, -0.85030669
0.49482834, 0.06223404
0.11557724, 0.30822334, -0.10034009
-0.1200293, 0.51524401, 0.84856713
0.50538713, 0.04699683
0.11557495, 0.28667477, -0.1003378
-0.12012085, -0.51503038, 0.84868926
0.37545776, 0.04543352
0.11873182, 0.29744905, -0.09718322
0.03079318, 9.156e-05, 0.99951172
0.37768924, 0.04273987
0.10795915, 0.3126862, -0.10795915
-0.48426771, 0.72862941, 0.48426771
0.37007064, 0.03893065
0.09718322, 0.29744905, -0.11873182
-0.99951172, 9.156e-05, -0.03079318
0.36245209, 0.04273987
0.10795589, 0.2822119, -0.10795589
-0.4844203, -0.72841579, 0.4844203
0.37007064, 0.0465492
0.11557495, 0.28667477, -0.1003378
-0.12012085, -0.51503038, 0.84868926
0.64333737, 0.04699606
0.15836746, 0.2870965, -0.14373979
0.85021514, -0.5105136, -0.12836085
0.50517166, 0.06223321
0.10795589, 0.2822119, -0.10795589
-0.4844203, -0.72841579, 0.4844203
0.5, 0.04699588
0.10034008, 0.30822334, -0.11557725
-0.84856713, 0.51524401, 0.1200293
0.65411168, 0.04699683
0.09707506, 0.30125767, -0.1251777
-0.74471265, 0.61919004, 0.24897
0.65062881, 0.0481168
0.10168542, 0.30125368, -0.15789063
-0.56901759, 0.59352398, -0.56913966
0.48012847, 0.05471468
0.09707506, 0.30125767, -0.1251777
-0.74471265, 0.61919004, 0.24897
0.4900642, 0.0481168
0.15789065, 0.30125368, -0.10168532
0.56913966, 0.59349346, 0.56901759
0.51987159, 0.05471468
0.13439837, 0.30124968, -0.16250092
0.24909207, 0.61897641, -0.74483472
0.65062487, 0.06131256
0.0970742, 0.29363909, -0.12517692
-0.74483472, -0.61897641, 0.24909207
0.4900642, 0.04811656
0.10168455, 0.2936351, -0.15788987
-0.56913966, -0.59349346, -0.56901759
0.48012841, 0.05471444
0.15788977, 0.2936351, -0.10168456
0.56901759, -0.59352398, 0.56913966
0.51987153, 0.05471444
0.12517768, 0.30125767, -0.09707505
-0.24897, 0.61919004, 0.74471265
0.38000643, 0.04178774
0.15789065, 0.30125368, -0.10168532
0.56913966, 0.59349346, 0.56901759
0.65062684, 0.05471468
0.16250096, 0.30124968, -0.13439824
0.74483472, 0.61897641, -0.24909207
0.38000643, 0.04178977
0.10843028, 0.2775768, -0.11381741
-0.93469042, -0.35041353, 0.05917539
0.49809536, 0.04811597
0.12708981, 0.25770128, -0.13247691
-0.41975158, -0.80480361, -0.419599
0.62885064, 0.05471307
0.10843028, 0.2775768, -0.11381741
-0.93469042, -0.35041353, 0.05917539
0.6387884, 0.04811597
0.12709822, 0.33718756, -0.1324854
-0.41956848, 0.80480361, -0.41975158
0.66859376, 0.05471605
0.14575353, 0.27756891, -0.15114066
0.05908383, -0.35062715, -0.93462938
0.49809536, 0.06131172
0.13247696, 0.25770122, -0.12708977
0.41956848, -0.80480361, 0.41975158
0.62885058, 0.05471307
0.15114067, 0.27756885, -0.14575352
0.93462938, -0.35062715, -0.05911435
0.63878441, 0.06131172
0.13248536, 0.3371875, -0.12709826
0.41975158, 0.80480361, 0.419599
0.66859376, 0.05471605
0.10843451, 0.31731993, -0.11382166
-0.93462938, 0.35062715, 0.05908383
0.36816603, 0.03777218
0.14575772, 0.317312, -0.15114491
0.05917539, 0.35041353, -0.93469042
0.36816597, 0.03777421
0.12709822, 0.33718756, -0.1324854
-0.41956848, 0.80480361, -0.41975158
0.49809533, 0.05471605
0.01510023, 0.28767508, -0.01158948
0.0, -0.57734919, 0.8164922
0.46223763, 0.01673234
0.03218569, 0.29230887, -0.02867493
0.42637411, 0.30149236, 0.85277873
0.61646694, 0.02215004
0.01510023, 0.30767512, -0.01158948
0.0, 0.57734919, 0.8164922
0.6241501, 0.01360726
0.0351093, 0.28767508, -0.03159854
0.8164922, -0.57734919, 0.0
0.61415011, 0.02361178
0.01808962, 0.30315766, -0.01457886
0.85277873, -0.30149236, 0.42637411
0.53560734, 0.03201497
0.03218569, 0.29230887, -0.02867493
0.42637411, 0.30149236, 0.85277873
0.54265535, 0.03743935
0.03152163, 0.28767508, -0.03518621
0.0, -0.57734919, -0.8164922
0.61415011, 0.02540565
0.02859802, 0.29230887, -0.0322626
-0.85277873, 0.30149236, -0.42637411
0.61646694, 0.0239439
0.02859802, 0.30315766, -0.0322626
-0.85277873, -0.30149236, -0.42637411
0.62189138, 0.0239439
0.01151257, 0.30767512, -0.01517714
-0.8164922, 0.57734919, 0.0
0.46044376, 0.01852608
0.01808962, 0.29230887, -0.01457886
0.85277873, 0.30149236, 0.42637411
0.46373233, 0.01822698
0.01450195, 0.30315766, -0.01816653
-0.42637411, -0.30149236, -0.85277873
0.46193847, 0.02002084
0.04050856, 0.29513824, -0.04817448
0.0, -0.90450758, 0.42637411
0.47494176, 0.03502476
0.0342887, 0.29513824, -0.02022344
0.0, -0.57734919, 0.8164922
0.47183183, 0.02104926
0.03408375, 0.30021197, -0.02640717
0.0, 0.90450758, -0.42640463
0.54360437, 0.0334878
0.0600686, 0.29230887, -0.05655784
0.42637411, 0.30149236, 0.85277873
0.55659682, 0.03743935
0.04238487, 0.30315766, -0.04604944
-0.42637411, -0.30149236, -0.85277873
0.47587994, 0.03396225
0.06839148, 0.29513824, -0.0760574
0.0, -0.90450758, 0.42637411
0.48888323, 0.04896629
0.06217161, 0.29513824, -0.04810635
0.0, -0.57734919, 0.8164922
0.4857733, 0.03499079
0.06217161, 0.29513824, -0.04810635
0.0, -0.57734919, 0.8164922
0.5576483, 0.03602469
0.06839148, 0.30021197, -0.0760574
0.0, 0.90450758, 0.42637411
0.48888323, 0.04896629
0.06803851, 0.30021197, -0.08225758
0.0, 0.57734919, -0.8164922
0.48870674, 0.05206633
0.07606273, 0.30021197, -0.06838614
-0.42637411, 0.90450758, 0.0
0.49271885, 0.04513061
0.06217161, 0.30021197, -0.04810635
0.0, 0.57734919, 0.8164922
0.62041849, 0.03186572
0.09087512, 0.28767508, -0.08736436
0.8164922, -0.57734919, 0.0
0.50012505, 0.05461979
0.08795151, 0.29230887, -0.08444075
0.42637411, 0.30149236, 0.85277873
0.61646694, 0.05003297
0.07086606, 0.30767512, -0.0673553
0.0, 0.57734919, 0.8164922
0.6241501, 0.0414902
0.09087512, 0.28767508, -0.08736436
0.8164922, -0.57734919, 0.0
0.61415011, 0.05149472
0.07385544, 0.30315766, -0.07034469
0.85277873, -0.30149236, 0.42637411
0.56349021, 0.03201497
0.07086606, 0.30767512, -0.0673553
0.0, 0.57734919, 0.8164922
0.56199557, 0.02975619
0.08795151, 0.29230887, -0.08444075
0.42637411, 0.30149236, 0.85277873
0.57053828, 0.03743935
0.06727839, 0.30767512, -0.07094297
-0.8164922, 0.57734919, 0.0
0.4883267, 0.04640901
0.07385544, 0.29230887, -0.07034469
0.85277873, 0.30149236, 0.42637411
0.49161521, 0.04610991
0.07026777, 0.30315766, -0.07393236
-0.42637411, -0.30149236, -0.85277873
0.4898214, 0.04790378
0.09633486, 0.29513824, -0.10400078
0.0, -0.90450758, 0.42637411
0.50285488, 0.06293797
0.090115, 0.29513824, -0.07604975
0.0, -0.57734919, 0.8164922
0.49974498, 0.04896247
0.09633486, 0.30021197, -0.10400078
0.0, 0.90450758, 0.42637411
0.50285488, 0.06293797
0.0959819, 0.30021197, -0.11020098
0.0, 0.57734919, -0.8164922
0.50267845, 0.06603801
0.10400611, 0.30021197, -0.09632953
-0.42637411, 0.90450758, 0.0
0.5066905, 0.0591023
0.09880945, 0.28767508, -0.09529869
0.0, -0.57731867, 0.8164922
0.50409222, 0.05858696
0.1158949, 0.29230887, -0.11238414
0.42637411, 0.30149236, 0.85277873
0.61646694, 0.06400466
0.09880945, 0.30767512, -0.09529869
0.0, 0.57734919, 0.8164922
0.6241501, 0.05546188
0.11881851, 0.28767508, -0.11530776
0.8164922, -0.57734919, 0.0
0.61415011, 0.0654664
0.10179883, 0.30315766, -0.09828807
0.85277873, -0.30149236, 0.42637411
0.5774619, 0.03201497
0.1158949, 0.29230887, -0.11238414
0.42637411, 0.30149236, 0.85277873
0.58450997, 0.03743935
0.11230723, 0.29230887, -0.11597181
-0.85277873, 0.30149236, -0.42637411
0.61646694, 0.0657984
0.11523084, 0.28767508, -0.11889543
0.0, -0.57731867, -0.8164922
0.61415011, 0.06726027
0.09821116, 0.30315766, -0.10187574
-0.42637411, -0.30149236, -0.85277873
0.62189138, 0.05875039
0.09522178, 0.30767512, -0.09888636
-0.8164922, 0.57734919, 0.0
0.50229836, 0.0603807
0.10179883, 0.29230887, -0.09828807
0.85277873, 0.30149236, 0.42637411
0.50558686, 0.0600816
0.09821116, 0.30315766, -0.10187574
-0.42637411, -0.30149236, -0.85277873
0.50379306, 0.06187546
0.04050856, 0.30021197, -0.04817448
0.0, 0.90450758, 0.42637411
0.47494176, 0.03502476
0.0401556, 0.30021197, -0.05437467
0.0, 0.57734919, -0.8164922
0.47476533, 0.03812492
0.04817982, 0.30021197, -0.04050323
-0.42637411, 0.90450758, 0.0
0.47877744, 0.0311892
0.0264125, 0.29513824, -0.03407842
0.42637411, -0.90450758, 0.0
0.53976876, 0.03602469
0.03408375, 0.29513824, -0.02640717
0.0, -0.90450758, -0.42637411
0.61788166, 0.02101612
0.04298315, 0.28767508, -0.03947239
0.0, -0.57734919, 0.8164922
0.47617909, 0.03067374
0.04298315, 0.30767512, -0.03947239
0.0, 0.57734919, 0.8164922
0.5480541, 0.02975619
0.05940454, 0.28767508, -0.06306912
0.0, -0.57731867, -0.8164922
0.55626476, 0.03975618
0.06299221, 0.28767508, -0.05948145
0.8164922, -0.57734919, 0.0
0.61415011, 0.03755331
0.03939548, 0.30767512, -0.04306006
-0.8164922, 0.57734919, 0.0
0.47438523, 0.0324676
0.04597253, 0.29230887, -0.04246178
0.85277873, 0.30149236, 0.42637411
0.4776738, 0.03216839
# Number of Faces:
548
# Face Data:
0, 1, 2
3, 4, 5
6, 7, 8
9, 0, 10
11, 12, 13
14, 13, 15
1, 16, 17
18, 17, 16
19, 20, 21
22, 21, 23
24, 25, 20
25, 24, 26
27, 28, 29
30, 31, 32
33, 27, 34
35, 36, 37
38, 39, 40
40, 39, 41
42, 43, 44
43, 45, 46
47, 48, 49
48, 50, 51
52, 53, 54
55, 56, 57
52, 58, 59
60, 61, 53
62, 63, 64
65, 66, 57
55, 66, 67
68, 69, 70
60, 52, 71
72, 73, 74
75, 76, 77
66, 65, 78
73, 72, 79
80, 81, 74
75, 82, 83
76, 75, 84
85, 80, 73
75, 86, 87
88, 89, 90
91, 92, 93
94, 89, 88
95, 96, 97
98, 99, 100
101, 102, 103
103, 104, 105
106, 107, 108
109, 110, 111
112, 113, 114
115, 110, 109
116, 117, 118
119, 120, 121
122, 123, 124
125, 126, 127
127, 128, 129
130, 131, 132
131, 130, 133
134, 135, 136
137, 133, 130
135, 134, 138
133, 137, 139
140, 141, 142
141, 140, 143
143, 144, 141
145, 146, 147
147, 148, 145
149, 150, 151
152, 145, 148
151, 153, 149
148, 154, 152
155, 156, 157
157, 158, 155
158, 157, 159
160, 161, 162
161, 160, 163
163, 164, 161
165, 163, 160
166, 164, 163
163, 165, 166
167, 168, 169
168, 167, 170
171, 172, 173
173, 174, 171
175, 176, 177
178, 171, 174
174, 179, 178
180, 181, 182
182, 183, 180
183, 182, 184
185, 186, 187
188, 189, 190
189, 188, 191
192, 193, 194
195, 191, 188
191, 195, 196
197, 198, 199
198, 197, 200
200, 201, 198
202, 203, 204
205, 206, 207
207, 208, 205
208, 207, 209
210, 205, 208
211, 208, 209
208, 211, 210
212, 213, 214
214, 215, 212
216, 217, 218
218, 219, 216
220, 221, 222
221, 220, 223
223, 224, 221
225, 223, 220
226, 224, 223
223, 225, 226
227, 228, 229
228, 227, 230
231, 232, 233
233, 234, 231
234, 233, 235
236, 231, 234
237, 234, 235
234, 237, 236
238, 239, 240
240, 241, 238
242, 243, 244
244, 245, 242
246, 242, 245
245, 247, 246
248, 249, 250
250, 251, 248
251, 250, 252
253, 254, 255
256, 255, 257
255, 256, 253
258, 259, 260
259, 258, 261
262, 261, 258
261, 262, 263
264, 265, 266
265, 264, 267
267, 268, 265
269, 270, 271
272, 273, 274
274, 275, 272
276, 272, 275
275, 277, 276
278, 279, 280
280, 281, 278
281, 280, 282
283, 284, 285
286, 287, 288
287, 286, 289
289, 290, 287
291, 289, 286
292, 290, 289
289, 291, 292
293, 294, 295
294, 293, 296
297, 298, 299
300, 301, 302
303, 304, 305
306, 307, 308
309, 308, 307
310, 311, 312
313, 314, 315
316, 317, 318
319, 320, 321
303, 309, 322
323, 324, 325
326, 327, 328
329, 330, 331
332, 333, 334
333, 332, 335
336, 337, 338
339, 340, 341
342, 343, 344
345, 346, 347
348, 349, 350
351, 352, 353
354, 353, 355
356, 357, 358
359, 360, 361
362, 363, 364
365, 364, 366
367, 368, 363
368, 367, 369
370, 371, 372
373, 374, 375
376, 377, 378
379, 380, 377
381, 380, 379
382, 379, 383
384, 383, 385
386, 387, 388
389, 390, 391
376, 381, 382
392, 393, 394
395, 396, 397
398, 399, 400
401, 402, 403
404, 405, 406
407, 408, 409
410, 409, 411
412, 413, 414
415, 414, 413
416, 417, 418
419, 418, 420
421, 422, 417
422, 421, 423
424, 425, 426
427, 428, 429
430, 431, 432
433, 434, 435
436, 437, 438
439, 434, 440
441, 440, 442
443, 444, 445
446, 447, 448
430, 449, 439
450, 451, 452
453, 454, 455
133, 456, 131
136, 144, 134
139, 456, 133
457, 458, 459
460, 456, 458
458, 457, 460
148, 147, 461
150, 149, 159
154, 148, 461
462, 463, 464
465, 464, 461
464, 465, 462
466, 467, 468
468, 469, 466
467, 466, 470
170, 469, 168
471, 472, 473
474, 164, 472
472, 471, 474
174, 173, 475
176, 175, 184
177, 476, 175
179, 174, 475
477, 187, 475
187, 477, 185
191, 478, 189
194, 201, 192
193, 192, 479
196, 478, 191
480, 478, 203
203, 202, 480
481, 482, 483
482, 481, 484
483, 485, 481
215, 214, 484
219, 218, 209
486, 487, 488
488, 489, 486
487, 486, 490
230, 489, 228
491, 492, 493
494, 224, 492
492, 491, 494
495, 496, 497
496, 495, 498
497, 499, 495
241, 240, 498
500, 501, 502
503, 502, 235
502, 503, 500
504, 505, 506
245, 244, 257
505, 504, 252
506, 507, 504
247, 245, 257
508, 509, 510
261, 270, 259
510, 268, 508
509, 508, 511
263, 270, 261
512, 271, 513
271, 512, 269
514, 515, 516
275, 274, 285
515, 514, 282
516, 517, 514
277, 275, 285
518, 519, 284
284, 283, 518
520, 521, 522
522, 523, 520
521, 520, 524
296, 523, 294
525, 526, 527
528, 290, 526
526, 525, 528
529, 530, 531
532, 533, 534
535, 536, 537
538, 537, 539
540, 541, 542
543, 542, 541
544, 334, 545
546, 547, 548
549, 550, 551
552, 553, 336
554, 555, 556
557, 558, 555
559, 558, 557
560, 557, 561
562, 563, 564
565, 566, 567
568, 569, 570
554, 559, 560
533, 540, 571
349, 356, 572
405, 412, 573
10, 0, 2
5, 574, 3
3, 575, 4
574, 8, 3
6, 4, 575
8, 574, 6
6, 575, 7
18, 9, 10
11, 576, 577
13, 14, 11
11, 577, 12
577, 576, 15
578, 14, 15
15, 576, 578
2, 1, 17
9, 18, 16
22, 19, 21
26, 22, 23
19, 24, 20
23, 25, 26
34, 27, 29
32, 579, 580
580, 581, 32
30, 582, 31
31, 583, 32
32, 581, 30
584, 33, 34
37, 585, 586
586, 587, 37
588, 35, 37
36, 589, 37
37, 587, 588
590, 38, 40
591, 40, 41
592, 42, 44
44, 43, 46
593, 47, 49
49, 48, 51
58, 52, 54
66, 55, 57
71, 52, 59
52, 60, 53
594, 595, 64
64, 596, 62
62, 597, 63
63, 598, 594
594, 64, 63
599, 65, 57
600, 55, 67
601, 602, 70
70, 603, 68
68, 604, 69
69, 605, 601
601, 70, 69
606, 60, 71
607, 72, 74
82, 75, 77
67, 66, 78
608, 73, 79
73, 80, 74
86, 75, 83
609, 76, 84
608, 85, 73
84, 75, 87
610, 88, 90
93, 611, 612
612, 91, 93
613, 92, 91
614, 94, 88
97, 615, 95
616, 95, 615
96, 617, 97
618, 98, 100
619, 101, 103
619, 103, 105
620, 106, 108
621, 109, 111
114, 622, 623
623, 112, 114
624, 113, 112
625, 115, 109
118, 626, 627
627, 116, 118
628, 117, 116
629, 119, 121
630, 122, 124
631, 125, 127
631, 127, 129
632, 297, 299
302, 633, 300
300, 634, 301
633, 635, 300
303, 636, 306
305, 637, 303
303, 306, 304
304, 306, 308
309, 325, 313
307, 322, 309
309, 313, 308
638, 639, 312
640, 310, 312
312, 639, 640
305, 313, 315
641, 316, 318
642, 319, 321
636, 303, 322
637, 323, 325
643, 326, 328
331, 644, 329
329, 645, 330
644, 531, 329
544, 332, 334
646, 333, 335
647, 336, 338
648, 339, 341
344, 649, 342
342, 650, 343
649, 347, 342
345, 343, 650
347, 649, 345
345, 650, 346
651, 348, 350
351, 652, 653
353, 354, 351
351, 653, 352
653, 652, 355
654, 354, 355
355, 652, 654
572, 356, 358
655, 359, 361
365, 362, 364
369, 365, 366
362, 367, 363
366, 368, 369
656, 370, 372
375, 657, 373
373, 658, 374
657, 659, 373
376, 660, 661
378, 662, 376
376, 661, 377
661, 379, 377
381, 394, 384
379, 382, 381
381, 384, 380
384, 394, 383
393, 382, 383
383, 394, 393
378, 384, 385
663, 386, 388
664, 389, 391
660, 376, 382
662, 392, 394
665, 395, 397
400, 666, 398
398, 667, 399
666, 403, 398
401, 399, 667
403, 666, 401
401, 667, 402
415, 404, 406
407, 668, 669
409, 410, 407
407, 669, 408
669, 668, 411
670, 410, 411
411, 668, 670
573, 412, 414
404, 415, 413
419, 416, 418
423, 419, 420
416, 421, 417
420, 422, 423
671, 424, 426
429, 672, 427
427, 673, 428
672, 674, 427
430, 675, 433
432, 676, 430
430, 433, 431
431, 433, 435
436, 677, 678
438, 679, 436
436, 678, 437
441, 452, 440
451, 439, 440
440, 452, 451
432, 441, 442
680, 443, 445
681, 446, 448
675, 430, 439
676, 450, 452
682, 453, 455
529, 330, 645
531, 644, 529
529, 645, 530
543, 532, 534
535, 683, 684
537, 538, 535
535, 684, 536
684, 683, 539
685, 538, 539
539, 683, 685
571, 540, 542
532, 543, 541
686, 544, 545
687, 546, 548
688, 549, 551
336, 647, 552
552, 689, 553
647, 556, 552
554, 553, 689
556, 647, 554
554, 689, 555
689, 557, 555
559, 338, 690
557, 560, 559
559, 690, 558
690, 338, 561
337, 560, 561
561, 338, 337
691, 562, 564
692, 565, 567
693, 568, 570
553, 554, 560
534, 533, 571
350, 349, 572
406, 405, 573
