# Project Zomboid Skinned Mesh
# File Version:
1.0
# Model Name:
Cube
# Vertex Stride Element Count:
3
# Vertex Stride Size (in bytes):
76
# Vertex Stride Data:
# (Int)    Offset
# (String) Type
0
VertexArray
12
NormalArray
24
TextureCoordArray
# Vertex Count:
270
# Vertex Buffer:
-0.00504488, 0.09594063, -0.022043
0.18698691, -0.80916774, 0.55696279
0.50710887, 0.73637977
-0.18332203, 0.21002427, -0.0085302
-0.78130436, -0.18155462, 0.59712517
0.43371135, 0.73359814
-0.18332203, 0.21002427, -0.01363762
-0.81307411, -0.16916409, -0.55696279
0.43371135, 0.73464951
-0.1805691, 0.21432626, -0.0085302
-0.16245003, 0.78548539, 0.59712517
0.60636497, 0.73359814
-0.1805691, 0.21432626, -0.01363762
-0.18701743, 0.80916774, -0.55696279
0.60636497, 0.73464951
-0.18332203, 0.21002427, -0.01363762
-0.81307411, -0.16916409, -0.55696279
0.60459381, 0.73464951
-0.00229195, 0.1002426, -0.022043
0.81307411, 0.16916409, 0.55696279
0.50824231, 0.73637977
-0.00229195, 0.1002426, -0.02715041
0.78130436, 0.18155462, -0.59712517
0.50824231, 0.73743114
-0.1805691, 0.21432626, -0.01363762
-0.18701743, 0.80916774, -0.55696279
0.43484476, 0.73464951
-0.00504488, 0.09594063, -0.022043
0.18698691, -0.80916774, 0.55696279
0.55762506, 0.73637977
-0.00504488, 0.09594063, -0.02715041
0.16245003, -0.78548539, -0.59712517
0.55762506, 0.73743114
-0.00229195, 0.1002426, -0.02715041
0.78130436, 0.18155462, -0.59712517
0.55939621, 0.73743114
-0.18332203, 0.21002427, -0.01363762
-0.81307411, -0.16916409, -0.55696279
0.27433634, 0.7229372
-0.1805691, 0.21432626, -0.01363762
-0.18701743, 0.80916774, -0.55696279
0.27546975, 0.72205165
-0.00229195, 0.1002426, -0.02715041
0.78130436, 0.18155462, -0.59712517
0.3488673, 0.74553606
-0.00229195, 0.1002426, -0.022043
0.81307411, 0.16916409, 0.55696279
0.3488673, 0.74553606
-0.1805691, 0.21432626, -0.0085302
-0.16245003, 0.78548539, 0.59712517
0.27546975, 0.72205165
-0.18332203, 0.21002427, -0.0085302
-0.78130436, -0.18155462, 0.59712517
0.27433634, 0.7229372
0.00163286, 0.09594063, -0.022043
-0.18701743, -0.80916774, 0.55696279
0.50985819, 0.73637977
0.00163286, 0.09594063, -0.02715041
-0.16245003, -0.78548539, -0.59712517
0.50985819, 0.73743114
0.17990994, 0.21002427, -0.01363761
0.81307411, -0.16916409, -0.55696279
0.58325571, 0.73464951
-0.00112008, 0.10024261, -0.022043
-0.81307411, 0.16916409, 0.55696279
0.55939621, 0.73637977
-0.00112008, 0.10024261, -0.02715041
-0.78130436, 0.18155462, -0.59712517
0.55939621, 0.73743114
0.00163286, 0.09594063, -0.02715041
-0.16245003, -0.78548539, -0.59712517
0.55762506, 0.73743114
-0.00112008, 0.10024261, -0.022043
-0.81307411, 0.16916409, 0.55696279
0.50872475, 0.73637977
0.17715701, 0.21432626, -0.0085302
0.16245003, 0.78548539, 0.59712517
0.58212227, 0.73359814
0.17715701, 0.21432626, -0.01363761
0.18698691, 0.80916774, -0.55696279
0.58212227, 0.73464951
0.17990994, 0.21002427, -0.0085302
0.78130436, -0.18155462, 0.59712517
0.60459381, 0.73359814
0.17990994, 0.21002427, -0.01363761
0.81307411, -0.16916409, -0.55696279
0.60459381, 0.73464951
0.17715701, 0.21432626, -0.01363761
0.18698691, 0.80916774, -0.55696279
0.60636497, 0.73464951
0.00163286, 0.09594063, -0.02715041
-0.16245003, -0.78548539, -0.59712517
0.35048318, 0.74642161
-0.00112008, 0.10024261, -0.02715041
-0.78130436, 0.18155462, -0.59712517
0.34934974, 0.74553606
0.17715701, 0.21432626, -0.01363761
0.18698691, 0.80916774, -0.55696279
0.42274725, 0.72205165
-0.00112008, 0.10024261, -0.022043
-0.81307411, 0.16916409, 0.55696279
0.34934974, 0.74553606
0.00163286, 0.09594063, -0.022043
-0.18701743, -0.80916774, 0.55696279
0.35048318, 0.74642161
0.17990994, 0.21002427, -0.0085302
0.78130436, -0.18155462, 0.59712517
0.4238807, 0.7229372
-0.00878642, 0.06860372, 0.02371843
-0.63551742, 0.36490983, 0.68037963
0.26688808, 0.01845562
0.00862183, 0.06860372, 0.02371866
0.63551742, 0.36490983, 0.68037963
0.26884973, 0.01796019
0.00967724, 0.08308062, 0.00242393
0.70607626, 0.56883448, 0.42170477
0.26611882, 0.01597208
-0.00860291, 0.06608689, 0.01965951
-0.80483413, -0.34858242, -0.48030031
0.2688835, 0.01827073
-0.00984184, 0.08308061, 0.00242394
-0.70607626, 0.56883448, 0.42170477
0.26578507, 0.01708281
0.00843831, 0.06608689, 0.0196595
0.80483413, -0.34858242, -0.48030031
0.26697922, 0.01859033
-0.00955827, 0.07918883, 0.00043482
-0.71996218, -0.58961761, -0.36603901
0.26714575, 0.01708281
0.00217863, -0.01977256, 0.02641716
0.5258339, -0.76033813, -0.38123721
0.28468084, 0.03980029
-0.00234321, -0.01977256, 0.02641716
-0.5258339, -0.76033813, -0.38123721
0.2846756, 0.04041272
0.00236215, -0.01725551, 0.03047632
0.59215063, -0.38322091, 0.70882291
0.28417814, 0.03930569
-0.00252673, -0.01725551, 0.03047632
-0.59215063, -0.38322091, 0.70882291
0.283705, 0.03950292
-0.04489972, 0.32139096, -0.01573521
0.0, -0.26142156, -0.96520889
0.27147487, 0.05686438
-0.05175789, 0.32139096, -0.01573521
-0.53022856, 0.08072146, -0.84398937
0.27154839, 0.05707622
-0.05117461, 0.32692397, -0.01573521
-0.54350412, 0.6038087, -0.58305615
0.27162167, 0.05699742
-0.04489972, 0.32139096, -0.00466918
0.0, -0.26142156, 0.96520889
0.27151802, 0.05672979
-0.04489971, 0.32692397, -0.00466918
0.0, 0.70708334, 0.70708334
0.27161294, 0.0568704
-0.05117461, 0.32692397, -0.00466918
-0.54350412, 0.6038087, 0.58305615
0.27192286, 0.05701339
-0.04489971, 0.32692397, -0.01573521
0.0, 0.70708334, -0.70708334
0.27156419, 0.05690128
0.04473509, 0.32139099, -0.01573521
0.0, -0.26142156, -0.96520889
0.27121276, 0.05682546
0.04473507, 0.32692397, -0.01573521
0.0, 0.70708334, -0.70708334
0.27121308, 0.05682862
0.05100997, 0.326924, -0.01573521
0.54350412, 0.6038087, -0.58305615
0.27121088, 0.05682647
0.04473509, 0.32139099, -0.00466919
0.0, -0.26142156, 0.96520889
0.27121502, 0.05682689
0.05159327, 0.32139099, -0.00466919
0.5289163, 0.08075198, 0.84481341
0.27120978, 0.05682701
0.05100997, 0.326924, -0.00466919
0.54350412, 0.6038087, 0.58305615
0.27121302, 0.05682611
0.04473507, 0.32692397, -0.00466919
0.0, 0.70708334, 0.70708334
0.27121726, 0.05682451
0.01993796, 0.27973589, -0.00168136
-0.00646992, 0.07901242, 0.99682605
0.27118087, 0.05682451
0.02662691, 0.27973586, -0.00168136
0.0, 0.07861568, 0.99688709
0.27118081, 0.05682182
0.05159327, 0.32139099, -0.00466919
0.8577227, -0.51408428, 0.0
0.29671827, 0.0314042
0.02662691, 0.27973586, -0.00168136
0.97424239, -0.2253792, 0.0
0.29595548, 0.03760326
0.02662691, 0.27973589, -0.01872303
0.97424239, -0.2253792, 0.0
0.30030614, 0.03760326
0.05159327, 0.32139099, -0.01573521
0.5289163, 0.08075198, -0.84481341
0.27120787, 0.05682504
0.02662691, 0.27973589, -0.01872303
0.0, 0.07861568, -0.99688709
0.27118099, 0.05682904
-0.02010261, 0.27973586, -0.01872303
0.00650044, 0.07913449, -0.99682605
0.26862893, 0.05632222
-0.02629751, 0.27973589, -0.01872303
0.0, 0.07858516, -0.99688709
0.26869535, 0.05651361
-0.05175789, 0.32139096, -0.01573521
-0.8532365, -0.52150029, 0.0
0.29134506, 0.03137147
-0.02629751, 0.27973589, -0.01872303
-0.97329628, -0.22943816, 0.0
0.29058224, 0.03760326
-0.02629751, 0.27973589, -0.00168135
-0.97329628, -0.22943816, 0.0
0.29493293, 0.03760326
-0.05175789, 0.32139096, -0.00466918
-0.53022856, 0.08072146, 0.84398937
0.27234843, 0.05711246
-0.02629751, 0.27973589, -0.00168135
0.0, 0.07858516, 0.99688709
0.27626741, 0.04961526
-0.04489972, 0.32139096, -0.01573521
0.85924864, 0.51152074, 0.0
0.2887969, 0.03071344
-0.04489972, 0.32139096, -0.00466918
0.85924864, 0.51152074, 0.0
0.28597182, 0.03071344
-0.0201026, 0.27973589, -0.00168135
0.96667379, 0.25598925, 0.0
0.285209, 0.03690135
0.04473509, 0.32139099, -0.00466919
-0.85924864, 0.51152074, 0.0
0.30442223, 0.03422469
0.04473509, 0.32139099, -0.01573521
-0.85924864, 0.51152074, 0.0
0.30159715, 0.03422469
0.01993796, 0.27973589, -0.01872303
-0.96667379, 0.25598925, 0.0
0.30083433, 0.04041272
0.01993796, 0.27973589, -0.00168136
-0.96667379, 0.25598925, 0.0
0.061791, 0.53704199
0.01993796, 0.27973589, -0.01872303
-0.96667379, 0.25598925, 0.0
0.061791, 0.50609601
0.01983652, 0.25222826, -0.02065959
-0.99996948, 0.00366222, 0.0
0.0, 0.502581
-0.02010261, 0.27973586, -0.01872303
0.96667379, 0.25598925, 0.0
0.28955969, 0.03690135
-0.02000116, 0.25222826, 0.00025521
0.99996948, 0.00366222, 0.0
0.28471464, 0.04041272
-0.0201026, 0.27973589, -0.00168135
0.00650044, 0.07913449, 0.99682605
0.27372503, 0.04865319
-0.02753573, 0.25776133, 0.00025521
0.02139347, 0.03436384, 0.99917603
0.2865268, 0.04386485
-0.02753573, 0.25776133, -0.02065958
-0.99841303, 0.05624561, 0.0
0.29008785, 0.04041272
-0.02753573, 0.25776133, 0.00025521
-0.99841303, 0.05624561, 0.0
0.29542735, 0.04041272
-0.02000116, 0.25222826, -0.02065958
0.02887051, 0.03930784, -0.99880975
0.26692402, 0.05646652
-0.02753573, 0.25776133, -0.02065958
0.02139347, 0.03436384, -0.99917603
0.26734576, 0.05667013
0.01993796, 0.27973589, -0.01872303
-0.00646992, 0.07901242, -0.99682605
0.27118123, 0.05682617
0.02786518, 0.25776133, -0.02065959
-0.01956236, 0.03399762, -0.99920654
0.27117923, 0.05682868
0.02786518, 0.25776133, 0.0002552
0.99841303, 0.05624561, 0.0
0.29546112, 0.04041272
0.02786518, 0.25776133, -0.02065959
0.99841303, 0.05624561, 0.0
0.30080056, 0.04041272
0.01983652, 0.25222826, 0.0002552
-0.02792444, 0.04052858, 0.99877924
0.27118731, 0.05682337
0.02786518, 0.25776133, 0.0002552
-0.01956236, 0.03399762, 0.99920654
0.27117646, 0.05682045
0.07118289, 0.24669527, 0.0002552
0.01211585, -0.0013123, 0.99990845
0.27111864, 0.05681562
0.02786518, 0.25776133, 0.0002552
0.12479018, 0.99215674, 0.0
0.30858561, 0.00515765
0.07184684, 0.25222826, 0.0002552
0.15723136, 0.98754847, 0.0
0.29726875, 0.00515777
0.07184684, 0.25222826, -0.02065959
0.15723136, 0.98754847, 0.0
0.29726884, 0.00782746
0.07184684, 0.25222826, -0.02065959
0.01159703, -0.00137333, -0.99990845
0.27113503, 0.05682755
0.07118289, 0.24669527, -0.02065959
0.01211585, -0.0013123, -0.99990845
0.27112389, 0.05682904
-0.07198288, 0.24669525, -0.02065958
-0.01324503, -3.052e-05, -0.99990845
0.2671321, 0.05810225
-0.02753573, 0.25776133, -0.02065958
-0.12344737, 0.99233985, 0.0
0.26578507, 0.01053101
-0.07201148, 0.25222826, -0.02065958
-0.15655996, 0.98764002, 0.0
0.2772271, 0.01053101
-0.07201148, 0.25222826, 0.00025521
-0.15655996, 0.98764002, 0.0
0.2772271, 0.00786132
-0.07201148, 0.25222826, 0.00025521
-0.01095614, -3.052e-05, 0.99993896
0.32182029, 0.05234075
-0.07198288, 0.24669525, 0.00025521
-0.01324503, -3.052e-05, 0.99990845
0.32463449, 0.04990351
-0.02000116, 0.25222826, 0.00025521
0.10583819, -0.99435407, 0.0
0.2657851, 0.01323456
-0.07198288, 0.24669525, 0.00025521
0.1474044, -0.98904383, 0.0
0.27913082, 0.0132345
-0.07198288, 0.24669525, -0.02065958
0.1474044, -0.98904383, 0.0
0.27913079, 0.01056474
0.01983652, 0.25222826, -0.02065959
-0.10711997, -0.994232, 0.0
0.31067929, 0.01326829
0.07118289, 0.24669527, -0.02065959
-0.145909, -0.98928797, 0.0
0.29749486, 0.01326853
0.07118289, 0.24669527, 0.0002552
-0.145909, -0.98928797, 0.0
0.29749507, 0.01593834
0.11479178, 0.23848173, -0.01961385
-0.26233712, -0.96496475, 0.0
0.28616595, 0.01340222
0.11479156, 0.23848172, -0.00079054
-0.26233712, -0.96496475, 0.0
0.28616619, 0.01580507
-0.11500991, 0.23839577, -0.00079053
0.26285592, -0.96481216, 0.0
0.29031789, 0.01310098
-0.11489233, 0.24392875, -0.00079053
-0.02554399, 0.0004883, 0.99966431
0.3698782, 0.06075561
-0.11489233, 0.24392875, -0.01961384
-0.26331371, 0.96469009, 0.0
0.28837758, 0.01039743
-0.11500991, 0.23839577, -0.01961384
-0.02609333, 0.00054933, -0.99963379
0.26707453, 0.0594762
-0.11489233, 0.24392875, -0.01961384
-0.02554399, 0.0004883, -0.99966431
0.26741529, 0.0594433
0.11472772, 0.24392875, -0.01961385
0.02529984, 0.00015259, -0.99966431
0.27104664, 0.0568279
0.11472772, 0.24392875, -0.00079054
0.26331371, 0.96469009, 0.0
0.2861183, 0.00529128
0.11472772, 0.24392875, -0.01961385
0.26331371, 0.96469009, 0.0
0.28611836, 0.00769407
0.11479156, 0.23848172, -0.00079054
0.02584918, 0.00027467, 0.99966431
0.27104309, 0.05681354
0.11472772, 0.24392875, -0.00079054
0.02529984, 0.00015259, 0.99966431
0.27104688, 0.05681497
0.15324759, 0.22456323, -0.00183628
0.02954192, -0.00030519, 0.99954224
0.27096906, 0.05681312
0.15332046, 0.23009621, -0.00183628
0.02847377, -0.0003357, 0.99957275
0.27097237, 0.05681401
0.15332046, 0.23009621, -0.00183628
0.41956848, 0.90771204, 0.0
0.27565193, 0.00542486
0.11479178, 0.23848173, -0.01961385
0.02584918, 0.00027467, -0.99966431
0.27104285, 0.05682874
0.15332067, 0.23009624, -0.01856811
0.02847377, -0.0003357, -0.99957275
0.27097139, 0.05682421
-0.15363792, 0.22456321, -0.01856809
-0.03015229, 0.00079348, -0.99954224
0.2666285, 0.06074345
-0.15348507, 0.23009624, -0.01856809
-0.02883999, 0.00076296, -0.99957275
0.26696885, 0.06070948
-0.11489233, 0.24392875, -0.00079053
-0.26331371, 0.96469009, 0.0
0.28837758, 0.00799477
-0.15348507, 0.23009624, -0.01856809
-0.41956848, 0.90771204, 0.0
0.29884392, 0.01026404
-0.11500991, 0.23839577, -0.00079053
-0.02609333, 0.00054933, 0.99963379
0.37345833, 0.05773765
-0.15348507, 0.23009624, -0.00183626
-0.02883999, 0.00076296, 0.99957275
0.42502782, 0.06569403
-0.15363792, 0.22456321, -0.00183626
0.4197821, -0.90762049, 0.0
0.30079272, 0.01296747
-0.15363792, 0.22456321, -0.01856809
0.4197821, -0.90762049, 0.0
0.30079269, 0.01083165
0.15324783, 0.22456323, -0.01856811
-0.41911069, -0.90792567, 0.0
0.27572504, 0.01353592
0.15324759, 0.22456323, -0.00183628
-0.41911069, -0.90792567, 0.0
0.27572525, 0.01567179
0.18702528, 0.20519768, -0.01752237
-0.49736014, -0.86751914, 0.0
0.26578507, 0.01366961
0.18702504, 0.20519766, -0.00288202
-0.49736014, -0.86751914, 0.0
0.26578528, 0.01553845
-0.18702528, 0.20519765, -0.002882
0.5017243, -0.86501664, 0.0
0.31064641, 0.01283389
-0.18702528, 0.20519765, -0.01752235
0.5017243, -0.86501664, 0.0
0.31064638, 0.01096505
-0.15363792, 0.22456321, -0.00183626
-0.03015229, 0.00079348, 0.99954224
0.42912042, 0.06232589
-0.18693212, 0.21073066, -0.002882
-0.03161718, 0.00054933, 0.9994812
0.48195943, 0.06569403
-0.18693212, 0.21073066, -0.01752235
-0.50105292, 0.86538285, 0.0
0.30871078, 0.01013058
-0.18693212, 0.21073066, -0.002882
-0.50105292, 0.86538285, 0.0
0.30871078, 0.00826168
-0.18702528, 0.20519765, -0.01752235
-0.03158666, 0.00051881, -0.9994812
0.26578507, 0.0618782
-0.18693212, 0.21073066, -0.01752235
-0.03161718, 0.00054933, -0.9994812
0.26612607, 0.06184602
0.15324783, 0.22456323, -0.01856811
0.02954192, -0.00030519, -0.99954224
0.27096659, 0.05682421
0.18676774, 0.21073067, -0.01752237
0.03173925, 0.00134281, -0.9994812
0.27090147, 0.05682129
0.15332067, 0.23009624, -0.01856811
0.41956848, 0.90771204, 0.0
0.27565199, 0.00756061
0.18676752, 0.21073066, -0.00288202
0.50105292, 0.86538285, 0.0
0.26578507, 0.00555849
0.18702504, 0.20519766, -0.00288202
0.03176977, 0.00146489, 0.9994812
0.2709029, 0.05682021
0.18676752, 0.21073066, -0.00288202
0.03173925, 0.00134281, 0.9994812
0.27090684, 0.05681765
-0.18702528, 0.20519765, -0.002882
-0.99984741, 0.0168157, 0.0
0.29382551, 0.03133774
-0.18693212, 0.21073066, -0.002882
-0.99984741, 0.0168157, 0.0
0.29382551, 0.03063136
-0.18693212, 0.21073066, -0.01752235
-0.99984741, 0.0168157, 0.0
0.29008785, 0.03063136
0.18702528, 0.20519768, -0.01752237
0.99890131, 0.04647969, 0.0
0.29546112, 0.03066331
0.18676774, 0.21073067, -0.01752237
0.99890131, 0.04647969, 0.0
0.29546112, 0.03137034
0.18676752, 0.21073066, -0.00288202
0.99890131, 0.04647969, 0.0
0.29919872, 0.03137034
-0.02000116, 0.27933085, -0.00156977
-0.58217108, 0.59996337, 0.54869229
0.80943102, 0.27160698
-0.02000116, 0.27933085, -0.0210303
-0.57734919, 0.57734919, -0.57734919
0.79467601, 0.27160698
-0.02000116, 0.23617332, -0.02103029
-0.70818204, -0.01278726, -0.70586258
0.79467601, 0.35299999
0.01983653, 0.23617333, -0.0210303
0.70818204, -0.01278726, -0.70586258
0.740973, 0.35271102
0.01983653, 0.27933085, -0.0210303
0.57734919, 0.57734919, -0.57734919
0.73917902, 0.27133501
0.01983653, 0.27933085, -0.00156977
0.58217108, 0.59996337, 0.54869229
0.72442698, 0.27165997
-0.02000116, 0.27933085, -0.0210303
-0.57734919, 0.57734919, -0.57734919
0.557441, 0.46539098
-0.02000116, 0.27933085, -0.00156977
-0.58217108, 0.59996337, 0.54869229
0.557441, 0.45107698
0.01983653, 0.27933085, -0.00156977
0.58217108, 0.59996337, 0.54869229
0.48455301, 0.45107698
-0.02000116, 0.27933085, -0.0210303
-0.57734919, 0.57734919, -0.57734919
0.929555, 0.27165198
0.01983653, 0.27933085, -0.0210303
0.57734919, 0.57734919, -0.57734919
0.85685098, 0.27165002
0.01983653, 0.23617333, -0.0210303
0.70818204, -0.01278726, -0.70586258
0.856848, 0.35041302
0.01983653, 0.23617333, 0.00229158
0.6997894, 0.02301096, 0.71395004
1.0, 0.35724097
0.01983653, 0.27933085, -0.00156977
0.58217108, 0.59996337, 0.54869229
1.0, 0.27147597
-0.02000116, 0.27933085, -0.00156977
-0.58217108, 0.59996337, 0.54869229
0.929555, 0.27147597
-0.01723464, 0.07018292, -0.02140144
-0.71318704, -0.00912503, -0.7008881
0.44636351, 0.68181592
-0.0142468, -0.11875726, -0.0241209
-0.5716117, -0.57762384, -0.5827204
0.43753567, 0.98848371
-0.0142468, -0.11875726, -0.00734918
-0.57423627, -0.59114355, 0.5663625
0.49197984, 0.98848371
0.01707004, 0.07018292, -0.02140145
0.71318704, -0.00912503, -0.7008881
0.44636351, 0.68181592
0.01707004, 0.07018292, -0.00036263
0.77114171, -0.19302957, 0.60667747
0.51465952, 0.68181592
0.01408222, -0.11875726, -0.00734919
0.57423627, -0.59114355, 0.5663625
0.49197984, 0.98848371
0.01707004, 0.07018292, -0.02140145
0.71318704, -0.00912503, -0.7008881
0.39321968, 0.68181592
0.01408222, -0.11875726, -0.0241209
0.5716117, -0.57762384, -0.5827204
0.40291867, 0.98848371
-0.0142468, -0.11875726, -0.0241209
-0.5716117, -0.57762384, -0.5827204
0.49488014, 0.98848371
-0.01723464, 0.07018292, -0.00036262
-0.77114171, -0.19302957, 0.60667747
0.50457919, 0.68181592
-0.0142468, -0.11875726, -0.00734918
-0.57423627, -0.59114355, 0.5663625
0.49488014, 0.98848371
0.01408222, -0.11875726, -0.00734919
0.57423627, -0.59114355, 0.5663625
0.40291867, 0.98848371
-0.0142468, -0.11875726, -0.0241209
-0.5716117, -0.57762384, -0.5827204
0.48455301, 0.43470502
0.01408222, -0.11875726, -0.0241209
0.5716117, -0.57762384, -0.5827204
0.432722, 0.43470502
0.01408222, -0.11875726, -0.00734919
0.57423627, -0.59114355, 0.5663625
0.432722, 0.46539098
-0.01723465, 0.11832012, -0.01950385
-0.71086764, 0.00231941, -0.70326853
0.797557, 0.575324
-0.01723465, 0.11832014, 0.00207651
-0.73830378, 0.08554338, 0.66899627
0.838256, 0.57532299
-0.02000116, 0.23617332, 0.00229159
-0.6997894, 0.02301096, 0.71395004
0.85117102, 0.35299897
-0.01723465, 0.10338101, -0.02015445
-0.71211892, 0.04608295, -0.70052189
0.78712302, 0.603497
-0.01723464, 0.10338101, 0.0063994
-0.69182408, 0.15213478, 0.70583206
0.856695, 0.603497
-0.01723464, 0.08512206, -0.02176386
-0.69469285, 0.02288888, -0.71892452
0.78712302, 0.637932
-0.01723464, 0.08512208, 0.00902666
-0.63710439, -0.15997803, 0.75395977
0.856848, 0.637932
-0.01723464, 0.07018292, -0.02140144
-0.71318704, -0.00912503, -0.7008881
0.78712302, 0.66610599
-0.01723464, 0.07018292, -0.00036262
-0.77114171, -0.19302957, 0.60667747
0.83091402, 0.66610599
0.01983653, 0.23617333, 0.00229158
0.6997894, 0.02301096, 0.71395004
0.68448901, 0.35395598
0.01707004, 0.11832014, 0.0020765
0.73830378, 0.08554338, 0.66899627
0.70230198, 0.57595301
0.01707003, 0.11832012, -0.01950386
0.71086764, 0.00231941, -0.70326853
0.742993, 0.57505599
0.01707003, 0.10338101, 0.0063994
0.69182408, 0.15213478, 0.70583206
0.68448597, 0.60452801
0.01707003, 0.10338101, -0.02015445
0.71211892, 0.04608295, -0.70052189
0.75404698, 0.60299501
0.01707004, 0.08512208, 0.00902666
0.63710439, -0.15997803, 0.75395977
0.68509197, 0.63896
0.01707004, 0.08512206, -0.02176386
0.69469285, 0.02288888, -0.71892452
0.75480503, 0.63742399
0.01707004, 0.07018292, -0.00036263
0.77114171, -0.19302957, 0.60667747
0.71164203, 0.66655701
0.01707004, 0.07018292, -0.02140145
0.71318704, -0.00912503, -0.7008881
0.75542599, 0.665593
0.01707003, 0.11832012, -0.01950386
0.71086764, 0.00231941, -0.70326853
0.86189097, 0.565514
-0.01723465, 0.11832012, -0.01950385
-0.71086764, 0.00231941, -0.70326853
0.92449701, 0.56551701
-0.02000116, 0.23617332, -0.02103029
-0.70818204, -0.01278726, -0.70586258
0.92955297, 0.35041499
0.01707003, 0.10338101, -0.02015445
0.71211892, 0.04608295, -0.70052189
0.86189002, 0.59458801
-0.01723465, 0.10338101, -0.02015445
-0.71211892, 0.04608295, -0.70052189
0.924496, 0.59459099
0.01707004, 0.08512206, -0.02176386
0.69469285, 0.02288888, -0.71892452
0.86188799, 0.627911
-0.01723464, 0.08512206, -0.02176386
-0.69469285, 0.02288888, -0.71892452
0.92449498, 0.627913
0.01707004, 0.07018292, -0.02140145
0.71318704, -0.00912503, -0.7008881
0.86188698, 0.655175
-0.01723464, 0.07018292, -0.02140144
-0.71318704, -0.00912503, -0.7008881
0.92449403, 0.65517801
-0.01723465, 0.11832014, 0.00207651
-0.73830378, 0.08554338, 0.66899627
0.93444699, 0.56599101
0.01707004, 0.11832014, 0.0020765
0.73830378, 0.08554338, 0.66899627
0.99510801, 0.56599101
-0.01723464, 0.10338101, 0.0063994
-0.69182408, 0.15213478, 0.70583206
0.93444699, 0.597563
0.01707003, 0.10338101, 0.0063994
0.69182408, 0.15213478, 0.70583206
0.99510801, 0.597563
-0.01723464, 0.08512208, 0.00902666
-0.63710439, -0.15997803, 0.75395977
0.93444699, 0.62985
0.01707004, 0.08512208, 0.00902666
0.63710439, -0.15997803, 0.75395977
0.99510801, 0.62985101
-0.01723464, 0.07018292, -0.00036262
-0.77114171, -0.19302957, 0.60667747
0.93444699, 0.665755
0.01707004, 0.07018292, -0.00036263
0.77114171, -0.19302957, 0.60667747
0.995107, 0.66575599
-0.00504488, 0.09594063, -0.02715041
0.16245003, -0.78548539, -0.59712517
0.50710887, 0.73743114
-0.18332203, 0.21002427, -0.0085302
-0.78130436, -0.18155462, 0.59712517
0.60459381, 0.73359814
-0.1805691, 0.21432626, -0.0085302
-0.16245003, 0.78548539, 0.59712517
0.43484476, 0.73359814
-0.00229195, 0.1002426, -0.022043
0.81307411, 0.16916409, 0.55696279
0.55939621, 0.73637977
-0.00504488, 0.09594063, -0.02715041
0.16245003, -0.78548539, -0.59712517
0.34773386, 0.74642161
-0.00504488, 0.09594063, -0.022043
0.18698691, -0.80916774, 0.55696279
0.34773386, 0.74642161
0.17990994, 0.21002427, -0.0085302
0.78130436, -0.18155462, 0.59712517
0.58325571, 0.73359814
0.00163286, 0.09594063, -0.022043
-0.18701743, -0.80916774, 0.55696279
0.55762506, 0.73637977
-0.00112008, 0.10024261, -0.02715041
-0.78130436, 0.18155462, -0.59712517
0.50872475, 0.73743114
0.17715701, 0.21432626, -0.0085302
0.16245003, 0.78548539, 0.59712517
0.60636497, 0.73359814
0.17990994, 0.21002427, -0.01363761
0.81307411, -0.16916409, -0.55696279
0.4238807, 0.7229372
0.17715701, 0.21432626, -0.0085302
0.16245003, 0.78548539, 0.59712517
0.42274725, 0.72205165
0.00939367, 0.07918883, 0.00043482
0.71996218, -0.58961761, -0.36603901
0.26630557, 0.01683813
0.05159327, 0.32139099, -0.01573521
0.8577227, -0.51408428, 0.0
0.29954338, 0.0314042
-0.05175789, 0.32139096, -0.00466918
-0.8532365, -0.52150029, 0.0
0.29417014, 0.03137147
0.01993796, 0.27973589, -0.00168136
-0.96667379, 0.25598925, 0.0
0.30518502, 0.04041272
0.01983652, 0.25222826, 0.0002552
-0.99996948, 0.00366222, 0.0
1e-06, 0.54055899
-0.02000116, 0.25222826, -0.02065958
0.99996948, 0.00366222, 0.0
0.29005408, 0.04041272
-0.02000116, 0.25222826, 0.00025521
0.02887051, 0.03930784, 0.99880975
0.28391263, 0.04044646
0.01983652, 0.25222826, -0.02065959
-0.02792444, 0.04052858, -0.99877924
0.27118933, 0.05682546
0.07184684, 0.25222826, 0.0002552
0.01159703, -0.00137333, 0.99990845
0.27112576, 0.0568164
0.02786518, 0.25776133, -0.02065959
0.12479018, 0.99215674, 0.0
0.30858567, 0.0078274
-0.07201148, 0.25222826, -0.02065958
-0.01095614, -3.052e-05, -0.99993896
0.26747438, 0.05807382
-0.02753573, 0.25776133, 0.00025521
-0.12344737, 0.99233985, 0.0
0.26578507, 0.00786132
-0.02000116, 0.25222826, -0.02065958
0.10583819, -0.99435407, 0.0
0.26578507, 0.01056486
0.01983652, 0.25222826, 0.0002552
-0.10711997, -0.994232, 0.0
0.31067947, 0.0159381
-0.11500991, 0.23839577, -0.01961384
0.26285592, -0.96481216, 0.0
0.29031789, 0.01069826
-0.15348507, 0.23009624, -0.00183626
-0.41956848, 0.90771204, 0.0
0.29884392, 0.00812817
-0.18702528, 0.20519765, -0.002882
-0.03158666, 0.00051881, 0.9994812
0.48618346, 0.06218445
0.18702528, 0.20519768, -0.01752237
0.03176977, 0.00146489, -0.9994812
0.27089134, 0.05681837
0.18676774, 0.21073067, -0.01752237
0.50105292, 0.86538285, 0.0
0.2657851, 0.00742728
-0.18702528, 0.20519765, -0.01752235
-0.99984741, 0.0168157, 0.0
0.29008785, 0.03133774
0.18702504, 0.20519766, -0.00288202
0.99890131, 0.04647969, 0.0
0.29919872, 0.03066331
0.01983653, 0.27933085, -0.0210303
0.57734919, 0.57734919, -0.57734919
0.48455301, 0.46539098
-0.02000116, 0.23617332, 0.00229159
-0.6997894, 0.02301096, 0.71395004
0.929555, 0.35724097
-0.01723464, 0.07018292, -0.00036262
-0.77114171, -0.19302957, 0.60667747
0.51465952, 0.68181592
0.01408222, -0.11875726, -0.0241209
0.5716117, -0.57762384, -0.5827204
0.43753567, 0.98848371
-0.01723464, 0.07018292, -0.02140144
-0.71318704, -0.00912503, -0.7008881
0.50457919, 0.68181592
0.01707004, 0.07018292, -0.00036263
0.77114171, -0.19302957, 0.60667747
0.39321968, 0.68181592
-0.0142468, -0.11875726, -0.00734918
-0.57423627, -0.59114355, 0.5663625
0.48455301, 0.46539098
# Number of Faces:
218
# Face Data:
0, 1, 2
3, 4, 5
6, 7, 8
9, 10, 11
12, 13, 14
15, 16, 17
18, 19, 20
21, 22, 23
24, 25, 26
27, 28, 29
30, 31, 32
33, 34, 35
36, 37, 38
39, 36, 40
38, 37, 41
41, 39, 42
43, 44, 39
45, 43, 41
39, 44, 46
36, 46, 45
45, 46, 44
47, 48, 49
50, 51, 52
51, 53, 49
54, 55, 56
57, 58, 59
60, 59, 56
57, 61, 62
63, 64, 65
54, 66, 67
47, 68, 69
70, 71, 72
50, 73, 74
75, 76, 77
78, 79, 80
81, 82, 83
84, 77, 85
86, 74, 87
71, 88, 89
68, 90, 91
92, 67, 93
64, 94, 95
61, 96, 97
97, 96, 98
99, 100, 101
93, 102, 103
91, 90, 104
105, 106, 107
87, 108, 109
110, 111, 112
113, 114, 115
114, 116, 117
112, 111, 118
109, 108, 119
107, 106, 120
104, 121, 122
103, 102, 123
100, 124, 125
98, 126, 127
126, 128, 129
125, 124, 130
131, 123, 132
121, 133, 134
135, 120, 136
137, 119, 138
118, 139, 140
116, 141, 142
141, 143, 144
139, 145, 146
147, 138, 148
136, 149, 150
133, 151, 152
153, 132, 154
155, 130, 156
128, 157, 158
159, 160, 161
162, 163, 164
55, 54, 47
50, 57, 60
50, 47, 54
60, 55, 53
66, 56, 59
52, 49, 48
165, 166, 167
168, 169, 170
171, 172, 173
174, 175, 176
177, 178, 179
180, 181, 182
183, 184, 185
186, 187, 188
189, 190, 191
192, 193, 194
195, 196, 197
198, 199, 196
200, 201, 199
200, 202, 203
204, 205, 206
205, 207, 208
207, 209, 210
211, 212, 210
213, 214, 215
213, 216, 217
216, 218, 219
220, 221, 219
222, 223, 177
222, 224, 225
226, 227, 225
226, 228, 229
230, 0, 2
231, 3, 5
232, 6, 8
233, 9, 11
234, 12, 14
235, 15, 17
236, 18, 20
237, 21, 23
238, 24, 26
239, 27, 29
240, 30, 32
241, 33, 35
40, 36, 38
42, 39, 40
242, 38, 41
242, 41, 42
41, 43, 39
37, 45, 41
36, 39, 46
37, 36, 45
43, 45, 44
53, 47, 49
73, 50, 52
52, 51, 49
66, 54, 56
60, 57, 59
55, 60, 56
58, 57, 62
243, 63, 65
92, 54, 67
48, 47, 69
244, 70, 72
86, 50, 74
84, 75, 77
245, 78, 80
246, 81, 83
247, 84, 85
248, 86, 87
72, 71, 89
69, 68, 91
249, 92, 93
65, 64, 95
62, 61, 97
250, 97, 98
251, 99, 101
249, 93, 103
252, 91, 104
253, 105, 107
248, 87, 109
254, 110, 112
255, 113, 115
115, 114, 117
256, 112, 118
137, 109, 119
135, 107, 120
252, 104, 122
131, 103, 123
101, 100, 125
250, 98, 127
127, 126, 129
155, 125, 130
153, 131, 132
122, 121, 134
257, 135, 136
147, 137, 138
256, 118, 140
117, 116, 142
142, 141, 144
140, 139, 146
258, 147, 148
257, 136, 150
134, 133, 152
259, 153, 154
260, 155, 156
129, 128, 158
261, 159, 161
262, 162, 164
53, 55, 47
51, 50, 60
57, 50, 54
51, 60, 53
58, 66, 59
73, 52, 48
197, 165, 167
204, 168, 170
263, 171, 173
215, 174, 176
264, 177, 179
265, 180, 182
266, 183, 185
267, 186, 188
268, 189, 191
269, 192, 194
167, 195, 197
195, 198, 196
198, 200, 199
201, 200, 203
168, 204, 206
206, 205, 208
208, 207, 210
209, 211, 210
176, 213, 215
214, 213, 217
217, 216, 219
218, 220, 219
264, 222, 177
223, 222, 225
224, 226, 225
227, 226, 229
