# Project Zomboid Skinned Mesh
# File Version:
1.0
# Model Name:
Battleaxe
# Vertex Stride Element Count:
3
# Vertex Stride Size (in bytes):
76
# Vertex Stride Data:
# (Int)    Offset
# (String) Type
0
VertexArray
12
NormalArray
24
TextureCoordArray
# Vertex Count:
108
# Vertex Buffer:
-0.00840111, -0.10200284, -0.00015774
-0.77636033, -0.63023776, 0.0
0.36370695, 0.99767707
-0.00840114, 0.50293821, -0.00015774
-0.77636033, 0.63023776, 0.0
0.36370605, 0.11794776
-0.00587828, 0.50293821, -0.00624845
-0.54896694, 0.63023776, -0.54896694
0.28618461, 0.11794776
0.00021243, 0.50293821, -0.0087713
0.0, 0.63023776, -0.77636033
0.2086633, 0.11794776
0.00021245, -0.10200284, -0.0087713
0.0, -0.63023776, -0.77636033
0.208663, 0.99767707
0.00630313, 0.50293821, -0.00624845
0.54896694, 0.63023776, -0.54896694
0.13114195, 0.11794776
0.00630316, -0.10200284, -0.00624845
0.54896694, -0.63023776, -0.54896694
0.13114105, 0.99767707
0.00630313, 0.50293821, -0.00624845
0.54896694, 0.63023776, -0.54896694
0.75131565, 0.11794776
0.00882599, 0.50293821, -0.00015774
0.77636033, 0.63023776, 0.0
0.67379391, 0.11794776
0.00882602, -0.10200284, -0.00015774
0.77636033, -0.63023776, 0.0
0.67379296, 0.99767707
0.00630314, 0.50293821, 0.00593296
0.54896694, 0.63023776, 0.54896694
0.59627193, 0.11794776
0.00630316, -0.10200284, 0.00593296
0.54896694, -0.63023776, 0.54896694
0.59627151, 0.99767707
0.00021243, 0.50293821, 0.00845582
0.0, 0.63023776, 0.77636033
0.51874983, 0.11794776
0.00021245, -0.10200284, 0.00845582
0.0, -0.63023776, 0.77636033
0.51875013, 0.99767707
0.00021243, 0.50293821, -0.0087713
0.0, 0.63023776, -0.77636033
0.82883698, 0.11794776
-0.00587828, 0.50293821, 0.00593296
-0.54896694, 0.63023776, 0.54896694
0.44122779, 0.11794776
0.00630316, -0.10200284, -0.00624845
0.54896694, -0.63023776, -0.54896694
0.7513147, 0.99767707
-0.00587825, -0.10200284, 0.00593296
-0.54896694, -0.63023776, 0.54896694
0.44122863, 0.99767707
0.01138983, 0.44158977, 0.01143837
0.73577076, -0.55882442, 0.38248849
0.53193867, 0.03027558
0.00320149, 0.4327575, 0.02537078
0.68913847, -0.65352339, -0.3129673
0.53208983, 0.02634251
-0.0032015, 0.4327575, 0.02537078
-0.68913847, -0.65352339, -0.3129673
0.53635895, 0.01765281
-0.01138986, 0.45640457, -0.01143838
-0.81368452, 0.0, -0.58128607
0.31275964, 0.03092355
-0.01138986, 0.44158977, -0.01143838
-0.73577076, -0.55882442, -0.38248849
0.28547126, 0.03092355
-0.01138985, 0.44158977, 0.01143838
-0.73577076, -0.55882442, 0.38248849
0.29425576, 0.04203314
-0.0032015, 0.48005167, 0.02537078
-0.68913847, 0.65352339, -0.3129673
0.57572258, 0.01991081
-0.00129375, 0.50590152, 0.05103657
-0.72985017, 0.46830654, -0.49794
0.62630117, 0.02132237
0.00129374, 0.50590152, 0.05103657
0.72985017, 0.46830654, -0.49794
0.61999106, 0.03701156
0.01138982, 0.47121942, 0.01143837
0.73577076, 0.55882442, 0.38248849
0.57587379, 0.03227985
-0.01138985, 0.47121942, 0.01143838
-0.73577076, 0.55882442, 0.38248849
0.57587379, 0.0159775
0.00129375, 0.40690756, 0.05103657
0.72985017, -0.46830654, -0.49794
0.48151118, 0.02493072
0.00129375, 0.43683502, 0.06107933
0.99877924, -0.01272622, 0.04770043
0.52077955, 0.02481204
0.0, 0.41456434, 0.08996795
0.0, -0.33075961, 0.94369334
0.4970715, 0.0181641
0.00320149, 0.48005167, 0.02537078
0.68913847, 0.65352339, -0.3129673
0.57145345, 0.02860028
0.00129374, 0.47597411, 0.06107933
0.99874872, 0.01272622, 0.04770043
0.58396155, 0.03014994
-0.00129375, 0.40690756, 0.05103657
-0.72985017, -0.46830654, -0.49794
0.4878214, 0.00924158
-0.00129375, 0.43683502, 0.06107933
-0.99874872, -0.01272622, 0.04770043
0.52385092, 0.01610315
-0.01138985, 0.45640457, 0.01143838
-0.81368452, 0.0, 0.58128607
0.55530465, 0.0104804
-0.0032015, 0.44690323, 0.03104911
-0.97515792, -0.05386517, 0.21472824
0.5453518, 0.01704204
-0.0032015, 0.45640457, 0.03325219
-0.98242134, 0.0, 0.18659016
0.55599725, 0.01611799
-0.01138985, 0.44158977, 0.01143838
-0.73577076, -0.55882442, 0.38248849
0.53193867, 0.01397341
0.00320149, 0.44690323, 0.03104911
0.97515792, -0.05386517, 0.21472824
0.54217029, 0.02784854
0.01138983, 0.45640457, 0.01143837
0.81368452, 0.0, 0.58128607
0.55250776, 0.03577292
0.00320149, 0.45640457, 0.03325219
0.98242134, 0.0, 0.18659016
0.55181527, 0.03013527
-0.0032015, 0.4659059, 0.03104911
-0.97515792, 0.05386517, 0.21472824
0.56564212, 0.01840472
-0.0, 0.49824479, 0.08996795
0.0, 0.33079013, 0.94369334
0.61074096, 0.02808917
-0.0, 0.45640457, 0.09635161
0.0, 0.0, 0.99996948
0.5539062, 0.02312654
0.00320149, 0.4659059, 0.03104911
0.97515792, 0.05386517, 0.21472824
0.56246072, 0.02921104
-0.00129375, 0.47597411, 0.06107933
-0.99874872, 0.01272622, 0.04770043
0.58703279, 0.0214411
0.0, 0.38215905, 0.06920455
0.0, -0.97723317, 0.21201208
0.38638851, 0.00822222
-1e-08, 0.53065008, 0.06920455
0.0, 0.97723317, 0.2120426
0.72142392, 0.03803104
0.00320151, 0.48005167, -0.02537078
0.68913847, 0.65352339, 0.3129673
0.57572246, 0.0497753
0.00129377, 0.50590152, -0.05103657
0.72985017, 0.46830654, 0.49794
0.62630105, 0.05118686
-0.00129372, 0.50590152, -0.05103657
-0.72985017, 0.46830654, 0.49794
0.61999089, 0.06687599
0.01138984, 0.47121942, -0.01143836
0.73577076, 0.55882442, -0.38248849
0.57587373, 0.04584199
-0.00320148, 0.48005167, -0.0253708
-0.68913847, 0.65352339, 0.3129673
0.57145339, 0.05846477
-0.00129372, 0.40690756, -0.05103657
-0.72985017, -0.46830654, 0.49794
0.48151106, 0.05479521
-0.00129372, 0.43683502, -0.06107934
-0.99874872, -0.01272622, -0.04773095
0.52077943, 0.05467653
5e-08, 0.41456434, -0.08996795
0.0, -0.33075961, -0.94369334
0.4970715, 0.04802841
-0.00129372, 0.47597411, -0.06107934
-0.99874872, 0.01272622, -0.04773095
0.58396143, 0.06001443
0.00320151, 0.4327575, -0.02537078
0.68913847, -0.65352339, 0.3129673
0.53635901, 0.0475173
-0.00320148, 0.4327575, -0.0253708
-0.68913847, -0.65352339, 0.3129673
0.53208995, 0.05620682
0.00129378, 0.40690756, -0.05103657
0.72985017, -0.46830654, 0.49794
0.48782131, 0.03910607
0.00129378, 0.43683502, -0.06107932
0.99874872, -0.01272622, -0.04770043
0.52385092, 0.04596764
0.01138984, 0.45640457, -0.01143836
0.81368452, 0.0, -0.58128607
0.55530453, 0.04034489
0.00320151, 0.44690323, -0.0310491
0.97515792, -0.05386517, -0.21472824
0.54535162, 0.04690653
0.00320151, 0.45640457, -0.03325218
0.98242134, 0.0, -0.18659016
0.55599719, 0.04598248
0.01138984, 0.44158977, -0.01143836
0.73577076, -0.55882442, -0.38248849
0.53193855, 0.0438379
0.00320151, 0.4659059, -0.0310491
0.97515792, 0.05386517, -0.21472824
0.56564206, 0.04826921
5e-08, 0.49824479, -0.08996795
0.0, 0.33079013, -0.94369334
0.61074078, 0.05795366
5e-08, 0.45640457, -0.09635161
0.0, 0.0, -1.0
0.5539062, 0.05299103
-0.00320148, 0.44690323, -0.03104912
-0.97515792, -0.05386517, -0.21472824
0.54217017, 0.05771285
-0.00320148, 0.45640457, -0.03325221
-0.98242134, 0.0, -0.18659016
0.55181515, 0.05999976
-0.00320148, 0.4659059, -0.03104912
-0.97515792, 0.05386517, -0.21472824
0.56246072, 0.05907553
0.00129378, 0.47597411, -0.06107932
0.99874872, 0.01272622, -0.04770043
0.58703279, 0.05130559
4e-08, 0.38215905, -0.06920455
0.0, -0.97723317, -0.21201208
0.38638851, 0.03808659
3e-08, 0.53065008, -0.06920455
0.0, 0.97723317, -0.21201208
0.72142375, 0.06789553
0.01138984, 0.44158977, -0.01143836
0.73577076, -0.55882442, -0.38248849
0.26138851, 0.04801136
0.01138984, 0.47121942, -0.01143836
0.73577076, 0.55882442, -0.38248849
0.30874977, 0.05816656
-0.01138984, 0.47121942, -0.01143839
-0.73577076, 0.55882442, -0.38248849
0.33283252, 0.04107875
-0.01138985, 0.47121942, 0.01143838
-0.73577076, 0.55882442, 0.38248849
0.30164537, 0.04445809
-0.01138984, 0.47121942, -0.01143839
-0.73577076, 0.55882442, -0.38248849
0.28897351, 0.03086299
0.01138984, 0.47121942, -0.01143836
0.73577076, 0.55882442, -0.38248849
0.28896618, 0.02026218
0.01138984, 0.45640457, -0.01143836
0.81368452, 0.0, -0.58128607
0.2751773, 0.02026445
0.01138984, 0.44158977, -0.01143836
0.73577076, -0.55882442, -0.38248849
0.26138851, 0.02026683
-0.01138986, 0.44158977, -0.01143838
-0.73577076, -0.55882442, -0.38248849
0.26139587, 0.03086787
0.01138982, 0.47121942, 0.01143837
0.73577076, 0.55882442, 0.38248849
0.29996526, 0.04705697
0.01138983, 0.45640457, 0.01143837
0.81368452, 0.0, 0.58128607
0.29535806, 0.04615039
0.01138984, 0.45640457, -0.01143836
0.81368452, 0.0, -0.58128607
0.2814613, 0.05816656
0.01138983, 0.44158977, 0.01143837
0.73577076, -0.55882442, 0.38248849
0.29257566, 0.04463202
-0.01138986, 0.44158977, -0.01143838
-0.73577076, -0.55882442, -0.38248849
0.53193861, 0.06014007
-0.01138985, 0.47121942, 0.01143838
-0.73577076, 0.55882442, 0.38248849
0.3166067, 0.02026683
-0.01138985, 0.45640457, 0.01143838
-0.81368452, 0.0, 0.58128607
0.30281788, 0.02026683
0.01138983, 0.45640457, 0.01143837
0.81368452, 0.0, 0.58128607
0.30281788, 0.03086787
-0.01138986, 0.45640457, -0.01143838
-0.81368452, 0.0, -0.58128607
0.5525077, 0.06563741
-0.01138985, 0.44158977, 0.01143838
-0.73577076, -0.55882442, 0.38248849
0.28902915, 0.02026683
0.01138983, 0.44158977, 0.01143837
0.73577076, -0.55882442, 0.38248849
0.28902915, 0.03086787
-0.01138984, 0.47121942, -0.01143839
-0.73577076, 0.55882442, -0.38248849
0.57587373, 0.06214416
0.00129375, 0.45640457, 0.0654132
0.99877924, 0.0, 0.04928739
0.55301702, 0.02571362
-0.00129375, 0.45640457, 0.0654132
-0.99877924, 0.0, 0.04928739
0.5547955, 0.02053946
-0.00129372, 0.45640457, -0.06541321
-0.99877924, 0.0, -0.04928739
0.5530169, 0.05557811
0.00129378, 0.45640457, -0.06541318
0.99877924, 0.0, -0.04928739
0.55479538, 0.05040395
-0.00587826, -0.10200284, -0.00624845
-0.54896694, -0.63023776, -0.54896694
0.28618503, 0.99767707
-0.00587828, 0.50293821, -0.00624845
-0.54896694, 0.63023776, -0.54896694
0.9063583, 0.11794776
-0.00587826, -0.10200284, -0.00624845
-0.54896694, -0.63023776, -0.54896694
0.90635878, 0.99767707
0.00021245, -0.10200284, -0.0087713
0.0, -0.63023776, -0.77636033
0.82883674, 0.99767707
-0.01138985, 0.45640457, 0.01143838
-0.81368452, 0.0, 0.58128607
0.29886296, 0.04293972
-0.01138986, 0.45640457, -0.01143838
-0.81368452, 0.0, -0.58128607
0.27518466, 0.03086549
0.01138982, 0.47121942, 0.01143837
0.73577076, 0.55882442, 0.38248849
0.3166067, 0.03086787
# Number of Faces:
156
# Face Data:
0, 1, 2
2, 3, 4
3, 5, 6
7, 8, 9
8, 10, 11
10, 12, 13
10, 8, 14
15, 1, 0
13, 12, 15
16, 11, 17
18, 19, 20
21, 22, 23
24, 25, 26
27, 28, 24
29, 30, 31
32, 26, 33
19, 29, 34
20, 34, 35
36, 37, 38
39, 20, 37
40, 41, 42
28, 36, 43
18, 41, 40
33, 44, 45
19, 40, 30
42, 46, 33
24, 43, 47
38, 37, 35
27, 32, 46
34, 48, 31
26, 49, 44
34, 29, 48
35, 31, 45
25, 47, 44
26, 25, 49
50, 51, 52
53, 50, 54
55, 56, 57
54, 52, 58
59, 60, 55
59, 61, 62
63, 64, 65
66, 59, 64
53, 63, 67
58, 68, 69
60, 70, 56
71, 72, 58
50, 67, 73
65, 64, 62
61, 74, 57
52, 75, 68
61, 55, 74
62, 57, 69
51, 73, 68
52, 51, 75
23, 22, 76
77, 78, 79
79, 78, 21
80, 81, 82
82, 83, 84
85, 86, 87
86, 88, 76
89, 60, 59
90, 91, 92
70, 93, 71
91, 94, 95
89, 93, 70
96, 54, 72
30, 97, 45
42, 97, 30
38, 98, 47
47, 98, 45
56, 99, 69
71, 99, 56
65, 100, 73
73, 100, 69
41, 46, 42
67, 63, 65
93, 72, 71
43, 36, 38
101, 0, 2
101, 2, 4
4, 3, 6
16, 7, 9
9, 8, 11
11, 10, 13
14, 102, 1
1, 15, 14
12, 10, 14
8, 7, 14
14, 15, 12
17, 15, 0
17, 13, 15
17, 0, 103
103, 104, 17
16, 9, 11
11, 13, 17
17, 104, 16
39, 18, 20
105, 21, 23
32, 24, 26
32, 27, 24
48, 29, 31
46, 32, 33
20, 19, 34
37, 20, 35
36, 39, 37
24, 28, 43
19, 18, 40
97, 33, 45
29, 19, 30
97, 42, 33
25, 24, 47
98, 38, 35
41, 27, 46
35, 34, 31
33, 26, 44
98, 35, 45
49, 25, 44
54, 50, 52
96, 53, 54
74, 55, 57
72, 54, 58
61, 59, 55
64, 59, 62
63, 66, 64
50, 53, 67
99, 58, 69
55, 60, 56
99, 71, 58
51, 50, 73
100, 65, 62
62, 61, 57
58, 52, 68
100, 62, 69
75, 51, 68
88, 23, 76
85, 77, 79
105, 79, 21
106, 80, 82
106, 82, 84
77, 85, 87
87, 86, 76
66, 89, 59
107, 90, 92
92, 91, 95
60, 89, 70
93, 96, 72
31, 30, 45
40, 42, 30
43, 38, 47
44, 47, 45
57, 56, 69
70, 71, 56
67, 65, 73
68, 73, 69
