# Project Zomboid Skinned Mesh
# File Version:
1.0
# Model Name:
Object001
# Vertex Stride Element Count:
3
# Vertex Stride Size (in bytes):
76
# Vertex Stride Data:
# (Int)    Offset
# (String) Type
0
VertexArray
12
NormalArray
24
TextureCoordArray
# Vertex Count:
419
# Vertex Buffer:
0.00026961, 0.29252371, 0.00066853
0.53019804, 0.7347331, 0.42310861
0.90841258, 0.31858754
0.00025911, 0.29220176, 0.00116112
0.49861142, 0.67284155, 0.54646444
0.90631247, 0.31558752
0.00029833, 0.29212353, 0.0011388
0.3625904, 0.63618886, 0.68099004
0.90601254, 0.31578755
-0.0004867, 0.2187745, -0.01404209
-0.99911499, -0.00155644, -0.04199347
0.54541254, 0.3900876
-0.00042645, 0.12974048, -0.0113765
-0.99926758, -0.00350963, -0.03735466
0.3837125, 0.37308753
-0.00058216, 0.13049603, 0.0087118
-0.99435407, -0.00210578, 0.10583819
0.3932125, 0.23958755
-0.00067103, 0.21976721, 0.00905224
-0.9955138, -0.00387585, 0.09427167
0.55211246, 0.24488759
-0.00041807, 0.13054715, 0.00944751
-0.91634876, -0.004944, 0.40028077
0.39401248, 0.23448753
-0.00050752, 0.21979968, 0.00986293
-0.92983794, -0.01095614, 0.36777857
0.55281258, 0.23978758
0.00038778, 0.13063784, 0.01062041
-0.46861172, -0.00985748, 0.88332772
0.39691249, 0.22588754
0.00029742, 0.21988271, 0.01115336
-0.4915311, -0.02615436, 0.87044895
0.55581248, 0.2341876
0.00038778, 0.13063784, 0.01062041
-0.46861172, -0.00985748, 0.88332772
0.39631248, 0.22948754
0.00045296, 0.13063797, 0.01062092
0.45435956, -0.00845363, 0.89074373
0.39621249, 0.22948754
0.00118816, 0.21980323, 0.00987631
0.92394787, -0.00811792, 0.38239694
0.5538125, 0.24238753
0.00036262, 0.21988285, 0.01115387
0.4780114, -0.02465896, 0.87798703
0.55571246, 0.2341876
0.00127759, 0.13055071, 0.00946087
0.90987885, -0.00216681, 0.41480759
0.39421248, 0.23768759
0.00145347, 0.13050029, 0.00872787
0.99258399, 0.00088504, 0.12140263
0.39361247, 0.24258757
0.0013646, 0.21977149, 0.00906831
0.99392682, -0.00085452, 0.1099887
0.55331254, 0.24728763
0.00156238, 0.21881475, -0.0157392
0.99530017, 0.00140385, -0.09680471
0.54531252, 0.38348758
0.00162644, 0.12979792, -0.01356346
0.99414045, -0.00595111, -0.1078219
0.38291249, 0.3677876
0.00146237, 0.12974581, -0.01430021
0.93417156, -0.02352977, -0.35596788
0.38271248, 0.37238753
0.00139885, 0.2187824, -0.01655092
0.94512773, 6.104e-05, -0.32667011
0.54521251, 0.38808751
0.00062908, 0.21869981, -0.01808849
0.96093631, -0.00036622, -0.27674183
0.54571247, 0.39648759
0.00063416, 0.12967895, -0.01620857
0.6598407, -0.05340739, -0.74947357
0.38141248, 0.36578751
0.00062522, 0.12967893, -0.01620864
-0.6481216, -0.0553911, -0.75951415
0.3812125, 0.36658752
0.00056319, 0.21872684, -0.01865058
-0.65761286, -0.0069277, -0.75328839
0.53711247, 0.39538753
0.00049747, 0.21869954, -0.01808953
-0.9564501, -0.00323496, -0.29184851
0.54711246, 0.40418756
0.0005599, 0.12965313, -0.01569891
-0.94961393, -0.02331614, -0.31247902
0.3853125, 0.3871876
-0.00023329, 0.12974225, -0.01431359
-0.95574814, -0.02145451, -0.2933439
0.38381249, 0.37808752
-0.0007366, 0.24669373, 0.01022052
-0.99645984, -0.00622578, 0.08374279
0.69631255, 0.25578761
-0.0008037, 0.27429265, 0.01140621
-0.99447614, 0.02121036, 0.1027253
0.79471254, 0.25378764
-0.00060846, 0.27378368, -0.01319908
-0.9981994, 0.00766015, -0.05923643
0.79921257, 0.39458752
-0.00054541, 0.24513546, -0.0135918
-0.99905396, -0.00119022, -0.04339732
0.69521248, 0.40148759
-0.00036256, 0.09747103, -0.01035653
-0.98828089, -0.00793481, -0.15228736
0.2220125, 0.35548759
-0.00032034, 0.07262298, -0.00911825
-0.98751795, -0.00936918, -0.15704826
0.0754125, 0.32288754
-0.00046725, 0.07562335, 0.00870161
-0.99310279, -0.00186163, 0.11719108
0.09331249, 0.19348752
-0.00057398, 0.24674262, 0.01114115
-0.94213688, -0.01800592, 0.3346965
0.69681251, 0.25058758
-0.00064053, 0.27430391, 0.01226774
-0.92648089, 0.07440413, 0.36884671
0.79501247, 0.24868762
-0.00051686, 0.09947163, 0.00866366
-0.99060029, -0.0019837, 0.13660085
0.23431252, 0.22498763
-0.00030214, 0.07572894, 0.00929223
-0.89056063, -0.00085452, 0.45481735
0.0944125, 0.18828762
0.00022948, 0.24689563, 0.01260027
-0.50956756, -0.04065065, 0.85943174
0.69951248, 0.24198759
0.0001637, 0.27444112, 0.01363165
-0.47083956, 0.17090365, 0.8654744
0.79771256, 0.24048758
0.00029742, 0.21988271, 0.01115336
-0.4915311, -0.02615436, 0.87044895
0.55561256, 0.23118758
-0.00035151, 0.09954268, 0.00923414
-0.87618643, -0.00219733, 0.48194832
0.23521249, 0.2197876
0.00050543, 0.07584044, 0.01023942
-0.43324077, 0.00210578, 0.90124208
0.0973125, 0.17978752
0.00029468, 0.24689578, 0.0126008
0.49598682, -0.03854488, 0.86742759
0.7003125, 0.24408758
0.0002289, 0.27444124, 0.01363216
0.45646533, 0.1727958, 0.87276834
0.79901254, 0.24248755
0.0001637, 0.27444112, 0.01363165
-0.47083956, 0.17090365, 0.8654744
0.79911256, 0.24248755
0.00022948, 0.24689563, 0.01260027
-0.50956756, -0.04065065, 0.85943174
0.70041251, 0.24408758
0.00045637, 0.09964316, 0.01014565
-0.41557056, -0.00463881, 0.90954316
0.23811249, 0.2111876
0.00057064, 0.07584058, 0.01023993
0.41889706, 0.00387585, 0.9079867
0.0975125, 0.17968762
0.0011217, 0.24674617, 0.01115455
0.93679619, -0.01406903, 0.34952849
0.69841254, 0.25228751
0.00105513, 0.27430746, 0.01228111
0.92022461, 0.07824945, 0.38343456
0.7973125, 0.25038755
0.00134415, 0.09954623, 0.00924752
0.86846524, 0.00143437, 0.49571216
0.2347125, 0.22418761
0.00052157, 0.09964329, 0.01014617
0.40110478, -0.00292978, 0.91601306
0.2367125, 0.21598756
0.00057064, 0.07584058, 0.01023993
0.41889706, 0.00387585, 0.9079867
0.09541249, 0.18678761
0.00129903, 0.24669798, 0.0102366
0.99502546, -0.00204474, 0.09945982
0.69811249, 0.25728762
0.00123192, 0.27429694, 0.01142227
0.99261451, 0.02536088, 0.11841182
0.79711246, 0.25518763
0.00151877, 0.09947588, 0.00867974
0.98834193, 0.00216681, 0.15219581
0.2340125, 0.22908759
0.00139353, 0.07573248, 0.00930561
0.88326669, 0.00283822, 0.46882534
0.0934125, 0.19488752
0.00150209, 0.24506168, -0.01505968
0.99645984, 0.00482192, -0.08368175
0.69581246, 0.39388752
0.00143495, 0.27371147, -0.01415004
0.99484235, 0.02307199, -0.09848323
0.80041254, 0.3871876
0.00167306, 0.09747528, -0.01034046
0.99105805, -0.00848415, -0.13303018
0.22041251, 0.35148752
0.00156837, 0.0756276, 0.00871768
0.99111909, 0.00225837, 0.13284707
0.0925125, 0.1997875
0.00133947, 0.24501286, -0.01598148
0.95620596, 0.01098666, -0.29245886
0.69591248, 0.39848757
0.0012718, 0.27370009, -0.01501269
0.94259471, 0.07248146, -0.32590717
0.80071247, 0.39168751
0.00150773, 0.09740249, -0.01091184
0.90243232, -0.03125095, -0.4296701
0.2202125, 0.35608757
0.00171528, 0.07262725, -0.0091022
0.9899289, -0.00521867, -0.14142278
0.0734125, 0.3211875
0.00057148, 0.24484476, -0.01772102
0.96841335, 0.00924711, -0.24912259
0.69651246, 0.40688753
0.00050288, 0.27354771, -0.0166386
0.96728414, 0.05011139, -0.24863429
0.80141246, 0.39978755
0.00073445, 0.09729833, -0.01199782
0.92666399, -0.02734458, -0.37482834
0.2206125, 0.36448753
0.00155019, 0.07251994, -0.00969383
0.90304267, -0.01895199, -0.42912075
0.07291249, 0.32578754
0.0005152, 0.24483599, -0.01836012
0.67513049, 0.01974548, -0.73738825
0.62241256, 0.4095875
0.00050626, 0.24483596, -0.01836018
-0.66386914, 0.01693777, -0.74764246
0.62221253, 0.41038752
0.0004375, 0.27353978, -0.01725888
-0.63185525, 0.15243995, -0.75991088
0.69701254, 0.41658759
0.00066725, 0.09732167, -0.01239416
-0.65147865, -0.06320383, -0.75600451
0.34031248, 0.35938752
0.00067619, 0.09732167, -0.01239409
0.66374707, -0.06030457, -0.74550617
0.34051248, 0.35848761
0.00071912, 0.07242838, -0.01123489
0.53895688, -0.57826471, -0.61241496
0.2197125, 0.33718753
-0.00035619, 0.2450093, -0.01599488
-0.96725363, 0.00521867, -0.25370038
0.69561255, 0.40648758
-0.00042386, 0.27369654, -0.01502607
-0.9530015, 0.06094546, -0.29667044
0.79981256, 0.3993876
0.00037125, 0.27354741, -0.01663964
-0.96343881, 0.04608295, -0.26386303
0.80141246, 0.40818751
-0.00029681, 0.21877885, -0.01656431
-0.96105838, -0.00265511, -0.27625355
0.54561257, 0.3950876
0.00043986, 0.24484448, -0.01772207
-0.96438491, 0.00521867, -0.26438186
0.69711256, 0.41558754
0.00060284, 0.09729806, -0.01199885
-0.92049927, -0.03131199, -0.38938567
0.2234125, 0.36958754
0.00064564, 0.07240451, -0.0108236
-0.81752986, -0.44859156, -0.36106449
0.07661249, 0.3368876
-0.00014547, 0.07251639, -0.00970721
-0.89605397, -0.02270577, -0.44331187
0.0752125, 0.32788754
-0.00018793, 0.09739894, -0.01092523
-0.8966338, -0.0303354, -0.44166386
0.2220125, 0.36048758
-0.00079729, 0.28040528, 0.00897327
-0.9909665, 0.07763909, 0.10922574
0.83151257, 0.26268756
-0.0006329, 0.28040993, 0.00968135
-0.89953309, 0.19589831, 0.3904233
0.8318125, 0.25818753
0.00017327, 0.28053671, 0.01080215
-0.44892728, 0.39539781, 0.80129397
0.83441257, 0.25088751
0.0002289, 0.27444124, 0.01363216
0.45646533, 0.1727958, 0.87276834
0.79791248, 0.24038756
0.00023847, 0.28053689, 0.01080267
0.4342784, 0.39732048, 0.8084048
0.83461249, 0.25088751
0.00106276, 0.28041348, 0.00969475
0.89242226, 0.19965209, 0.40455335
0.83411252, 0.2592876
0.00023847, 0.28053689, 0.01080267
0.4342784, 0.39732048, 0.8084048
0.83591247, 0.25228751
0.00123833, 0.28040951, 0.00898934
0.98876917, 0.08178961, 0.12485122
0.83401251, 0.26348758
0.00140655, 0.27998996, -0.01221544
0.98425245, 0.12488174, -0.1249733
0.83721256, 0.3799876
0.00124217, 0.27998373, -0.01292432
0.87884152, 0.28708762, -0.38096255
0.83761251, 0.38388753
0.00047093, 0.27984118, -0.01426035
0.94476151, 0.17383343, -0.27774894
0.83821249, 0.3908875
0.00044645, 0.27353978, -0.01725881
0.64369643, 0.15472884, -0.74944305
0.69691253, 0.41578758
0.00040526, 0.27983481, -0.01484301
-0.6153447, 0.43015838, -0.66048157
0.83421254, 0.39238751
-0.00045349, 0.27998018, -0.01293771
-0.90078431, 0.25959045, -0.34803307
0.83631253, 0.39108753
0.00033932, 0.27984089, -0.01426139
-0.94100773, 0.16989654, -0.29261148
0.83801258, 0.3986876
-0.00063566, 0.28007662, -0.01142037
-0.99429303, 0.07510605, -0.07559435
0.83581257, 0.38688755
-0.00040197, 0.28651059, 0.00636316
-0.9760735, 0.18106632, 0.12027345
0.86941254, 0.28448761
-0.00030819, 0.28654578, -0.00552914
-0.9891659, 0.13071078, -0.06659139
0.87321258, 0.35688758
-0.00030018, 0.28650385, 0.00680732
-0.86626792, 0.33768731, 0.36814478
0.86951256, 0.28168762
0.00019897, 0.28661221, 0.00750846
-0.41758478, 0.56505018, 0.71153903
0.87141252, 0.27708757
0.00023935, 0.28661227, 0.00750878
0.40421766, 0.56663716, 0.71797848
0.87151253, 0.27708757
0.00074995, 0.28650603, 0.00681561
0.85891294, 0.34128848, 0.38175604
0.87151253, 0.28118753
0.00023935, 0.28661227, 0.00750878
0.40421766, 0.56663716, 0.71797848
0.87281251, 0.27678764
0.0008587, 0.28651321, 0.0063731
0.97329628, 0.18515579, 0.13565478
0.87151253, 0.28378761
0.00095249, 0.28654844, -0.00551918
0.98953217, 0.13516648, -0.05020295
0.87471247, 0.35168755
0.00085669, 0.2863785, -0.00667546
0.86532182, 0.39487898, -0.30863369
0.87501252, 0.35418761
0.00037921, 0.28625131, -0.00751171
0.9047212, 0.31992555, -0.28125858
0.87511253, 0.35848761
0.00041421, 0.27983481, -0.01484294
0.624897, 0.43205053, -0.65022737
0.83831251, 0.40218759
0.00034029, 0.28624499, -0.00809414
-0.66365552, 0.55693227, -0.49934384
0.87461257, 0.3677876
-0.00019345, 0.28637633, -0.00668376
-0.8649556, 0.38554034, -0.32114628
0.87361252, 0.35958755
0.0002977, 0.28625113, -0.00751235
-0.90148628, 0.31617177, -0.29551074
0.87441254, 0.3642875
4.163e-05, 0.29058999, 0.00232847
-0.96990877, 0.20850246, 0.12552263
0.89591253, 0.30868757
7.562e-05, 0.29057026, 0.00247234
-0.85320598, 0.40055543, 0.33396405
0.89581251, 0.30778754
0.00024195, 0.29065761, 0.00269609
-0.44523454, 0.66661578, 0.59776604
0.89671254, 0.30628753
0.00025539, 0.29065764, 0.0026962
0.43263039, 0.66856897, 0.60478532
0.89681256, 0.30628753
0.0004256, 0.29057097, 0.0024751
0.84609514, 0.40375987, 0.34794152
0.89731252, 0.30548751
0.00025539, 0.29065764, 0.0026962
0.43263039, 0.66856897, 0.60478532
0.89801252, 0.30408752
0.00046178, 0.29059088, 0.00233178
0.96771139, 0.20950957, 0.14001893
0.89741254, 0.30638754
0.00049135, 0.29097039, -0.00151597
0.96578872, 0.24045533, -0.0969573
0.90061247, 0.3282876
0.00045738, 0.29097879, -0.00165962
0.69243449, 0.59584337, -0.40681174
0.90071249, 0.3290875
0.0002983, 0.29086506, -0.00192552
0.85128331, 0.41074863, -0.32642597
0.90041256, 0.33048749
0.00028841, 0.29085085, -0.00250765
-0.67809075, 0.59334087, -0.43369853
0.89951253, 0.33798754
0.0001074, 0.29097807, -0.00166239
-0.68117315, 0.60179448, -0.41688284
0.89951253, 0.33298755
0.00027113, 0.29086503, -0.00192574
-0.84789574, 0.40775782, -0.33878598
0.8993125, 0.33448756
7.12e-05, 0.29096949, -0.00151929
-0.96472061, 0.2380749, -0.11218604
0.8993125, 0.33208752
0.00020944, 0.29214856, 0.00112062
-0.39118627, 0.70860928, 0.58720666
0.90591252, 0.31588757
0.00021746, 0.29212335, 0.00113816
-0.44526505, 0.59642321, 0.66783655
0.90571249, 0.31578755
0.00029833, 0.29212353, 0.0011388
0.3625904, 0.63618886, 0.68099004
0.90701246, 0.31298757
0.00030653, 0.29214877, 0.00112139
0.37925351, 0.71379739, 0.58876306
0.9072125, 0.31308758
0.00026961, 0.29252371, 0.00066853
0.53019804, 0.7347331, 0.42310861
0.90961254, 0.31558752
0.00026826, 0.29253474, 0.00064915
0.92577899, 0.35496077, 0.12994781
0.90961254, 0.31568754
0.00026428, 0.29255787, 0.00061201
0.57603687, 0.80620748, 0.13480026
0.90981257, 0.31598759
0.00026567, 0.29244924, 4.089e-05
-0.66048157, 0.69704276, -0.27903074
0.90811253, 0.32248759
0.00025354, 0.29253471, 0.00064904
-0.93380535, 0.34391308, 0.09836116
0.90841258, 0.31878757
0.00025194, 0.29252368, 0.00066839
-0.54112369, 0.73311561, 0.41190833
0.90831256, 0.31858754
0.00063416, 0.12967895, -0.01620857
0.6598407, -0.05340739, -0.74947357
0.38331249, 0.38408756
0.00057213, 0.21872687, -0.01865051
0.66945404, -0.00488296, -0.74278998
0.5459125, 0.39978755
0.00077726, 0.07240479, -0.01082257
0.82497633, -0.4451735, -0.34809411
0.0733125, 0.33418751
0.00071912, 0.07242838, -0.01123489
0.53895688, -0.57826471, -0.61241496
0.0734125, 0.33748758
0.00077726, 0.07240479, -0.01082257
0.82497633, -0.4451735, -0.34809411
0.0787125, 0.33088756
0.00064564, 0.07240451, -0.0108236
-0.81752986, -0.44859156, -0.36106449
0.07641249, 0.33088756
0.00071018, 0.07242835, -0.01123496
-0.52668846, -0.5807367, -0.62074649
0.0775125, 0.3405875
0.00066725, 0.09732167, -0.01239416
-0.65147865, -0.06320383, -0.75600451
0.2237125, 0.37308753
0.00071018, 0.07242835, -0.01123496
-0.52668846, -0.5807367, -0.62074649
0.0769125, 0.3404876
0.00062522, 0.12967893, -0.01620864
-0.6481216, -0.0553911, -0.75951415
0.3855125, 0.39068758
0.00050626, 0.24483596, -0.01836018
-0.66386914, 0.01693777, -0.74764246
0.69741249, 0.41908753
0.00056319, 0.21872684, -0.01865058
-0.65761286, -0.0069277, -0.75328839
0.54741251, 0.40768754
0.0004375, 0.27353978, -0.01725888
-0.63185525, 0.15243995, -0.75991088
0.80171251, 0.41168749
0.000258, 0.29255787, 0.00061196
-0.60023803, 0.790582, 0.121189
0.90861249, 0.31898761
0.00029026, 0.29085088, -0.00250762
0.67830437, 0.59978026, -0.42439041
0.90051258, 0.33378756
0.00026609, 0.29244924, 4.089e-05
0.65883356, 0.70128483, -0.27219459
0.90931249, 0.31918752
0.00034583, 0.28624505, -0.00809411
0.66304511, 0.56382948, -0.49235511
0.87521255, 0.36178756
0.00041421, 0.27983481, -0.01484294
0.624897, 0.43205053, -0.65022737
0.83841252, 0.39408755
0.00044645, 0.27353978, -0.01725881
0.64369643, 0.15472884, -0.74944305
0.80151248, 0.4030875
0.0005152, 0.24483599, -0.01836012
0.67513049, 0.01974548, -0.73738825
0.69661248, 0.4101876
0.00045637, 0.09964316, 0.01014565
-0.41557056, -0.00463881, 0.90954316
0.23681252, 0.21598756
0.00069152, 0.12965339, -0.01569787
0.95452744, -0.02026429, -0.29740289
0.38321248, 0.38078749
0.00067619, 0.09732167, -0.01239409
0.66374707, -0.06030457, -0.74550617
0.34051248, 0.3585875
0.00067619, 0.09732167, -0.01239409
0.66374707, -0.06030457, -0.74550617
0.2208125, 0.3677876
-0.00367518, 0.03348858, 0.01113837
-0.95883054, 0.01788385, 0.28339487
0.57877809, 0.73744616
-0.00341546, 0.05083846, 0.01177909
-0.95852536, 0.01919614, 0.28427991
0.39570463, 0.72303033
-0.00412173, 0.05112068, -0.0093235
-0.97576833, 0.01559496, -0.21814631
0.39570463, 0.91267684
0.00399661, 0.03359, 0.01142312
0.97170937, -0.00830103, 0.23593859
0.57564098, 0.73692331
0.00331374, 0.03386289, -0.00898004
0.96035647, -0.00262459, -0.2786645
0.57974917, 0.92305923
0.00355005, 0.05122211, -0.00903874
0.9632557, -0.0110477, -0.26831874
0.39518178, 0.91506702
0.00133234, 0.0393182, 0.01288907
0.06073184, -0.02240059, 0.99789423
0.52910697, 0.69524434
0.00142088, 0.0451007, 0.0131614
0.06476028, -0.0723899, 0.99526966
0.46987519, 0.69061342
-0.00065843, 0.04507321, 0.01308422
-0.13476974, -0.06863613, 0.988464
0.46890417, 0.70853981
-0.00108935, -0.00051502, 0.00823483
-0.21378216, -0.9753105, 0.05493332
0.84976572, 0.77068469
-0.00160828, -0.00030762, -0.00726985
-0.21265298, -0.97500533, -0.06418043
0.84976572, 0.91058543
-0.00024613, -0.00028964, -0.00721929
0.23599963, -0.96838284, -0.08059938
0.85910243, 0.91058543
-0.00161491, 0.03381965, -0.0107476
-0.05835139, 0.04370251, -0.99731439
0.49146158, 0.9492766
0.0004644, 0.03384712, -0.01067042
0.12897122, 0.03955199, -0.99084443
0.49161094, 0.93769914
2.679e-05, 0.00815801, -0.0131952
0.13742484, -0.10464797, -0.98495436
0.29322532, 0.93874484
-0.00369882, 0.03378662, -0.01042879
-0.57554859, 0.04489273, -0.81652272
0.58184057, 0.93127549
-0.00435806, 0.03376146, -0.00926477
-0.97277749, 0.02481155, -0.23038423
0.57877809, 0.9208184
-0.00397854, 0.00774581, 0.01262443
-0.95544297, -0.06079287, 0.28882718
0.76192629, 0.73154536
-0.00309159, 0.02061197, 0.01298919
-0.57081819, 0.05710013, 0.81905574
0.67341465, 0.72295561
0.00425634, 0.0509399, 0.01206383
0.97177041, -0.00595111, 0.23572497
0.39092425, 0.72265685
0.00341575, 0.03935142, 0.01255556
0.53041172, -0.02990814, 0.84719384
0.5170067, 0.72049072
0.00257485, 0.03386955, -0.01019594
0.59102148, 0.02487259, -0.806238
0.49116278, 0.92574818
0.00331374, 0.03386289, -0.00898004
0.96035647, -0.00262459, -0.2786645
0.48944485, 0.92111719
0.00288205, 0.00817139, -0.01132853
0.95440537, -0.0794702, -0.28763697
0.29076043, 0.92216289
-0.00369882, 0.03378662, -0.01042879
-0.57554859, 0.04489273, -0.81652272
0.49063993, 0.96077939
-0.00346693, 0.05114761, -0.01061971
-0.59257787, 0.01477096, -0.80535293
0.6274035, 0.96115286
-0.00316633, 0.01417583, 0.01339374
-0.58601642, 0.06503494, 0.80764186
0.71920168, 0.721163
-0.00105475, 0.0141978, 0.01390129
-0.1366924, 0.07803583, 0.98751795
0.72831428, 0.71645728
0.0035038, 0.04513412, 0.01281321
0.55214089, -0.06057924, 0.83150733
0.45538467, 0.71533692
0.00142088, 0.0451007, 0.0131614
0.06476028, -0.0723899, 0.99526966
0.46472132, 0.71010837
0.00213873, 0.00817984, -0.01267665
0.5872677, -0.10251167, -0.80285043
0.29270244, 0.92679389
-0.00279442, 0.00042333, 0.00873665
-0.76796776, -0.62193668, 0.15286721
0.82071006, 0.7685186
-0.00335015, 0.0006454, -0.00786816
-0.76946318, -0.62623984, -0.12533952
0.82071006, 0.91775599
-0.00247467, 5.618e-05, -0.00738815
-0.45774713, -0.88393813, -0.09518723
0.82877696, 0.91357315
-0.00293975, 0.00066335, -0.00875762
-0.43690297, -0.74233222, -0.50791955
0.82265198, 0.92574818
-0.00223288, 6.64e-05, -0.00788704
-0.26828822, -0.89153719, -0.36487931
0.82989728, 0.91805476
-0.00162765, 0.00068487, -0.00901047
-0.03912473, -0.757622, -0.65147865
0.82840347, 0.92791431
-0.00146213, 7.892e-05, -0.00802772
-0.02700888, -0.8443861, -0.53501999
0.83325851, 0.91924986
-0.00031673, 0.00070221, -0.00896182
0.10458693, -0.75350201, -0.64903712
0.85768324, 0.91745721
-0.00043313, 9.252e-05, -0.00798953
0.08825953, -0.83999145, -0.53535569
0.85693634, 0.91260216
-0.00146213, 7.892e-05, -0.00802772
-0.02700888, -0.8443861, -0.53501999
0.85193181, 0.91260216
-0.00031673, 0.00070221, -0.00896182
0.10458693, -0.75350201, -0.64903712
0.83161521, 0.92910939
0.00101558, 0.00071564, -0.0086108
0.46357617, -0.72438735, -0.51020843
0.8255651, 0.92716736
0.00034896, 0.00010052, -0.00779119
0.30957976, -0.87447739, -0.37336344
0.83273566, 0.91917518
0.00148663, 0.00070934, -0.00768864
0.76561785, -0.62129581, -0.16669209
0.82339895, 0.91917518
0.00062479, 9.715e-05, -0.00727311
0.4737083, -0.87206638, -0.12277596
0.83154052, 0.91469356
0.00204238, 0.00048728, 0.00891616
0.76668602, -0.63335061, 0.10501419
0.82011247, 0.76769695
0.0011499, -0.00011268, 0.00841621
0.47080904, -0.87948239, 0.06930754
0.82840347, 0.77158102
0.00163196, 0.00046935, 0.0098056
0.4440138, -0.75673693, 0.47975096
0.82190514, 0.75918192
0.00090809, -0.00012289, 0.0089151
0.28669089, -0.8971526, 0.33594775
0.82944918, 0.76680067
0.00031986, 0.00044781, 0.01005846
0.05914487, -0.77663505, 0.62715536
0.82780588, 0.75559667
0.00013734, -0.00013543, 0.00905577
0.05008087, -0.85921812, 0.5091098
0.83288503, 0.76478392
-0.00099107, 0.00043049, 0.0100098
-0.08450575, -0.77312541, 0.62855923
0.82183039, 0.76209494
-0.00089164, -0.00014903, 0.00901759
-0.0651265, -0.85622728, 0.51246679
0.82743239, 0.76844391
0.00013734, -0.00013543, 0.00905577
0.05008087, -0.85921812, 0.5091098
0.8328104, 0.76441047
-0.00099107, 0.00043049, 0.0100098
-0.08450575, -0.77312541, 0.62855923
0.82810462, 0.75821093
-0.00232337, 0.00041705, 0.0096588
-0.45542771, -0.73937196, 0.49586475
0.82063532, 0.76269251
-0.00167375, -0.00015705, 0.00881927
-0.29108554, -0.8894009, 0.35236672
0.82690954, 0.76650187
-0.00194957, -0.00015368, 0.00830118
-0.46046329, -0.88195443, 0.10040589
0.82877696, 0.77255203
-0.00167375, -0.00015705, 0.00881927
-0.29108554, -0.8894009, 0.35236672
0.82989728, 0.76792106
-0.00194957, -0.00015368, 0.00830118
-0.46046329, -0.88195443, 0.10040589
0.84379029, 0.76986307
-0.00247467, 5.618e-05, -0.00738815
-0.45774713, -0.88393813, -0.09518723
0.84379029, 0.91148174
-0.00223288, 6.64e-05, -0.00788704
-0.26828822, -0.89153719, -0.36487931
0.8455829, 0.91603804
-0.00153644, -0.00030459, -0.00741807
-0.13016145, -0.9549852, -0.26648763
0.85028857, 0.91200459
-0.00146213, 7.892e-05, -0.00802772
-0.02700888, -0.8443861, -0.53501999
0.85088611, 0.91760659
-0.00130747, -0.0003009, -0.00745985
-0.00497452, -0.9499191, -0.31241798
0.85185719, 0.91245277
-0.00043313, 9.252e-05, -0.00798953
0.08825953, -0.83999145, -0.53535569
0.85798204, 0.91760659
-0.0005604, -0.000291, -0.00743213
0.05429243, -0.9485153, -0.31196019
0.85701096, 0.91245277
0.00034896, 0.00010052, -0.00779119
0.30957976, -0.87447739, -0.37336344
0.86328524, 0.91603804
-0.00032806, -0.00028864, -0.00737323
0.16608173, -0.94918668, -0.26718956
0.85857952, 0.91200459
0.00062479, 9.715e-05, -0.00727311
0.4737083, -0.87206638, -0.12277596
0.86507785, 0.91148174
0.0011499, -0.00011268, 0.00841621
0.47080904, -0.87948239, 0.06930754
0.86507785, 0.76986307
0.0002728, -0.000497, 0.00828538
0.23471786, -0.97137362, 0.03628651
0.85910243, 0.77068469
0.00090809, -0.00012289, 0.0089151
0.28669089, -0.8971526, 0.33594775
0.86328524, 0.76530677
0.00020097, -0.00050004, 0.00843359
0.15341654, -0.95904416, 0.23804438
0.85857952, 0.76934022
0.00013734, -0.00013543, 0.00905577
0.05008087, -0.85921812, 0.5091098
0.85798204, 0.76373821
-2.801e-05, -0.00050375, 0.00847537
0.03039644, -0.95803702, 0.28492081
0.85701096, 0.76889208
-0.00089164, -0.00014903, 0.00901759
-0.0651265, -0.85622728, 0.51246679
0.85088611, 0.76373821
-0.00077507, -0.00051364, 0.00844765
-0.02880947, -0.95791495, 0.28550065
0.85185719, 0.76889208
-0.00167375, -0.00015705, 0.00881927
-0.29108554, -0.8894009, 0.35236672
0.8455829, 0.76530677
-0.0010074, -0.000516, 0.00838874
-0.14261299, -0.95974606, 0.24185918
0.85028857, 0.76934022
-0.00333295, 0.05670572, 0.0118373
-0.95587021, 0.01272622, 0.29340494
0.35387632, 0.72078952
-0.00406601, 0.05492539, -0.00921953
-0.97775203, 0.00994903, -0.20944853
0.36859095, 0.91066012
-0.00267214, 0.05083003, 0.0131272
-0.5904721, 0.04104739, 0.80599385
0.39876705, 0.71085528
-0.00264963, 0.05383608, 0.01256994
-0.55241555, 0.00137333, 0.83355206
0.37740475, 0.70973489
-0.00053741, 0.05387945, 0.01308802
-0.13995789, -0.00778222, 0.99011201
0.38636795, 0.7049545
0.0015191, 0.05087934, 0.01372294
0.06631672, 0.04174932, 0.99691761
0.41056862, 0.68590769
0.00154189, 0.05390693, 0.0131652
0.06772057, -0.010712, 0.99761957
0.38913161, 0.6834428
-0.00053741, 0.05387945, 0.01308802
-0.13995789, -0.00778222, 0.99011201
0.38786182, 0.70136926
0.00360153, 0.05091295, 0.01336006
0.57777643, 0.02957243, 0.81563771
0.39383727, 0.71010837
0.00362404, 0.05391903, 0.01280279
0.52552873, -0.01675466, 0.85058135
0.3723256, 0.70906267
0.00154189, 0.05390693, 0.0131652
0.06772057, -0.010712, 0.99761957
0.3814382, 0.70375943
0.00368571, 0.05690946, 0.01341541
0.57078767, -0.00787378, 0.82103944
0.35073924, 0.70794225
0.00433884, 0.05680715, 0.01212206
0.96938992, -0.01315348, 0.24512467
0.3487972, 0.72041607
0.00360579, 0.0550268, -0.00893479
0.96542251, -0.01660207, -0.26004821
0.36784399, 0.91312501
0.00280675, 0.05123053, -0.01038686
0.60554826, -0.00103763, -0.79577011
0.39854297, 0.92671919
0.00286079, 0.054906, -0.01028004
0.61329997, -0.01776177, -0.7896359
0.37217623, 0.92470247
0.00280675, 0.05123053, -0.01038686
0.60554826, -0.00103763, -0.79577011
0.62792635, 0.92612165
0.00069481, 0.05120872, -0.01090543
0.13776055, 0.00662252, -0.99041718
0.6284492, 0.9380726
0.0007483, 0.05484111, -0.01079765
0.13904233, -0.013184, -0.99017304
0.6568327, 0.9380726
-0.00138448, 0.05118124, -0.01098261
-0.06762902, 0.00888089, -0.99765009
0.62829983, 0.94972477
-0.00133101, 0.05481362, -0.01087482
-0.06741539, -0.01043733, -0.99765009
0.65668333, 0.94972477
-0.00341287, 0.05482307, -0.0105129
-0.60069585, -0.00112918, -0.79943234
0.65616047, 0.96115286
-0.00341287, 0.05482307, -0.0105129
-0.60069585, -0.00112918, -0.79943234
0.37254968, 0.92223759
-0.00324364, 0.06447788, 0.0113212
-0.9602344, 0.07037568, 0.27011934
0.29860324, 0.72325441
-0.00399789, 0.06064852, -0.00952966
-0.97610402, 0.03885006, -0.21366009
0.32788303, 0.91178052
-0.00258796, 0.05682651, 0.01318255
-0.58354443, 0.00454726, 0.81203651
0.35604244, 0.70868918
-0.00256003, 0.06078373, 0.01239863
-0.55369729, 0.0621662, 0.83037812
0.32795772, 0.70988429
-0.00044731, 0.06087002, 0.01291409
-0.14038515, 0.0659505, 0.98788416
0.33662218, 0.70510393
0.00160383, 0.05691889, 0.01377734
0.06698813, -0.00244148, 0.99774164
0.36769462, 0.68097797
0.00163199, 0.06089752, 0.01299127
0.06692709, 0.06405835, 0.99566638
0.33609933, 0.68299466
-0.00044731, 0.06087002, 0.01291409
-0.14038515, 0.0659505, 0.98788416
0.33721972, 0.70077172
0.00371365, 0.06086666, 0.01263149
0.52830589, 0.04919584, 0.84759057
0.32250512, 0.70928672
0.00163199, 0.06089752, 0.01299127
0.06692709, 0.06405835, 0.99566638
0.33139363, 0.70398352
0.00377635, 0.06480999, 0.01288639
0.58717614, 0.04492325, 0.80819118
0.29427102, 0.71055651
0.00442816, 0.06457931, 0.01160594
0.97363198, 0.02581866, 0.22659993
0.29322532, 0.72295561
0.00367391, 0.06074993, -0.00924491
0.96533096, -0.01037629, -0.26078066
0.32683733, 0.9143201
0.00292759, 0.06050078, -0.01057726
0.6184271, -0.06860561, -0.78279978
0.33206588, 0.92589758
0.00286079, 0.054906, -0.01028004
0.61329997, -0.01776177, -0.7896359
0.65668333, 0.92612165
0.00081465, 0.06039307, -0.01109055
0.1408124, -0.09518723, -0.9854427
0.70090181, 0.93837137
-0.00126464, 0.06036558, -0.01116773
-0.0684225, -0.0921659, -0.99337751
0.70075244, 0.94994884
-0.00334608, 0.06041785, -0.01081011
-0.6093936, -0.04062014, -0.7918027
0.70060301, 0.96137692
-0.00334608, 0.06041785, -0.01081011
-0.6093936, -0.04062014, -0.7918027
0.3327381, 0.92335801
-0.00210501, 0.07529628, 0.00971392
-0.95168918, 0.21414839, 0.21997741
0.21606702, 0.7345331
-0.00275177, 0.07146832, -0.0111308
-0.95425278, 0.15091403, -0.25806451
0.24527216, 0.92305923
-0.00249731, 0.06472705, 0.01265354
-0.60319835, 0.06982635, 0.79448837
0.29987302, 0.71115407
-0.00135869, 0.07554545, 0.01104627
-0.71022677, 0.23499252, 0.66356397
0.21726215, 0.72243276
-0.00038438, 0.06483475, 0.01316686
-0.14242989, 0.04721214, 0.9886471
0.30838805, 0.70637369
-0.00027968, 0.07645828, 0.01153662
-0.25623339, 0.62755209, 0.73516035
0.22577718, 0.71765241
0.00169492, 0.06486224, 0.01324402
0.06933805, 0.04202399, 0.99670398
0.30450404, 0.68501142
0.00179961, 0.07648576, 0.0116138
0.13794366, 0.64949495, 0.74773401
0.21382624, 0.69524434
-0.00027968, 0.07645828, 0.01153662
-0.25623339, 0.62755209, 0.73516035
0.21621644, 0.7130214
0.00169492, 0.06486224, 0.01324402
0.06933805, 0.04202399, 0.99670398
0.30293545, 0.70525327
0.00325301, 0.07593004, 0.01122482
0.63985109, 0.41236609, 0.64845729
0.21136135, 0.72220871
0.00390481, 0.07569934, 0.00994437
0.91470075, 0.38297677, 0.1289407
0.21031564, 0.73460782
0.00315056, 0.07187001, -0.01090648
0.89251381, 0.32523575, -0.31235695
0.24392766, 0.92597227
0.00240425, 0.07162079, -0.01223883
0.60213017, 0.22476882, -0.76607561
0.24915621, 0.93747504
0.00091935, 0.07201661, -0.01272077
0.15961181, 0.41572315, -0.89535201
0.79464203, 0.93949176
0.00240425, 0.07162079, -0.01223883
0.60213017, 0.22476882, -0.76607561
0.7947914, 0.92754082
-0.00115995, 0.07198913, -0.01279795
-0.18353832, 0.40714744, -0.89471114
0.79441798, 0.95106924
-0.00209996, 0.07123764, -0.01241126
-0.6380505, 0.07525864, -0.76625872
0.79426855, 0.96257201
-0.00210501, 0.07529628, 0.00971392
-0.95168918, 0.21414839, 0.21997741
0.19358432, 0.74357098
-0.00176096, 0.07645864, 0.00960896
-0.63774532, 0.76827294, 0.05444502
0.18439701, 0.74581179
-0.00250513, 0.07268044, -0.01096334
-0.65559864, 0.71349221, -0.24707785
0.21718743, 0.93179835
-0.00135869, 0.07554545, 0.01104627
-0.71022677, 0.23499252, 0.66356397
0.18678722, 0.73259106
-0.0013227, 0.07660496, 0.01039134
-0.50770593, 0.82177192, 0.25861385
0.1803636, 0.7393882
-0.00027968, 0.07645828, 0.01153662
-0.25623339, 0.62755209, 0.73516035
0.17192325, 0.73109722
-8.193e-05, 0.0766682, 0.01069276
-0.03537095, 0.99865717, 0.03714103
0.17162448, 0.73856655
0.00179961, 0.07648576, 0.0116138
0.13794366, 0.64949495, 0.74773401
0.15788087, 0.73356211
0.0015502, 0.07668978, 0.01075334
0.00485244, 0.9992981, 0.03692739
0.16064456, 0.74050859
0.00325301, 0.07593004, 0.01122482
0.63985109, 0.41236609, 0.64845729
0.14443606, 0.74006039
0.00277246, 0.0766591, 0.01054334
0.34018981, 0.9276101, 0.15424055
0.15272704, 0.74424326
0.00390481, 0.07569934, 0.00994437
0.91470075, 0.38297677, 0.1289407
0.14174709, 0.75268358
0.00315522, 0.07652364, 0.00979142
0.45033112, 0.89144564, -0.04986724
0.15115848, 0.75171259
0.00315056, 0.07187001, -0.01090648
0.89251381, 0.32523575, -0.31235695
0.17498568, 0.94113502
0.00241104, 0.07274543, -0.01078087
0.42713705, 0.86159855, -0.2741783
0.18394887, 0.93762443
0.00240425, 0.07162079, -0.01223883
0.60213017, 0.22476882, -0.76607561
0.18178275, 0.95211494
0.00197279, 0.07259908, -0.01156325
0.31067842, 0.84554583, -0.43412581
0.18798232, 0.94412277
0.00091935, 0.07201661, -0.01272077
0.15961181, 0.41572315, -0.89535201
0.19664675, 0.95360881
0.00073202, 0.07253587, -0.01186468
0.01980651, 0.9319132, -0.3620716
0.19672146, 0.94494439
-0.00115995, 0.07198913, -0.01279795
-0.18353832, 0.40714744, -0.89471114
0.2106891, 0.95114392
-0.00090011, 0.07251428, -0.01192526
-0.01602222, 0.93215734, -0.36161381
0.20770139, 0.94300235
-0.00209996, 0.07123764, -0.01241126
-0.6380505, 0.07525864, -0.76625872
0.22413391, 0.94464562
-0.00212237, 0.07254498, -0.01171524
-0.4821009, 0.73067415, -0.48335215
0.21561888, 0.93919298
-0.00275177, 0.07146832, -0.0111308
-0.95425278, 0.15091403, -0.25806451
0.22682288, 0.93202242
0.00369326, 0.00784723, 0.01290916
0.96679586, -0.08856472, 0.23966186
0.75990957, 0.73057437
0.00288205, 0.00817139, -0.01132853
0.95440537, -0.0794702, -0.28763697
0.76476467, 0.95166678
0.00109891, 0.02066158, 0.01356288
0.06173895, 0.06323435, 0.99606311
0.68603784, 0.69823211
0.00117327, 0.02709786, 0.0131473
0.05938902, 0.04983672, 0.99697864
0.63718837, 0.69912845
-0.00090603, 0.02707037, 0.01307012
-0.13150425, 0.05182043, 0.9899289
0.63539571, 0.71653199
-0.00478975, 0.00806998, -0.01161327
-0.96877956, -0.05798517, -0.24094363
0.76192629, 0.9493513
-0.00293629, 0.0334819, 0.01235428
-0.58537555, 0.02481155, 0.81035799
0.58184057, 0.72654092
-0.00285791, 0.03926848, 0.01232272
-0.55119479, -0.01315348, 0.83425397
0.52081603, 0.72131237
0.00318207, 0.02069491, 0.01322203
0.55214089, 0.04480117, 0.83251441
0.67065096, 0.72183523
0.00310735, 0.01425878, 0.0136266
0.56941438, 0.05301065, 0.82030702
0.71673679, 0.71996787
0.00257485, 0.03386955, -0.01019594
0.59102148, 0.02487259, -0.806238
0.58311033, 0.93344159
-0.00205251, 0.00813052, -0.01327237
-0.06591998, -0.10391553, -0.99237037
0.29307592, 0.950397
-0.00413494, 0.0080969, -0.01290947
-0.574633, -0.0954619, -0.81279945
0.29217958, 0.96182509
-0.00276987, 0.04505119, 0.01258036
-0.56984162, -0.04187139, 0.82067323
0.45979157, 0.71608385
-0.00074697, 0.0392907, 0.0128119
-0.13238929, -0.01947081, 0.99099702
0.52992862, 0.71675608
0.00117327, 0.02709786, 0.0131473
0.05938902, 0.04983672, 0.99697864
0.63397658, 0.7187728
0.00109891, 0.02066158, 0.01356288
0.06173895, 0.06323435, 0.99606311
0.67998767, 0.71675608
-0.00443853, 0.00408736, -0.01050049
-0.92849511, -0.29770806, -0.22190008
0.79180366, 0.94046278
-0.00413494, 0.0080969, -0.01290947
-0.574633, -0.0954619, -0.81279945
0.76498872, 0.96092876
-0.0038467, 0.00411169, -0.01167202
-0.53032017, -0.45008698, -0.71843624
0.79456735, 0.95099454
-0.00196457, 0.00414208, -0.01200002
-0.05349895, -0.48518327, -0.87276834
0.25991207, 0.94897783
-8.527e-05, 0.00416691, -0.01193026
0.12640767, -0.48100224, -0.86751914
0.26006144, 0.93852074
0.00182352, 0.00418663, -0.01146157
0.54808193, -0.43943602, -0.71163058
0.25961328, 0.92769021
0.00249532, 0.00417903, -0.01024314
0.91485333, -0.30402538, -0.26563311
0.25782067, 0.92350738
0.00322851, 0.00388603, 0.01166319
0.92300183, -0.3233436, 0.20850246
0.79030979, 0.74267471
0.00303844, 0.00782032, 0.01420539
0.57350385, -0.1233253, 0.80983919
0.76282263, 0.71810055
0.00263668, 0.00386169, 0.01283473
0.53215122, -0.47990355, 0.69747001
0.79292405, 0.73139599
0.00095601, 0.00778669, 0.01456828
0.06909391, -0.12479018, 0.9897458
0.77208459, 0.71279731
0.00075455, 0.00383131, 0.01316271
0.06610309, -0.51353496, 0.85549486
0.80136442, 0.72661564
-0.0011233, 0.00775923, 0.0144911
-0.13464767, -0.12088381, 0.983459
0.77537113, 0.71242383
-0.00112475, 0.00380647, 0.01309297
-0.113773, -0.50688195, 0.8544572
0.80151379, 0.72527114
0.00075455, 0.00383131, 0.01316271
0.06610309, -0.51353496, 0.85549486
0.80913258, 0.71092999
-0.00323522, 0.00773738, 0.01397255
-0.58561969, -0.10574663, 0.80361336
0.76498872, 0.71937037
-0.00303354, 0.00378674, 0.01262428
-0.5449385, -0.45405439, 0.7048555
0.79456735, 0.73266578
-0.00112475, 0.00380647, 0.01309297
-0.113773, -0.50688195, 0.8544572
0.80278361, 0.72833356
-0.00370536, 0.00379436, 0.01140583
-0.9193396, -0.29361859, 0.26178777
0.79180366, 0.7436457
-0.00162765, 0.00068487, -0.00901047
-0.03912473, -0.757622, -0.65147865
0.22846612, 0.94561664
-0.00293975, 0.00066335, -0.00875762
-0.43690297, -0.74233222, -0.50791955
0.22786859, 0.95278718
-0.00031673, 0.00070221, -0.00896182
0.10458693, -0.75350201, -0.64903712
0.22861552, 0.93829667
0.00101558, 0.00071564, -0.0086108
0.46357617, -0.72438735, -0.51020843
0.22824207, 0.93075264
0.00148663, 0.00070934, -0.00768864
0.76561785, -0.62129581, -0.16669209
0.22689757, 0.92776491
0.00249532, 0.00417903, -0.01024314
0.91485333, -0.30402538, -0.26563311
0.79471672, 0.9424795
-0.00112475, 0.00380647, 0.01309297
-0.113773, -0.50688195, 0.8544572
0.80226076, 0.74655873
0.00031986, 0.00044781, 0.01005846
0.05914487, -0.77663505, 0.62715536
0.82870221, 0.75701579
-0.00232337, 0.00041705, 0.0096588
-0.45542771, -0.73937196, 0.49586475
0.82265198, 0.76022762
-0.00099107, 0.00043049, 0.0100098
-0.08450575, -0.77312541, 0.62855923
0.82840347, 0.75701579
-0.00047547, 0.05689142, 0.01370017
-0.13617359, -6.104e-05, 0.99066132
0.36485624, 0.70383409
-0.00047547, 0.05689142, 0.01370017
-0.13617359, -6.104e-05, 0.99066132
0.36679828, 0.69890437
0.00160383, 0.05691889, 0.01377734
0.06698813, -0.00244148, 0.99774164
0.35977709, 0.70263904
-0.00038438, 0.06483475, 0.01316686
-0.14242989, 0.04721214, 0.9886471
0.30764115, 0.70271376
0.00125347, 0.03353182, 0.01290595
0.05731376, 0.01910459, 0.99816889
0.58833891, 0.69995007
-0.00074697, 0.0392907, 0.0128119
-0.13238929, -0.01947081, 0.99099702
0.52880824, 0.71324548
-0.0005602, 0.05085185, 0.01364576
-0.13730277, 0.04330577, 0.98956269
0.40892535, 0.70383409
0.00333737, 0.03356485, 0.01258713
0.56975007, 0.0089114, 0.8217414
0.57855403, 0.72564459
0.00133234, 0.0393182, 0.01288907
0.06073184, -0.02240059, 0.99789423
0.52626866, 0.71541157
0.0015191, 0.05087934, 0.01372294
0.06631672, 0.04174932, 0.99691761
0.40309927, 0.70480514
-0.00065843, 0.04507321, 0.01308422
-0.13476974, -0.06863613, 0.988464
0.46890417, 0.71145284
-0.00082583, 0.03350433, 0.01282877
-0.12952055, 0.02221747, 0.99130225
0.59095317, 0.72213399
-0.00301686, 0.0270481, 0.01258462
-0.56096071, 0.05139317, 0.82622761
0.62762761, 0.72474828
-0.00090603, 0.02707037, 0.01307012
-0.13150425, 0.05182043, 0.9899289
0.63674021, 0.72026667
-0.0009804, 0.0206341, 0.0134857
-0.13385418, 0.06506546, 0.98886073
0.68252724, 0.71832463
-0.0011233, 0.00775923, 0.0144911
-0.13464767, -0.12088381, 0.983459
0.77410132, 0.71458995
0.00095601, 0.00778669, 0.01456828
0.06909391, -0.12479018, 0.9897458
0.78381145, 0.69651419
0.00102454, 0.0142253, 0.01397846
0.06405835, 0.07669301, 0.99496442
0.73496199, 0.69741046
-0.00105475, 0.0141978, 0.01390129
-0.1366924, 0.07803583, 0.98751795
0.72868776, 0.71376833
-0.0009804, 0.0206341, 0.0134857
-0.13385418, 0.06506546, 0.98886073
0.68207908, 0.71518752
-0.00082583, 0.03350433, 0.01282877
-0.12952055, 0.02221747, 0.99130225
0.58871233, 0.71795118
0.00102454, 0.0142253, 0.01397846
0.06405835, 0.07669301, 0.99496442
0.7260735, 0.71473935
0.00325681, 0.02713105, 0.01281746
0.54054385, 0.03894162, 0.84038818
0.62463987, 0.72377726
0.00125347, 0.03353182, 0.01290595
0.05731376, 0.01910459, 0.99816889
0.58789068, 0.72071484
0.00026826, 0.29253474, 0.00064915
0.92577899, 0.35496077, 0.12994781
0.90841258, 0.31868756
0.00030653, 0.29214877, 0.00112139
0.37925351, 0.71379739, 0.58876306
0.90611255, 0.31588757
0.00057213, 0.21872687, -0.01865051
0.66945404, -0.00488296, -0.74278998
0.53731251, 0.39458752
0.00052157, 0.09964329, 0.01014617
0.40110478, -0.00292978, 0.91601306
0.2383125, 0.2111876
0.00071018, 0.07242835, -0.01123496
-0.52668846, -0.5807367, -0.62074649
0.21951251, 0.33808756
0.00041421, 0.27983481, -0.01484294
0.624897, 0.43205053, -0.65022737
0.83411252, 0.3915875
0.00025911, 0.29220176, 0.00116112
0.49861142, 0.67284155, 0.54646444
0.90751255, 0.31278753
0.00071912, 0.07242838, -0.01123489
0.53895688, -0.57826471, -0.61241496
0.0776125, 0.3405875
-0.00346693, 0.05114761, -0.01061971
-0.59257787, 0.01477096, -0.80535293
0.39876705, 0.92425431
-0.00162765, 0.00068487, -0.00901047
-0.03912473, -0.757622, -0.65147865
0.85125959, 0.91745721
-0.00043313, 9.252e-05, -0.00798953
0.08825953, -0.83999145, -0.53535569
0.83632088, 0.92022088
-0.00089164, -0.00014903, 0.00901759
-0.0651265, -0.85622728, 0.51246679
0.83131647, 0.76388761
-0.0005602, 0.05085185, 0.01364576
-0.13730277, 0.04330577, 0.98956269
0.40787965, 0.70607492
0.00292759, 0.06050078, -0.01057726
0.6184271, -0.06860561, -0.78279978
0.70112586, 0.92642044
0.00179961, 0.07648576, 0.0116138
0.13794366, 0.64949495, 0.74773401
0.22002578, 0.71690547
-0.00209996, 0.07123764, -0.01241126
-0.6380505, 0.07525864, -0.76625872
0.25020191, 0.93463668
-0.0038467, 0.00411169, -0.01167202
-0.53032017, -0.45008698, -0.71843624
0.25909042, 0.9593602
0.00075455, 0.00383131, 0.01316271
0.06610309, -0.51353496, 0.85549486
0.81070113, 0.73767021
# Number of Faces:
582
# Face Data:
0, 1, 2
3, 4, 5
6, 5, 7
8, 7, 9
10, 11, 12
13, 14, 12
15, 16, 17
18, 17, 16
19, 20, 21
22, 21, 20
23, 24, 25
26, 27, 28
28, 4, 3
29, 30, 31
6, 29, 32
33, 34, 35
36, 37, 30
8, 36, 29
38, 35, 39
40, 41, 37
42, 40, 36
43, 39, 44
45, 46, 47
14, 45, 48
49, 44, 50
45, 51, 52
14, 13, 51
53, 54, 55
51, 56, 57
13, 17, 56
58, 53, 59
56, 60, 61
17, 18, 60
62, 58, 63
60, 64, 65
18, 21, 64
66, 62, 67
64, 68, 69
21, 22, 68
70, 66, 71
72, 73, 74
25, 73, 72
75, 76, 77
78, 79, 80
81, 78, 82
83, 84, 85
32, 31, 79
3, 32, 78
86, 85, 34
31, 30, 87
30, 37, 88
37, 41, 89
90, 91, 89
52, 92, 93
57, 94, 92
61, 95, 94
61, 65, 96
65, 69, 97
98, 74, 99
79, 100, 101
31, 102, 100
87, 103, 104
87, 88, 105
88, 89, 106
91, 107, 106
92, 108, 109
94, 110, 108
94, 95, 111
95, 96, 112
96, 97, 113
114, 114, 115
100, 116, 117
102, 104, 116
104, 103, 118
103, 105, 119
105, 106, 120
106, 107, 121
108, 122, 123
110, 124, 122
111, 125, 124
111, 112, 126
112, 113, 127
115, 115, 128
116, 129, 130
104, 131, 129
131, 118, 132
118, 119, 133
120, 1, 133
120, 121, 1
123, 122, 134
122, 124, 135
125, 136, 135
125, 126, 137
126, 127, 138
128, 128, 139
130, 129, 140
129, 131, 141
142, 143, 22
70, 144, 145
146, 147, 148
83, 149, 150
27, 151, 149
82, 152, 153
82, 80, 154
80, 101, 114
101, 117, 115
117, 130, 128
130, 155, 139
155, 155, 139
127, 156, 157
113, 158, 156
97, 159, 158
69, 160, 159
68, 161, 160
68, 22, 143
4, 33, 38
43, 7, 5
7, 43, 49
162, 54, 12
54, 53, 15
53, 58, 16
58, 62, 19
66, 20, 19
70, 163, 20
164, 75, 24
83, 86, 28
86, 33, 4
165, 142, 163
26, 153, 151
155, 155, 1
155, 1, 1
141, 1, 155
166, 167, 168
169, 170, 171
172, 173, 174
175, 176, 177
178, 179, 180
181, 182, 168
166, 183, 184
169, 185, 186
187, 188, 189
178, 190, 191
184, 192, 193
186, 194, 195
179, 187, 196
197, 198, 199
198, 200, 201
202, 203, 201
204, 205, 206
207, 208, 209
210, 211, 209
210, 212, 213
212, 214, 215
216, 217, 215
218, 219, 220
221, 222, 223
197, 224, 225
226, 227, 176
228, 229, 176
230, 231, 229
232, 233, 231
232, 234, 235
234, 236, 177
236, 237, 238
239, 240, 238
241, 242, 240
243, 244, 242
243, 245, 246
245, 226, 175
167, 247, 248
249, 250, 167
251, 250, 249
252, 253, 254
255, 256, 257
258, 256, 259
185, 171, 260
171, 261, 262
263, 264, 265
264, 266, 267
266, 191, 268
168, 248, 269
247, 270, 271
272, 273, 247
274, 273, 272
275, 276, 277
258, 278, 279
280, 278, 281
259, 260, 282
260, 262, 283
284, 265, 285
265, 267, 286
267, 268, 287
248, 271, 288
270, 289, 290
291, 292, 289
293, 294, 292
295, 296, 297
298, 280, 299
280, 281, 300
281, 282, 301
282, 283, 302
285, 303, 304
285, 286, 305
286, 287, 306
288, 271, 290
307, 308, 309
307, 310, 311
312, 313, 311
312, 314, 315
314, 316, 317
316, 318, 319
318, 320, 321
320, 322, 323
324, 325, 323
324, 326, 327
326, 328, 329
330, 309, 329
308, 321, 309
183, 166, 182
331, 332, 170
333, 334, 335
266, 264, 179
336, 182, 181
166, 337, 338
331, 339, 340
171, 170, 341
342, 343, 190
344, 338, 345
346, 347, 339
264, 263, 187
183, 336, 348
336, 349, 350
343, 342, 351
342, 180, 352
196, 353, 352
189, 354, 353
332, 331, 355
331, 356, 357
358, 359, 357
360, 361, 362
363, 364, 365
183, 366, 364
366, 348, 198
348, 350, 200
351, 367, 368
352, 369, 367
353, 370, 369
354, 371, 370
372, 355, 212
355, 357, 214
359, 216, 214
373, 218, 374
364, 375, 376
366, 197, 375
251, 377, 272
378, 254, 253
258, 379, 257
274, 293, 291
380, 277, 276
280, 298, 279
381, 172, 382
383, 174, 173
384, 186, 385
386, 195, 194
249, 344, 387
388, 345, 338
337, 389, 390
389, 184, 391
363, 392, 193
393, 394, 395
394, 333, 396
397, 335, 334
398, 358, 356
347, 398, 340
399, 384, 400
0, 401, 155
2, 402, 0
0, 155, 1
6, 3, 5
8, 6, 7
42, 8, 9
14, 10, 12
15, 13, 12
13, 15, 17
19, 18, 16
18, 19, 21
163, 22, 20
403, 23, 25
81, 26, 28
81, 28, 3
32, 29, 31
3, 6, 32
38, 33, 35
29, 36, 30
6, 8, 29
43, 38, 39
36, 40, 37
8, 42, 36
49, 43, 44
48, 45, 47
10, 14, 48
404, 49, 50
46, 45, 52
45, 14, 51
59, 53, 55
52, 51, 57
51, 13, 56
63, 58, 59
57, 56, 61
56, 17, 60
67, 62, 63
61, 60, 65
60, 18, 64
71, 66, 67
65, 64, 69
64, 21, 68
144, 70, 71
98, 72, 74
403, 25, 72
405, 75, 77
82, 78, 80
26, 81, 82
86, 83, 85
78, 32, 79
81, 3, 78
33, 86, 34
102, 31, 87
87, 30, 88
88, 37, 89
41, 90, 89
46, 52, 93
52, 57, 92
57, 61, 94
95, 61, 96
96, 65, 97
406, 98, 99
80, 79, 101
79, 31, 100
102, 87, 104
103, 87, 105
105, 88, 106
89, 91, 106
93, 92, 109
92, 94, 108
110, 94, 111
111, 95, 112
112, 96, 113
115, 114, 115
101, 100, 117
100, 102, 116
131, 104, 118
118, 103, 119
119, 105, 120
120, 106, 121
109, 108, 123
108, 110, 122
110, 111, 124
125, 111, 126
126, 112, 127
128, 115, 128
117, 116, 130
116, 104, 129
141, 131, 132
132, 118, 133
119, 120, 133
1, 120, 1
407, 123, 134
134, 122, 135
124, 125, 135
136, 125, 137
137, 126, 138
139, 128, 139
155, 130, 140
140, 129, 141
163, 142, 22
165, 70, 145
408, 146, 148
84, 83, 150
83, 27, 149
26, 82, 153
152, 82, 154
154, 80, 114
114, 101, 115
115, 117, 128
128, 130, 139
139, 155, 139
138, 127, 157
127, 113, 156
113, 97, 158
97, 69, 159
69, 68, 160
161, 68, 143
5, 4, 38
38, 43, 5
9, 7, 49
11, 162, 12
12, 54, 15
15, 53, 16
16, 58, 19
62, 66, 19
66, 70, 20
23, 164, 24
27, 83, 28
28, 86, 4
70, 165, 163
27, 26, 151
141, 132, 133
155, 140, 141
141, 133, 1
182, 166, 168
185, 169, 171
382, 172, 174
235, 177, 231
238, 240, 242
242, 244, 246
246, 175, 242
176, 229, 231
231, 233, 235
177, 238, 175
242, 175, 238
176, 231, 177
342, 178, 180
409, 181, 168
389, 337, 166
192, 184, 183
183, 363, 192
389, 166, 184
186, 384, 169
185, 255, 194
194, 186, 185
196, 187, 189
266, 178, 191
391, 184, 193
385, 186, 195
180, 179, 196
224, 197, 199
199, 198, 201
200, 202, 201
410, 204, 206
411, 207, 209
208, 210, 209
211, 210, 213
213, 212, 215
214, 216, 215
374, 218, 220
412, 221, 223
375, 197, 225
175, 226, 176
227, 228, 176
228, 230, 229
230, 232, 231
233, 232, 235
235, 234, 177
177, 236, 238
237, 239, 238
239, 241, 240
241, 243, 242
244, 243, 246
246, 245, 175
168, 167, 248
247, 167, 250
250, 272, 247
413, 251, 249
383, 252, 254
386, 255, 257
185, 259, 256
256, 255, 185
259, 185, 260
260, 171, 262
284, 263, 265
265, 264, 267
267, 266, 268
409, 168, 269
248, 247, 271
270, 247, 273
273, 291, 270
377, 274, 272
378, 275, 277
379, 258, 279
259, 281, 278
278, 258, 259
281, 259, 282
282, 260, 283
414, 284, 285
285, 265, 286
286, 267, 287
269, 248, 288
271, 270, 290
270, 291, 289
291, 293, 292
380, 295, 297
415, 298, 299
299, 280, 300
300, 281, 301
301, 282, 302
414, 285, 304
303, 285, 305
305, 286, 306
416, 288, 290
330, 307, 309
308, 307, 311
310, 312, 311
313, 312, 315
315, 314, 317
317, 316, 319
319, 318, 321
321, 320, 323
322, 324, 323
325, 324, 327
327, 326, 329
328, 330, 329
325, 327, 309
329, 309, 327
308, 311, 313
313, 315, 319
317, 319, 315
321, 323, 325
325, 309, 321
308, 313, 319
319, 321, 308
336, 183, 182
169, 331, 170
396, 333, 335
178, 266, 179
349, 336, 181
344, 249, 167
167, 166, 338
338, 344, 167
340, 356, 331
331, 169, 339
399, 339, 169
169, 384, 399
261, 171, 341
178, 342, 190
387, 344, 345
399, 346, 339
179, 264, 187
366, 183, 348
348, 336, 350
417, 343, 351
351, 342, 352
180, 196, 352
196, 189, 353
372, 332, 355
355, 331, 357
356, 358, 357
393, 360, 362
392, 363, 365
363, 183, 364
197, 366, 198
198, 348, 200
417, 351, 368
351, 352, 367
352, 353, 369
353, 354, 370
210, 372, 212
212, 355, 214
357, 359, 214
418, 373, 374
365, 364, 376
364, 366, 375
250, 251, 272
275, 378, 253
256, 258, 257
273, 274, 291
295, 380, 276
278, 280, 279
397, 381, 382
252, 383, 173
400, 384, 385
255, 386, 194
413, 249, 387
337, 388, 338
388, 337, 390
390, 389, 391
192, 363, 193
360, 393, 395
395, 394, 396
381, 397, 334
340, 398, 356
339, 347, 340
346, 399, 400
