# Project Zomboid Skinned Mesh
# File Version:
1.0
# Model Name:
Dagger
# Vertex Stride Element Count:
3
# Vertex Stride Size (in bytes):
76
# Vertex Stride Data:
# (Int)    Offset
# (String) Type
0
VertexArray
12
NormalArray
24
TextureCoordArray
# Vertex Count:
153
# Vertex Buffer:
-0.00718588, 0.01310952, 1e-08
-0.99963379, -0.02600177, 0.0
0.87115991, 0.84726259
-0.00725632, 0.04070012, 1e-08
-0.77715385, 0.62929165, 0.0
0.73096251, 0.89329702
-0.00513099, 0.04070012, -0.00513098
-0.54951626, 0.62929165, -0.54951626
0.79179657, 0.95407519
-0.0, 0.04070012, -0.0072563
0.0, 0.62929165, -0.77715385
0.8777504, 0.95407429
0.0, 0.01310952, -0.00718587
0.0, -0.02600177, -0.99963379
0.83172619, 0.81402543
0.00513099, 0.04070012, -0.00513098
0.54951626, 0.62929165, -0.54951626
0.93858278, 0.89335445
0.00508118, 0.01310952, -0.00508117
0.7068392, -0.02600177, -0.7068392
0.80698979, 0.82683942
0.00725631, 0.04070012, 1e-08
0.77715385, 0.62929165, 0.0
0.93872213, 0.80736527
0.00718588, 0.01310952, 1e-08
0.99963379, -0.02600177, 0.0
0.79854172, 0.85340288
0.00513099, 0.04070012, 0.005131
0.54951626, 0.62929165, 0.54951626
0.87790322, 0.74656275
0.00508118, 0.01310952, 0.00508119
0.7068392, -0.02600177, 0.7068392
0.81140178, 0.87824139
-0.0, 0.04070012, 0.00725632
0.0, 0.62929165, 0.77715385
0.79192948, 0.74656275
0.0, 0.01310952, 0.00718589
0.0, -0.02600177, 0.99963379
0.83799374, 0.88667718
0.00513099, 0.04070012, 0.005131
0.54951626, 0.62929165, 0.54951626
0.48648533, 0.50670829
0.00725631, 0.04070012, 1e-08
0.77715385, 0.62929165, 0.0
0.49999997, 0.51230624
-0.0, 0.04070012, -0.0072563
0.0, 0.62929165, -0.77715385
0.51911259, 0.49319363
-0.00513099, 0.04070012, 0.005131
-0.54951626, 0.62929165, 0.54951626
0.73099816, 0.80726972
-0.00508118, 0.01310952, 0.00508119
-0.7068392, -0.02600177, 0.7068392
0.86268556, 0.87391698
0.0, -0.00468947, 0.00629876
0.0, -0.64885402, 0.7608875
0.83511841, 0.85020816
0.00445388, -0.00468947, 0.0044539
0.53801078, -0.64885402, 0.53801078
0.83514941, 0.85046458
0.00445388, -0.00468947, -0.00445387
0.53801078, -0.64885402, -0.53801078
0.51173115, 0.50492486
0.00445388, -0.00468947, 0.0044539
0.53801078, -0.64885402, 0.53801078
0.48826876, 0.50492486
-0.00445388, -0.00468947, 0.0044539
-0.53801078, -0.64885402, 0.53801078
0.48826876, 0.48146242
0.00629875, -0.00468947, 1e-08
0.7608875, -0.64885402, 0.0
0.83500993, 0.850676
-0.00508118, 0.01310952, -0.00508117
-0.7068392, -0.02600177, -0.7068392
0.85830295, 0.82245407
-0.00445388, -0.00468947, -0.00445387
-0.53801078, -0.64885402, -0.53801078
0.83456379, 0.85023835
-0.00445388, -0.00468947, 0.0044539
-0.53801078, -0.64885402, 0.53801078
0.83494365, 0.85004362
0.0, -0.00468947, -0.00629874
0.0, -0.64885402, -0.7608875
0.83458138, 0.85048342
-0.00629875, -0.00468947, 1e-08
-0.7608875, -0.64885402, 0.0
0.83471489, 0.85005814
0.00445388, -0.00468947, -0.00445387
0.53801078, -0.64885402, -0.53801078
0.83476377, 0.85065717
-0.00720804, 0.05150606, -0.00687716
-0.74690998, 0.66487622, -0.00613422
0.51811397, 0.40019166
-0.00350509, 0.05539249, -0.02616147
-0.52143925, 0.73650318, -0.43079928
0.56890738, 0.3899551
-0.00350509, 0.04973034, -0.02841187
-0.51365703, -0.37052521, -0.77382731
0.57483476, 0.40486878
0.00720803, 0.05150606, 0.00687716
0.74690998, 0.66487622, 0.00613422
0.48188606, 0.40019166
0.00350509, 0.05539249, 0.02616147
0.52143925, 0.73650318, 0.43079928
0.43109262, 0.3899551
0.00350509, 0.04973034, 0.02841187
0.51365703, -0.37052521, 0.77382731
0.42516524, 0.40486878
0.00726339, -0.01628953, 0.0111607
0.63023776, 0.0, 0.77636033
0.4876751, 0.57876033
-0.00726339, -0.01628955, 0.0111607
-0.63023776, 0.0, 0.77636033
0.52593762, 0.57876033
-0.00726338, -0.02418135, 0.00789181
-0.63023776, -0.54896694, 0.54896694
0.52593756, 0.59954679
-0.00726338, -0.02418135, 0.00789181
-0.63023776, -0.54896694, 0.54896694
0.47921354, 0.47406244
-0.00726338, -0.02745025, 1e-08
-0.63023776, -0.77636033, 0.0
0.49999997, 0.47406244
0.0072634, -0.02745023, 1e-08
0.63023776, -0.77636033, 0.0
0.49999997, 0.51232493
-0.0072634, -0.00512885, 1e-08
-0.63023776, 0.77636033, 0.0
0.49999997, 0.54936388
-0.00726339, -0.01628955, -0.01116069
-0.63023776, 0.0, -0.77636033
0.52939641, 0.57876033
-0.00726339, -0.01628955, 0.0111607
-0.63023776, 0.0, 0.77636033
0.47060353, 0.57876033
-0.00726339, -0.00839774, 0.00789181
-0.63023776, 0.54896694, 0.54896694
0.52593762, 0.55797392
-0.0072634, -0.00512885, 1e-08
-0.63023776, 0.77636033, 0.0
0.49999997, 0.47406238
-0.00726339, -0.00839774, 0.00789181
-0.63023776, 0.54896694, 0.54896694
0.47921354, 0.47406238
0.00726339, -0.00839772, 0.00789181
0.63023776, 0.54896694, 0.54896694
0.47921354, 0.51232487
-0.00726339, -0.00839774, -0.00789179
-0.63023776, 0.54896694, -0.54896694
0.5207864, 0.47406238
0.00726338, -0.00512883, 1e-08
0.63023776, 0.77636033, 0.0
0.49999997, 0.51232487
-0.00726338, -0.02418135, -0.00789179
-0.63023776, -0.54896694, -0.54896694
0.52593756, 0.59954679
-0.00726339, -0.01628955, -0.01116069
-0.63023776, 0.0, -0.77636033
0.52593762, 0.57876033
0.00726339, -0.01628953, -0.01116069
0.63023776, 0.0, -0.77636033
0.4876751, 0.57876033
-0.00726338, -0.02418135, -0.00789179
-0.63023776, -0.54896694, -0.54896694
0.5207864, 0.47406244
0.00726339, -0.02418134, -0.00789179
0.63023776, -0.54896694, -0.54896694
0.5207864, 0.5123249
-0.00726339, -0.00839774, -0.00789179
-0.63023776, 0.54896694, -0.54896694
0.52593762, 0.55797392
0.00726339, -0.01628953, -0.01116069
0.63023776, 0.0, -0.77636033
0.52939641, 0.57876033
0.00726338, -0.00512883, 1e-08
0.63023776, 0.77636033, 0.0
0.49999997, 0.54936385
0.00726339, -0.01628953, 0.0111607
0.63023776, 0.0, 0.77636033
0.47060353, 0.57876033
-1e-08, 0.04813814, 0.00558035
0.0, 0.0, 0.99996948
0.50680637, 0.4090625
1e-08, -0.00821177, 0.00558035
0.0, 0.0, 0.99996948
0.50680631, 0.55748409
0.00394591, -0.00821177, 0.00394591
0.70708334, 0.0, 0.70708334
0.49641311, 0.55748406
0.00394589, 0.04813815, 0.00394591
0.70708334, 0.0, 0.70708334
0.48960677, 0.4090625
0.00394591, -0.00821177, 0.00394591
0.70708334, 0.0, 0.70708334
0.48960677, 0.55748406
0.00558036, -0.00821177, 1e-08
1.0, 0.0, 0.0
0.49999997, 0.55748406
-0.00394589, -0.00821178, 0.00394591
-0.70708334, 0.0, 0.70708334
0.51719952, 0.55748409
-0.00558034, -0.00821178, 1e-08
-1.0, 0.0, 0.0
0.49999997, 0.55748409
-0.00394589, -0.00821178, 0.00394591
-0.70708334, 0.0, 0.70708334
0.48960677, 0.55748409
-0.00394591, 0.04813814, 0.00394591
-0.70708334, 0.0, 0.70708334
0.48960677, 0.4090625
-0.00394589, -0.00821178, -0.00394589
-0.70708334, 0.0, -0.70708334
0.5103932, 0.55748409
-0.00558035, 0.04813814, 1e-08
-1.0, 0.0, 0.0
0.49999997, 0.4090625
0.00394591, -0.00821177, -0.00394589
0.70708334, 0.0, -0.70708334
0.49641311, 0.55748406
1e-08, -0.00821177, -0.00558034
0.0, 0.0, -1.0
0.50680631, 0.55748409
-1e-08, 0.04813814, -0.00558034
0.0, 0.0, -0.99996948
0.50680637, 0.4090625
0.00394591, -0.00821177, -0.00394589
0.70708334, 0.0, -0.70708334
0.5103932, 0.55748406
0.00394589, 0.04813814, -0.00394589
0.70708334, 0.0, -0.70708334
0.5103932, 0.4090625
-0.00394589, -0.00821178, -0.00394589
-0.70708334, 0.0, -0.70708334
0.51719952, 0.55748409
-0.00394591, 0.04813814, -0.00394589
-0.70708334, 0.0, -0.70708334
0.51719958, 0.4090625
-0.0045125, 0.04722488, 2e-08
-0.99987793, 0.01507614, 0.0
0.49999997, 0.41146797
-0.0, 0.04722485, 0.01016253
0.0, 0.03381451, 0.99942017
0.47323266, 0.41146803
-1e-08, 0.1651361, 0.00617033
0.0, 0.12897122, 0.99163795
0.48374778, 0.10089839
0.0045125, 0.04722488, 2e-08
0.99987793, 0.01507614, 0.0
0.49999997, 0.41146797
0.00259403, 0.1651361, 1e-08
0.99832147, 0.05761895, 0.0
0.49999997, 0.10089839
-1e-08, 0.19092603, 1e-08
0.0, 0.99996948, 0.0
0.49999997, 0.03296959
-0.00259404, 0.1651361, 1e-08
-0.99832147, 0.05761895, 0.0
0.49999997, 0.10089839
-1e-08, 0.1651361, -0.00617031
0.0, 0.12897122, -0.99163795
0.51625216, 0.10089839
-0.0, 0.04722485, -0.0101625
0.0, 0.03381451, -0.99942017
0.52676731, 0.41146803
-0.00720804, 0.04423771, -0.00687716
-0.69347209, -0.70714438, -0.13788262
0.51811397, 0.47420824
-0.00350509, 0.04973034, -0.02841187
-0.51365703, -0.37052521, -0.77382731
0.57483476, 0.48396152
0.00350509, 0.04973034, -0.02841187
0.51365703, -0.37052521, -0.77382731
0.57483476, 0.50242579
0.00720803, 0.05150606, -0.00687716
0.74690998, 0.66487622, -0.00613422
0.51811397, 0.40019166
0.00720803, 0.04423771, -0.00687716
0.69347209, -0.70714438, -0.13788262
0.51811397, 0.41933596
0.00350509, 0.04973034, -0.02841187
0.51365703, -0.37052521, -0.77382731
0.57483476, 0.40486878
0.00720803, 0.04423771, 0.00687716
0.69347209, -0.70714438, 0.13788262
0.48188606, 0.51217908
0.00350509, 0.04973034, 0.02841187
0.51365703, -0.37052521, 0.77382731
0.42516524, 0.50242579
-0.00350509, 0.04973034, 0.02841187
-0.51365703, -0.37052521, 0.77382731
0.42516524, 0.48396152
0.00720803, 0.05150606, -0.00687716
0.74690998, 0.66487622, -0.00613422
0.51811397, 0.51217908
0.00350509, 0.05539249, -0.02616147
0.52143925, 0.73650318, -0.43079928
0.56890738, 0.50242579
-0.00350509, 0.05539249, -0.02616147
-0.52143925, 0.73650318, -0.43079928
0.56890738, 0.48396152
0.00350509, 0.05539249, 0.02616147
0.52143925, 0.73650318, 0.43079928
0.49757421, 0.3899551
-0.00350509, 0.05539249, 0.02616147
-0.52143925, 0.73650318, 0.43079928
0.51603848, 0.3899551
-0.00350509, 0.04973034, 0.02841187
-0.51365703, -0.37052521, 0.77382731
0.51603848, 0.40486878
0.00350509, 0.05539249, -0.02616147
0.52143925, 0.73650318, -0.43079928
0.49757421, 0.3899551
0.00350509, 0.04973034, -0.02841187
0.51365703, -0.37052521, -0.77382731
0.49757421, 0.40486878
-0.00350509, 0.04973034, -0.02841187
-0.51365703, -0.37052521, -0.77382731
0.51603848, 0.40486878
-0.00720804, 0.05150606, -0.00687716
-0.74690998, 0.66487622, -0.00613422
0.51811397, 0.47420824
-0.00720804, 0.05150606, 0.00687716
-0.74690998, 0.66487622, 0.00613422
0.48188606, 0.47420824
0.00720803, 0.05150606, 0.00687716
0.74690998, 0.66487622, 0.00613422
0.48188606, 0.51217908
-0.00720804, 0.04423771, 0.00687716
-0.69347209, -0.70714438, 0.13788262
0.48188606, 0.47420824
0.00720803, 0.04423771, -0.00687716
0.69347209, -0.70714438, -0.13788262
0.51811397, 0.51217908
0.00720803, 0.04423771, 0.00687716
0.69347209, -0.70714438, 0.13788262
0.48188606, 0.41933596
-0.00720804, 0.05150606, 0.00687716
-0.74690998, 0.66487622, 0.00613422
0.48188606, 0.40019166
-0.00720804, 0.04423771, 0.00687716
-0.69347209, -0.70714438, 0.13788262
0.48188606, 0.41933596
-0.00350509, 0.04973034, 0.02841187
-0.51365703, -0.37052521, 0.77382731
0.42516524, 0.40486878
-0.00720804, 0.04423771, -0.00687716
-0.69347209, -0.70714438, -0.13788262
0.51811397, 0.41933596
-0.00350509, 0.05539249, 0.02616147
-0.52143925, 0.73650318, 0.43079928
0.43109262, 0.48396152
0.00350509, 0.05539249, 0.02616147
0.52143925, 0.73650318, 0.43079928
0.43109262, 0.50242579
-0.00513099, 0.04070012, -0.00513098
-0.54951626, 0.62929165, -0.54951626
0.51351464, 0.47967899
-0.00725632, 0.04070012, 1e-08
-0.77715385, 0.62929165, 0.0
0.49999997, 0.47408104
-0.00513099, 0.04070012, 0.005131
-0.54951626, 0.62929165, 0.54951626
0.48648533, 0.47967899
-0.0, 0.04070012, 0.00725632
0.0, 0.62929165, 0.77715385
0.48088738, 0.49319363
0.00513099, 0.04070012, -0.00513098
0.54951626, 0.62929165, -0.54951626
0.51351464, 0.50670829
-0.00629875, -0.00468947, 1e-08
-0.7608875, -0.64885402, 0.0
0.49999997, 0.47660321
-0.00445388, -0.00468947, -0.00445387
-0.53801078, -0.64885402, -0.53801078
0.51173115, 0.48146242
0.0, -0.00468947, -0.00629874
0.0, -0.64885402, -0.7608875
0.51659042, 0.49319363
0.00629875, -0.00468947, 1e-08
0.7608875, -0.64885402, 0.0
0.49999997, 0.5097841
0.0, -0.00468947, 0.00629876
0.0, -0.64885402, 0.7608875
0.48340952, 0.49319363
0.0072634, -0.02418134, 0.00789181
0.63023776, -0.54896694, 0.54896694
0.48767507, 0.59954673
0.0072634, -0.02418134, 0.00789181
0.63023776, -0.54896694, 0.54896694
0.47921354, 0.51232493
-0.00726338, -0.02745025, 1e-08
-0.63023776, -0.77636033, 0.0
0.49999997, 0.6081568
-0.00726338, -0.02418135, 0.00789181
-0.63023776, -0.54896694, 0.54896694
0.47921354, 0.59954679
-0.00726339, -0.00839774, 0.00789181
-0.63023776, 0.54896694, 0.54896694
0.47921354, 0.55797392
-0.00726339, -0.00839774, -0.00789179
-0.63023776, 0.54896694, -0.54896694
0.5207864, 0.55797392
-0.00726338, -0.02418135, -0.00789179
-0.63023776, -0.54896694, -0.54896694
0.5207864, 0.59954679
0.00726339, -0.00839772, 0.00789181
0.63023776, 0.54896694, 0.54896694
0.48767513, 0.55797383
0.00726338, -0.00839772, -0.00789179
0.63023776, 0.54896694, -0.54896694
0.5207864, 0.51232487
0.00726339, -0.02418134, -0.00789179
0.63023776, -0.54896694, -0.54896694
0.4876751, 0.59954673
0.00726338, -0.00839772, -0.00789179
0.63023776, 0.54896694, -0.54896694
0.48767513, 0.55797383
0.0072634, -0.02418134, 0.00789181
0.63023776, -0.54896694, 0.54896694
0.47921354, 0.59954673
0.0072634, -0.02745023, 1e-08
0.63023776, -0.77636033, 0.0
0.49999997, 0.60815674
0.00726339, -0.02418134, -0.00789179
0.63023776, -0.54896694, -0.54896694
0.5207864, 0.59954673
0.00726338, -0.00839772, -0.00789179
0.63023776, 0.54896694, -0.54896694
0.5207864, 0.55797383
0.00726339, -0.00839772, 0.00789181
0.63023776, 0.54896694, 0.54896694
0.47921354, 0.55797383
0.00394589, 0.04813815, 0.00394591
0.70708334, 0.0, 0.70708334
0.49641314, 0.4090625
0.00558034, 0.04813815, 1e-08
1.0, 0.0, 0.0
0.49999997, 0.4090625
-0.00394591, 0.04813814, 0.00394591
-0.70708334, 0.0, 0.70708334
0.51719958, 0.4090625
-0.00394591, 0.04813814, -0.00394589
-0.70708334, 0.0, -0.70708334
0.5103932, 0.4090625
0.00394589, 0.04813814, -0.00394589
0.70708334, 0.0, -0.70708334
0.49641314, 0.4090625
0.00350509, 0.05539249, -0.02616147
0.52143925, 0.73650318, -0.43079928
0.56890738, 0.3899551
0.00350509, 0.04973034, 0.02841187
0.51365703, -0.37052521, 0.77382731
0.49757421, 0.40486878
-0.00350509, 0.05539249, -0.02616147
-0.52143925, 0.73650318, -0.43079928
0.51603848, 0.3899551
-0.00350509, 0.05539249, 0.02616147
-0.52143925, 0.73650318, 0.43079928
0.43109262, 0.3899551
# Number of Faces:
128
# Face Data:
0, 1, 2
2, 3, 4
3, 5, 6
5, 7, 8
7, 9, 10
9, 11, 12
13, 14, 15
16, 1, 0
11, 16, 17
12, 18, 19
20, 21, 22
6, 8, 23
0, 24, 25
17, 26, 18
24, 4, 27
10, 19, 23
0, 28, 26
6, 29, 27
30, 31, 32
33, 34, 35
36, 37, 38
39, 40, 41
42, 43, 44
45, 37, 36
46, 47, 48
49, 46, 50
51, 52, 53
40, 54, 55
53, 52, 56
57, 58, 59
60, 61, 62
63, 64, 65
66, 61, 60
67, 68, 69
70, 67, 71
72, 73, 74
65, 75, 76
73, 77, 78
79, 80, 81
82, 83, 81
81, 83, 84
79, 85, 86
82, 87, 86
86, 85, 84
85, 81, 84
83, 86, 84
88, 89, 90
91, 92, 93
94, 95, 96
97, 98, 99
100, 101, 102
103, 104, 105
106, 107, 108
109, 88, 110
33, 111, 92
112, 113, 114
30, 115, 113
107, 116, 117
24, 0, 2
24, 2, 4
4, 3, 6
6, 5, 8
8, 7, 10
10, 9, 12
15, 118, 119
119, 120, 15
121, 13, 15
14, 122, 15
15, 120, 121
17, 16, 0
12, 11, 17
10, 12, 19
22, 123, 124
124, 125, 20
20, 126, 21
21, 127, 22
22, 124, 20
29, 6, 23
28, 0, 25
12, 17, 18
25, 24, 27
8, 10, 23
17, 0, 26
4, 6, 27
115, 30, 32
111, 33, 35
128, 36, 38
129, 39, 41
130, 131, 44
44, 132, 42
42, 133, 43
43, 134, 130
130, 44, 43
135, 45, 36
50, 46, 48
136, 49, 50
137, 51, 53
41, 40, 55
138, 53, 56
59, 139, 140
140, 141, 57
57, 142, 58
58, 143, 59
59, 140, 57
144, 60, 62
145, 63, 65
146, 66, 60
71, 67, 69
147, 70, 71
148, 72, 74
145, 65, 76
74, 73, 78
85, 79, 81
80, 82, 81
87, 79, 86
83, 82, 86
110, 88, 90
149, 91, 93
109, 94, 96
106, 97, 99
150, 100, 102
151, 103, 105
97, 106, 108
94, 109, 110
91, 33, 92
152, 112, 114
112, 30, 113
108, 107, 117
