# Project Zomboid Skinned Mesh
# File Version:
1.0
# Model Name:
Cube
# Vertex Stride Element Count:
3
# Vertex Stride Size (in bytes):
76
# Vertex Stride Data:
# (Int)    Offset
# (String) Type
0
VertexArray
12
NormalArray
24
TextureCoordArray
# Vertex Count:
212
# Vertex Buffer:
-0.00169917, 0.30246285, -0.0038783
-0.81624806, 0.57734919, 0.01937925
0.65631032, 0.12392139
0.09999263, 0.30246285, -0.11051941
-0.01937925, 0.57734919, -0.81624806
0.60303301, 0.12499446
0.09999263, 0.29283771, -0.11051941
-0.01937925, -0.57734919, -0.81624806
0.60283929, 0.12259018
-0.00169917, 0.30246285, -0.0038783
-0.81624806, 0.57734919, 0.01937925
0.33020791, 0.12447101
0.00526654, 0.30246285, 0.00276412
0.01937925, 0.57734919, 0.81624806
0.33033648, 0.12206548
0.10695834, 0.30246282, -0.10387699
0.81624806, 0.57731867, -0.01937925
0.4039878, 0.12305075
0.00526654, 0.30246285, 0.00276412
0.01937925, 0.57734919, 0.81624806
0.65962893, 0.12385452
0.00526653, 0.29283771, 0.00276412
0.01937925, -0.57734919, 0.81624806
0.65943521, 0.12145019
0.10695834, 0.29283771, -0.10387699
0.81624806, -0.57734919, -0.01937925
0.60615778, 0.12252331
0.00526653, 0.29283771, 0.00276412
0.01937925, -0.57734919, 0.81624806
0.33033648, 0.12206548
-0.00169917, 0.29283771, -0.0038783
-0.81624806, -0.57734919, 0.01937925
0.33020791, 0.12447101
0.09999263, 0.29283771, -0.11051941
-0.01937925, -0.57734919, -0.81624806
0.40385905, 0.12545615
0.09999263, 0.29283771, -0.11051941
-0.01937925, -0.57734919, -0.81624806
0.52499634, 0.12913436
0.09999263, 0.30246285, -0.11051941
-0.01937925, 0.57734919, -0.81624806
0.52499634, 0.12672806
0.10695834, 0.30246282, -0.10387699
0.81624806, 0.57731867, -0.01937925
0.52847922, 0.12672806
0.00526653, 0.29283771, 0.00276412
0.01937925, -0.57734919, 0.81624806
0.47763327, 0.12913436
0.00526654, 0.30246285, 0.00276412
0.01937925, 0.57734919, 0.81624806
0.47763327, 0.12672806
-0.00169917, 0.30246285, -0.0038783
-0.81624806, 0.57734919, 0.01937925
0.47415042, 0.12672806
0.00629207, 0.29507321, -0.00629207
0.54896694, 0.63023776, -0.54896694
0.12845777, 0.23488176
0.00889832, 0.29507321, -1e-08
0.77636033, 0.63023776, 0.0
0.14047243, 0.23488176
0.00889831, -0.06110278, 0.0
0.77636033, -0.63023776, 0.0
0.14047243, 0.57493767
-0.0, -0.06110278, 0.00889831
0.0, -0.63023776, 0.77636033
0.45025092, 0.43424958
-0.00889831, -0.06110278, 0.0
-0.77636033, -0.63023776, 0.0
0.42622167, 0.43424958
0.0, -0.06110278, -0.00889831
0.0, -0.63023776, -0.77636033
0.42622167, 0.44626427
1e-08, 0.29507321, -0.00889832
0.0, 0.63023776, -0.77636033
0.1164432, 0.23488176
0.00629205, -0.06110278, -0.00629206
0.54896694, -0.63023776, -0.54896694
0.12845777, 0.57493767
-0.0088983, 0.29507321, -1e-08
-0.77636033, 0.63023776, 0.0
0.42622167, 0.43424982
-0.00629205, 0.29507321, 0.00629205
-0.54896694, 0.63023776, 0.54896694
0.43823624, 0.43176138
0.00629206, 0.29507321, 0.00629204
0.54896694, 0.63023776, 0.54896694
0.45522732, 0.44025689
0.00889832, 0.29507321, -1e-08
0.77636033, 0.63023776, 0.0
0.83604848, 0.61032674
0.00629206, 0.29507321, 0.00629204
0.54896694, 0.63023776, 0.54896694
0.83604848, 0.60431936
0.00629205, -0.06110278, 0.00629205
0.54896694, -0.63023776, 0.54896694
0.15593663, 0.60431936
1e-08, 0.29507321, 0.0088983
0.0, 0.63023776, 0.77636033
0.83604848, 0.59831229
1e-08, 0.29507321, 0.0088983
0.0, 0.63023776, 0.77636033
0.14047243, 0.23488176
-0.00629205, 0.29507321, 0.00629205
-0.54896694, 0.63023776, 0.54896694
0.12845777, 0.23488176
-0.00629206, -0.06110278, 0.00629206
-0.54896694, -0.63023776, 0.54896694
0.12845777, 0.57493767
-0.0088983, 0.29507321, -1e-08
-0.77636033, 0.63023776, 0.0
0.1164432, 0.23488176
-0.00889831, -0.06110278, 0.0
-0.77636033, -0.63023776, 0.0
0.1164432, 0.57493767
-0.0088983, 0.29507321, -1e-08
-0.77636033, 0.63023776, 0.0
0.83604848, 0.59831229
-0.00629205, 0.29507321, -0.00629207
-0.54896694, 0.63023776, -0.54896694
0.83604848, 0.60431936
-0.00629206, -0.06110278, -0.00629206
-0.54896694, -0.63023776, -0.54896694
0.15593663, 0.60431936
1e-08, 0.29507321, -0.00889832
0.0, 0.63023776, -0.77636033
0.83604848, 0.61032674
0.0, -0.06110278, -0.00889831
0.0, -0.63023776, -0.77636033
0.15593663, 0.61032674
0.14741299, 0.29744443, -0.11143834
0.71370584, 0.0, 0.70039982
0.60247296, 0.12375015
0.17043206, 0.29743853, -0.14383332
0.99975586, -9.156e-05, 0.02105777
0.58628839, 0.12407464
0.16653818, 0.31073788, -0.14773005
0.85030669, 0.51029998, -0.12848292
0.58460927, 0.12743604
0.14214656, 0.31543177, -0.11670864
0.50669879, 0.70705283, 0.49324015
0.42098901, 0.11912405
0.16653818, 0.31073788, -0.14773005
0.85030669, 0.51029998, -0.12848292
0.44057342, 0.12032545
0.15713471, 0.31624666, -0.1571347
0.48942533, 0.72173226, -0.48942533
0.44055393, 0.12365025
0.14741299, 0.29744443, -0.11143834
0.71370584, 0.0, 0.70039982
0.54870653, 0.12798268
0.14214656, 0.31543177, -0.11670864
0.50669879, 0.70705283, 0.49324015
0.54607332, 0.1234858
0.11151605, 0.31130385, -0.09192424
-0.1200293, 0.51524401, 0.84856713
0.53075802, 0.1245178
0.14214271, 0.27945715, -0.11670479
0.5065462, -0.70705283, 0.49339274
0.59947973, 0.11930996
0.16653535, 0.28413916, -0.14772721
0.85021514, -0.5105136, -0.12836085
0.58407539, 0.12079167
0.14772722, 0.28413916, -0.16653533
0.12836085, -0.5105136, -0.85021514
0.54886365, 0.13130897
0.14773005, 0.31073788, -0.16653818
0.12848292, 0.51029998, -0.85030669
0.54886508, 0.1246593
0.16653535, 0.28413916, -0.14772721
0.85021514, -0.5105136, -0.12836085
0.55826771, 0.13130897
0.11670864, 0.31543177, -0.14214657
-0.49324015, 0.70705283, -0.50669879
0.42093506, 0.12811768
0.12942839, 0.32288238, -0.12942839
0.00674459, 0.99993896, -0.00674459
0.42096257, 0.12362087
0.10172077, 0.31704217, -0.10172077
-0.48426771, 0.72862941, 0.48426771
0.40137044, 0.12359154
0.09192424, 0.31130385, -0.11151606
-0.84856713, 0.51524401, 0.1200293
0.52096212, 0.1245178
0.09192128, 0.2835969, -0.11151311
-0.84868926, -0.51503038, 0.12012085
0.52096069, 0.13144451
0.14214271, 0.27945715, -0.11670479
0.5065462, -0.70705283, 0.49339274
0.54607141, 0.13247949
0.11557218, 0.29745039, -0.08786517
0.03079318, 9.156e-05, 0.99951172
0.53278613, 0.12798113
0.14214271, 0.27945715, -0.11670479
0.5065462, -0.70705283, 0.49339274
0.42098629, 0.11912405
0.12942295, 0.27200657, -0.12942295
0.00653096, -0.99993896, -0.00653096
0.42095876, 0.12362093
0.15713069, 0.27863038, -0.15713067
0.48927274, -0.72194588, -0.48927274
0.44055098, 0.12365019
0.11143835, 0.29744443, -0.14741299
-0.70039982, 0.0, -0.71370584
0.53071922, 0.12798268
0.11670864, 0.31543177, -0.14214657
-0.49324015, 0.70705283, -0.50669879
0.53335434, 0.1234858
0.09192424, 0.31130385, -0.11151606
-0.84856713, 0.51524401, 0.1200293
0.40134919, 0.12705487
0.1115131, 0.2835969, -0.09192129
-0.12012085, -0.51503038, 0.84868926
0.40138865, 0.12012815
0.11670479, 0.27945715, -0.14214271
-0.49339274, -0.70705283, -0.5065462
0.42093238, 0.12811768
0.14772722, 0.28413916, -0.16653533
0.12836085, -0.5105136, -0.85021514
0.44053149, 0.126975
0.14383334, 0.29743853, -0.17043206
-0.02105777, -9.156e-05, -0.99975586
0.54691672, 0.12798411
0.11670864, 0.31543177, -0.14214657
-0.49324015, 0.70705283, -0.50669879
0.58749324, 0.12855238
0.11143835, 0.29744443, -0.14741299
-0.70039982, 0.0, -0.71370584
0.58450019, 0.12411219
0.08786517, 0.29745039, -0.11557217
-0.99951172, 9.156e-05, -0.03079318
0.60040778, 0.12379324
0.09192128, 0.2835969, -0.11151311
-0.84868926, -0.51503038, 0.12012085
0.40134716, 0.12705487
0.11670479, 0.27945715, -0.14214271
-0.49339274, -0.70705283, -0.5065462
0.58677113, 0.11956596
0.09192128, 0.2835969, -0.11151311
-0.84868926, -0.51503038, 0.12012085
0.60215688, 0.12029183
0.09365407, 0.30234233, -0.16592224
-0.56901759, 0.59352398, -0.56913966
0.57535166, 0.1255219
0.09365294, 0.29254642, -0.16592127
-0.56913966, -0.59349346, -0.56901759
0.57515496, 0.12307489
0.087725, 0.29255158, -0.12385923
-0.74483472, -0.61897641, 0.24909207
0.59616905, 0.12265289
0.12386021, 0.30234748, -0.08772609
-0.24897, 0.61919004, 0.74471265
0.40428829, 0.11720818
0.17185017, 0.3023372, -0.13571592
0.74483472, 0.61897641, -0.24909207
0.43822211, 0.11725903
0.1357161, 0.3023372, -0.17185012
0.24909207, 0.61897641, -0.74483472
0.43814564, 0.13003433
0.13571496, 0.2925413, -0.1718491
0.24897, -0.61919004, -0.74471265
0.54285753, 0.12920845
0.09365294, 0.29254642, -0.16592127
-0.56913966, -0.59349346, -0.56901759
0.52182651, 0.12920719
0.09365407, 0.30234233, -0.16592224
-0.56901759, 0.59352398, -0.56913966
0.52182704, 0.12675816
0.13571496, 0.2925413, -0.1718491
0.24897, -0.61919004, -0.74471265
0.43814492, 0.13003433
0.17184904, 0.2925413, -0.13571495
0.74471265, -0.61919004, -0.24897
0.43822137, 0.11725903
0.12385912, 0.29255158, -0.08772508
-0.24909207, -0.61897641, 0.74483472
0.40428758, 0.11720824
0.0877261, 0.30234748, -0.12386023
-0.74471265, 0.61919004, 0.24897
0.59636563, 0.1250999
0.12385912, 0.29255158, -0.08772508
-0.24909207, -0.61897641, 0.74483472
0.61422145, 0.1222893
0.12386021, 0.30234748, -0.08772609
-0.24897, 0.61919004, 0.74471265
0.53693014, 0.12675691
0.12385912, 0.29255158, -0.08772508
-0.24909207, -0.61897641, 0.74483472
0.53692961, 0.12920588
0.16592114, 0.29254642, -0.09365295
0.56901759, -0.59352398, 0.56913966
0.55796057, 0.12920719
0.16592114, 0.29254642, -0.09365295
0.56901759, -0.59352398, 0.56913966
0.61125982, 0.12234765
0.17184904, 0.2925413, -0.13571495
0.74471265, -0.61919004, -0.24897
0.59024572, 0.12276965
0.17185017, 0.3023372, -0.13571592
0.74483472, 0.61897641, -0.24909207
0.59044242, 0.12521666
0.13571496, 0.2925413, -0.1718491
0.24897, -0.61919004, -0.74471265
0.57219326, 0.12313324
0.1357161, 0.3023372, -0.17185012
0.24909207, 0.61897641, -0.74483472
0.57238996, 0.12558025
0.12631881, 0.24634303, -0.1332455
-0.41975158, -0.80480361, -0.419599
0.42120537, 0.12484574
0.13324556, 0.24634296, -0.12631875
0.41956848, -0.80480361, 0.41975158
0.42122012, 0.12239677
0.1092533, 0.27189875, -0.10232651
-0.05917539, -0.35041353, 0.93469042
0.40425509, 0.12237138
0.10233198, 0.32300019, -0.10925873
-0.93462938, 0.35062715, 0.05911435
0.60407621, 0.13011199
0.15032186, 0.32299, -0.15724865
0.05917539, 0.35041353, -0.93469042
0.58010042, 0.13059235
0.15031646, 0.27188867, -0.15724319
0.05911435, -0.35062715, -0.93462938
0.57907468, 0.11782736
0.15724321, 0.27188858, -0.15031645
0.93462938, -0.35062715, -0.05911435
0.438189, 0.12242222
0.15724862, 0.32298991, -0.15032189
0.93469042, 0.35041353, -0.05917539
0.55362433, 0.12159628
0.10925872, 0.32300013, -0.102332
-0.05908383, 0.35062715, 0.93462938
0.52962941, 0.12159371
0.1092533, 0.27189875, -0.10232651
-0.05917539, -0.35041353, 0.93469042
0.52962667, 0.13436908
0.10232654, 0.27189881, -0.10925326
-0.93469042, -0.35041353, 0.05917539
0.52616328, 0.13436908
0.15724321, 0.27188858, -0.15031645
0.93462938, -0.35062715, -0.05911435
0.55362165, 0.13437158
0.15031646, 0.27188867, -0.15724319
0.05911435, -0.35062715, -0.93462938
0.55015826, 0.13437158
0.10233198, 0.32300019, -0.10925873
-0.93462938, 0.35062715, 0.05911435
0.40424421, 0.12482029
0.10925872, 0.32300013, -0.102332
-0.05908383, 0.35062715, 0.93462938
0.40425897, 0.12237138
0.13325636, 0.34854573, -0.12632968
0.41975158, 0.80480361, 0.419599
0.42122778, 0.12239683
0.15724862, 0.32298991, -0.15032189
0.93469042, 0.35041353, -0.05917539
0.43819275, 0.12242222
0.15032186, 0.32299, -0.15724865
0.05917539, 0.35041353, -0.93469042
0.43817809, 0.12487119
0.00629205, -0.06110278, -0.00629206
0.54896694, -0.63023776, -0.54896694
0.43823624, 0.44875246
0.00889831, -0.06110278, 0.0
0.77636033, -0.63023776, 0.0
0.45025092, 0.44626427
0.00629205, -0.06110278, 0.00629205
0.54896694, -0.63023776, 0.54896694
0.45522732, 0.44025689
-0.00629206, -0.06110278, 0.00629206
-0.54896694, -0.63023776, 0.54896694
0.43823624, 0.43176138
-0.00629206, -0.06110278, -0.00629206
-0.54896694, -0.63023776, -0.54896694
0.42124504, 0.44025689
0.0, -0.06110278, -0.00889831
0.0, -0.63023776, -0.77636033
0.1164432, 0.57493767
0.00889832, 0.29507321, -1e-08
0.77636033, 0.63023776, 0.0
0.45025092, 0.44626427
0.00629207, 0.29507321, -0.00629207
0.54896694, 0.63023776, -0.54896694
0.43823624, 0.44875246
1e-08, 0.29507321, -0.00889832
0.0, 0.63023776, -0.77636033
0.42622167, 0.44626427
-0.00629205, 0.29507321, -0.00629207
-0.54896694, 0.63023776, -0.54896694
0.42124504, 0.44025689
1e-08, 0.29507321, 0.0088983
0.0, 0.63023776, 0.77636033
0.45025092, 0.43424982
0.00889831, -0.06110278, 0.0
0.77636033, -0.63023776, 0.0
0.15593663, 0.61032674
-0.0, -0.06110278, 0.00889831
0.0, -0.63023776, 0.77636033
0.15593663, 0.59831205
-0.0, -0.06110278, 0.00889831
0.0, -0.63023776, 0.77636033
0.14047243, 0.57493767
-0.00889831, -0.06110278, 0.0
-0.77636033, -0.63023776, 0.0
0.15593663, 0.59831205
0.14214656, 0.31543177, -0.11670864
0.50669879, 0.70705283, 0.49324015
0.60020185, 0.12829638
0.15713069, 0.27863038, -0.15713067
0.48927274, -0.72194588, -0.48927274
0.55356538, 0.1326862
0.14772722, 0.28413916, -0.16653533
0.12836085, -0.5105136, -0.85021514
0.57467896, 0.12098098
0.14383334, 0.29743853, -0.17043206
-0.02105777, -9.156e-05, -0.99975586
0.57299984, 0.12434232
0.14773005, 0.31073788, -0.16653818
0.12848292, 0.51029998, -0.85030669
0.57521284, 0.12762529
0.15713471, 0.31624666, -0.1571347
0.48942533, 0.72173226, -0.48942533
0.55356741, 0.12328213
0.16653818, 0.31073788, -0.14773005
0.85030669, 0.51029998, -0.12848292
0.55826914, 0.1246593
0.14773005, 0.31073788, -0.16653818
0.12848292, 0.51029998, -0.85030669
0.44053352, 0.12697506
0.11151605, 0.31130385, -0.09192424
-0.1200293, 0.51524401, 0.84856713
0.40139067, 0.12012815
0.1115131, 0.2835969, -0.09192129
-0.12012085, -0.51503038, 0.84868926
0.53075659, 0.13144451
0.10172077, 0.31704217, -0.10172077
-0.48426771, 0.72862941, 0.48426771
0.52586043, 0.12308323
0.08786517, 0.29745039, -0.11557217
-0.99951172, 9.156e-05, -0.03079318
0.51893258, 0.12798113
0.10171658, 0.27785859, -0.10171657
-0.4844203, -0.72841579, 0.4844203
0.52585828, 0.13287908
0.16653535, 0.28413916, -0.14772721
0.85021514, -0.5105136, -0.12836085
0.4405714, 0.12032545
0.10171658, 0.27785859, -0.10171657
-0.4844203, -0.72841579, 0.4844203
0.4013674, 0.12359154
0.11670479, 0.27945715, -0.14214271
-0.49339274, -0.70705283, -0.5065462
0.53335243, 0.13247949
0.09192424, 0.31130385, -0.11151606
-0.84856713, 0.51524401, 0.1200293
0.60271305, 0.127213
0.09365407, 0.30234233, -0.16592224
-0.56901759, 0.59352398, -0.56913966
0.4211404, 0.13639653
0.0877261, 0.30234748, -0.12386023
-0.74471265, 0.61919004, 0.24897
0.40421179, 0.12998348
0.16592227, 0.30234233, -0.09365393
0.56913966, 0.59349346, 0.56901759
0.42129353, 0.11084598
0.1357161, 0.3023372, -0.17185012
0.24909207, 0.61897641, -0.74483472
0.54285806, 0.12675947
0.087725, 0.29255158, -0.12385923
-0.74483472, -0.61897641, 0.24909207
0.40421107, 0.12998354
0.09365294, 0.29254642, -0.16592127
-0.56913966, -0.59349346, -0.56901759
0.42113969, 0.13639653
0.16592114, 0.29254642, -0.09365295
0.56901759, -0.59352398, 0.56913966
0.42129275, 0.11084604
0.12386021, 0.30234748, -0.08772609
-0.24897, 0.61919004, 0.74471265
0.61441809, 0.12473631
0.16592227, 0.30234233, -0.09365393
0.56913966, 0.59349346, 0.56901759
0.55796117, 0.12675816
0.16592227, 0.30234233, -0.09365393
0.56913966, 0.59349346, 0.56901759
0.61145651, 0.12479466
0.10232654, 0.27189881, -0.10925326
-0.93469042, -0.35041353, 0.05917539
0.4042404, 0.12482035
0.12631881, 0.24634303, -0.1332455
-0.41975158, -0.80480361, -0.419599
0.59054971, 0.11120462
0.10232654, 0.27189881, -0.10925326
-0.93469042, -0.35041353, 0.05917539
0.60305035, 0.11734694
0.12632962, 0.34854582, -0.13325642
-0.41956848, 0.80480361, -0.41975158
0.59260118, 0.13673466
0.15031646, 0.27188867, -0.15724319
0.05911435, -0.35062715, -0.93462938
0.43817425, 0.12487113
0.1092533, 0.27189875, -0.10232651
-0.05917539, -0.35041353, 0.93469042
0.60651094, 0.1172772
0.13324556, 0.24634296, -0.12631875
0.41956848, -0.80480361, 0.41975158
0.59401029, 0.11113489
0.15724321, 0.27188858, -0.15031645
0.93462938, -0.35062715, -0.05911435
0.58253527, 0.11775762
0.15724862, 0.32298991, -0.15032189
0.93469042, 0.35041353, -0.05917539
0.583561, 0.13052261
0.13325636, 0.34854573, -0.12632968
0.41975158, 0.80480361, 0.419599
0.54162818, 0.11520731
0.10233198, 0.32300019, -0.10925873
-0.93462938, 0.35062715, 0.05911435
0.52616602, 0.12159371
0.15032186, 0.32299, -0.15724865
0.05917539, 0.35041353, -0.93469042
0.55016094, 0.12159628
0.12632962, 0.34854582, -0.13325642
-0.41956848, 0.80480361, -0.41975158
0.42121309, 0.12484574
0.14162727, 0.27785948, -0.16368891
0.32187873, -0.45103306, -0.83242285
0.46373925, 0.05803096
0.1638585, 0.26177287, -0.12162579
0.72469252, -0.67885375, 0.11795404
0.49191883, 0.03137195
0.12661514, 0.25170434, -0.12844515
-0.2298349, -0.9731437, 0.01098666
0.44471034, 0.03569406
0.1638585, 0.26177287, -0.12162579
0.72469252, -0.67885375, 0.11795404
0.61603194, 0.03137195
0.14162727, 0.27785948, -0.16368891
0.32187873, -0.45103306, -0.83242285
0.63642275, 0.05803096
0.16004038, 0.30723581, -0.14407797
0.86706138, 0.25083163, -0.43037203
0.67365938, 0.0456019
0.09574204, 0.29291779, -0.15865354
-0.80721456, -0.17438276, -0.56386
0.40557662, 0.05483961
0.14162727, 0.27785948, -0.16368891
0.32187873, -0.45103306, -0.83242285
0.31597289, 0.04227787
0.09574204, 0.29291779, -0.15865354
-0.80721456, -0.17438276, -0.56386
0.25781012, 0.03273416
0.12383417, 0.31979659, -0.17205784
-0.06360057, 0.49485764, -0.86660361
0.29341885, 0.01569879
0.16004038, 0.30723581, -0.14407797
0.86706138, 0.25083163, -0.43037203
0.33931273, 0.02365965
0.16680542, 0.29684457, -0.10212676
0.77373576, 0.10242012, 0.62511063
0.66048777, 0.01901388
0.13372983, 0.27365136, -0.10240617
-0.06225776, -0.49555954, 0.86629844
0.45372865, 0.01919103
0.09574204, 0.29291779, -0.15865354
-0.80721456, -0.17438276, -0.56386
0.65551019, 0.05483961
0.12661514, 0.25170434, -0.12844515
-0.2298349, -0.9731437, 0.01098666
0.6032694, 0.03569406
0.09684183, 0.28797656, -0.11094986
-0.82039857, -0.24292734, 0.5175634
0.64924681, 0.02460575
0.12383417, 0.31979659, -0.17205784
-0.06360057, 0.49485764, -0.86660361
0.68958092, 0.06333506
0.10247902, 0.3259162, -0.12523605
-0.69786674, 0.6990875, 0.15558337
0.69733799, 0.03366017
0.1438814, 0.33749786, -0.13097094
0.35792106, 0.93368328, 0.00772118
0.71201849, 0.03729486
0.1638585, 0.26177287, -0.12162579
0.72469252, -0.67885375, 0.11795404
0.34415251, 0.05247331
0.16680542, 0.29684457, -0.10212676
0.77373576, 0.10242012, 0.62511063
0.34788784, 0.03024548
0.13372983, 0.27365136, -0.10240617
-0.06225776, -0.49555954, 0.86629844
0.30596229, 0.04494488
0.12661514, 0.25170434, -0.12844515
-0.2298349, -0.9731437, 0.01098666
0.29694399, 0.05885464
0.09684183, 0.28797656, -0.11094986
-0.82039857, -0.24292734, 0.5175634
0.25920424, 0.03586584
0.12383417, 0.31979659, -0.17205784
-0.06360057, 0.49485764, -0.86660361
0.44118518, 0.06333506
0.10247902, 0.3259162, -0.12523605
-0.69786674, 0.6990875, 0.15558337
0.4141162, 0.03366017
0.1438814, 0.33749786, -0.13097094
0.35792106, 0.93368328, 0.00772118
0.46659651, 0.03729486
0.12567383, 0.31662092, -0.09637384
-0.13611256, 0.44566178, 0.88476211
0.29575071, 0.01771152
0.12567383, 0.31662092, -0.09637384
-0.13611256, 0.44566178, 0.88476211
0.68555564, 0.01536775
0.12567383, 0.31662092, -0.09637384
-0.13611256, 0.44566178, 0.88476211
0.44351706, 0.01536775
0.16680542, 0.29684457, -0.10212676
0.77373576, 0.10242012, 0.62511063
0.4956542, 0.01901388
-0.00169917, 0.29283771, -0.0038783
-0.81624806, -0.57734919, 0.01937925
0.6561166, 0.12151706
0.09999263, 0.30246285, -0.11051941
-0.01937925, 0.57734919, -0.81624806
0.40385905, 0.12545615
0.10695834, 0.30246282, -0.10387699
0.81624806, 0.57731867, -0.01937925
0.60635149, 0.12492764
0.10695834, 0.29283771, -0.10387699
0.81624806, -0.57734919, -0.01937925
0.4039878, 0.12305075
0.10695834, 0.29283771, -0.10387699
0.81624806, -0.57734919, -0.01937925
0.52847922, 0.12913436
-0.00169917, 0.29283771, -0.0038783
-0.81624806, -0.57734919, 0.01937925
0.47415042, 0.12913436
# Number of Faces:
144
# Face Data:
0, 1, 2
3, 4, 5
6, 7, 8
9, 10, 11
12, 13, 14
15, 16, 17
18, 19, 20
21, 22, 23
24, 18, 25
26, 27, 28
29, 30, 31
31, 30, 32
33, 34, 35
34, 36, 37
38, 39, 40
39, 41, 42
43, 44, 45
46, 47, 48
49, 50, 51
52, 53, 44
54, 55, 56
57, 58, 48
46, 58, 59
60, 61, 51
62, 49, 63
64, 65, 66
67, 68, 55
58, 57, 69
65, 64, 70
71, 72, 66
67, 73, 54
74, 75, 76
77, 71, 65
75, 78, 79
80, 81, 82
83, 84, 85
86, 87, 88
89, 90, 91
92, 82, 93
94, 95, 96
97, 98, 99
98, 100, 101
102, 103, 104
105, 106, 107
108, 103, 102
109, 110, 111
112, 111, 110
109, 113, 114
115, 116, 117
117, 118, 119
25, 18, 20
23, 120, 121
121, 122, 23
21, 123, 22
22, 124, 23
23, 122, 21
125, 24, 25
28, 126, 127
127, 128, 28
129, 26, 28
27, 130, 28
28, 128, 129
131, 29, 31
132, 31, 32
133, 33, 35
35, 34, 37
134, 38, 40
40, 39, 42
135, 43, 45
58, 46, 48
63, 49, 51
43, 52, 44
45, 44, 53
56, 136, 54
137, 138, 139
55, 140, 141
141, 56, 55
142, 57, 48
143, 46, 59
144, 63, 51
51, 145, 60
60, 146, 61
61, 147, 144
144, 51, 61
144, 62, 63
148, 64, 66
73, 67, 55
59, 58, 69
149, 65, 70
65, 71, 66
150, 67, 54
151, 74, 76
149, 77, 65
76, 75, 79
92, 80, 82
85, 152, 153
153, 83, 85
154, 84, 83
155, 86, 88
91, 156, 89
157, 89, 156
90, 158, 91
159, 92, 93
160, 94, 96
161, 97, 99
99, 98, 101
162, 102, 104
107, 163, 164
164, 105, 107
165, 106, 105
166, 108, 102
167, 168, 169
169, 170, 167
171, 110, 109
172, 112, 110
173, 109, 114
174, 115, 117
174, 117, 119
175, 176, 177
178, 179, 180
175, 177, 181
182, 183, 184
182, 184, 185
178, 180, 186
177, 176, 187
188, 189, 190
191, 188, 192
180, 191, 193
194, 195, 196
197, 196, 198
188, 190, 192
199, 200, 201
180, 193, 186
196, 195, 202
198, 196, 202
192, 190, 203
201, 200, 204
205, 201, 204
206, 0, 2
207, 3, 5
208, 6, 8
209, 9, 11
210, 12, 14
211, 15, 17
