# Project Zomboid Skinned Mesh
# File Version:
1.0
# Model Name:
Greatsword
# Vertex Stride Element Count:
3
# Vertex Stride Size (in bytes):
76
# Vertex Stride Data:
# (Int)    Offset
# (String) Type
0
VertexArray
12
NormalArray
24
TextureCoordArray
# Vertex Count:
389
# Vertex Buffer:
0.00387314, 0.09989855, -0.02224837
-0.3089999, 0.0, -0.95104831
0.8093859, 0.83463162
0.00583251, 0.10438687, -0.01955152
-0.12698752, 0.91161841, -0.39091158
0.8211993, 0.82945129
0.02003753, 0.10438687, -0.02416701
0.0, 0.91906494, -0.39408553
0.82113743, 0.79203635
0.02003753, 0.10438687, -0.02416701
0.0, 0.91906494, -0.39408553
0.69368273, 0.87674898
0.00583251, 0.10438687, -0.01955152
-0.12698752, 0.91161841, -0.39091158
0.73107755, 0.86453032
0.00887758, 0.10258485, -0.01536036
0.24216437, 0.62114322, 0.74529254
0.72303879, 0.85350439
0.00887758, 0.10258485, -0.01536036
0.24216437, 0.62114322, 0.74529254
0.81643963, 0.82143864
0.00887758, 0.09721224, -0.01536036
0.24216437, -0.62117374, 0.74529254
0.80228859, 0.82146201
0.02003753, 0.09721224, -0.01898644
0.0, -0.6402173, 0.76818138
0.80224001, 0.79206756
0.00887758, 0.09721224, -0.01536036
0.24216437, -0.62117374, 0.74529254
0.72303879, 0.85350439
0.00583251, 0.09541024, -0.01955152
-0.12698752, -0.91161841, -0.39091158
0.73107755, 0.86453032
0.02003753, 0.09541024, -0.02416701
0.0, -0.91906494, -0.39408553
0.69368273, 0.87674898
0.02003753, 0.09541024, -0.02416701
0.0, -0.91906494, -0.39408553
0.7974937, 0.79207543
0.00583251, 0.09541024, -0.01955152
-0.12698752, -0.91161841, -0.39091158
0.79755557, 0.82949036
-0.00387315, 0.09989855, -0.02224837
0.3089999, 0.0, -0.95104831
0.80941963, 0.85503474
-0.00583252, 0.09541024, -0.01955152
0.12698752, -0.91161841, -0.39091158
0.79760629, 0.86021516
-0.02003754, 0.09541024, -0.02416701
0.0, -0.91906494, -0.39408553
0.7976681, 0.89763007
-0.02003754, 0.09541024, -0.02416701
0.0, -0.91906494, -0.39408553
0.79923737, 0.87657455
-0.00583252, 0.09541024, -0.01955152
0.12698752, -0.91161841, -0.39091158
0.76180238, 0.86447954
-0.00887759, 0.09721224, -0.01536036
-0.24216437, -0.62114322, 0.74529254
0.7698046, 0.85342711
-0.02003754, 0.09721224, -0.01898644
0.0, -0.6402173, 0.76818138
0.80241442, 0.89762223
-0.00887759, 0.09721224, -0.01536036
-0.24216437, -0.62114322, 0.74529254
0.8023659, 0.86822775
-0.00887759, 0.10258485, -0.01536036
-0.24216437, 0.62114322, 0.74529254
0.81651694, 0.86820436
-0.02003754, 0.10438687, -0.02416701
0.0, 0.91906494, -0.39408553
0.79923737, 0.87657455
-0.02003754, 0.10258485, -0.01898644
0.0, 0.6402173, 0.76818138
0.79921484, 0.86292934
-0.00887759, 0.10258485, -0.01536036
-0.24216437, 0.62114322, 0.74529254
0.7698046, 0.85342711
-0.02003754, 0.10438687, -0.02416701
0.0, 0.91906494, -0.39408553
0.82131189, 0.89759099
-0.00583252, 0.10438687, -0.01955152
0.12698752, 0.91161841, -0.39091158
0.82125008, 0.86017609
0.00387315, 0.09989855, 0.02224837
-0.3089999, 0.0, 0.95104831
0.8093859, 0.83463162
0.02003753, 0.09989855, 0.0275005
0.0, 0.0, 1.0
0.80931556, 0.79205588
0.02003753, 0.10438687, 0.02416701
0.0, 0.91906494, 0.39408553
0.82113743, 0.79203635
0.02003753, 0.10438687, 0.02416701
0.0, 0.91906494, 0.39408553
0.69347233, 0.74944088
0.02003753, 0.10258485, 0.01898644
0.0, 0.6402173, -0.76818138
0.69349492, 0.76308611
0.00887759, 0.10258485, 0.01536036
0.24216437, 0.62114322, -0.74529254
0.7229051, 0.77258837
0.02003753, 0.10258485, 0.01898644
0.0, 0.6402173, -0.76818138
0.81639111, 0.79204419
0.02003753, 0.09721224, 0.01898644
0.0, -0.6402173, -0.76818138
0.80224001, 0.79206756
0.00887759, 0.09721224, 0.01536036
0.24216437, -0.62114322, -0.74529254
0.80228859, 0.82146201
0.00887759, 0.09721224, 0.01536036
0.24216437, -0.62114322, -0.74529254
0.7229051, 0.77258837
0.02003753, 0.09721224, 0.01898644
0.0, -0.6402173, -0.76818138
0.69349492, 0.76308611
0.02003753, 0.09541024, 0.02416701
0.0, -0.91906494, 0.39408553
0.69347233, 0.74944088
0.00583253, 0.09541024, 0.01955152
-0.12698752, -0.91161841, 0.39091158
0.79755557, 0.8294903
0.02003753, 0.09541024, 0.02416701
0.0, -0.91906494, 0.39408553
0.7974937, 0.79207543
0.03620191, 0.09989855, 0.02224837
0.58775598, 0.0, 0.80901515
0.80924523, 0.74948013
0.03424254, 0.10438687, 0.01955152
0.23163548, 0.91906494, 0.31882685
0.82107562, 0.75462148
0.03424254, 0.10438687, 0.01955152
0.23163548, 0.91906494, 0.31882685
0.6560775, 0.76165956
0.03119747, 0.10258485, 0.01536036
-0.45152134, 0.6402173, -0.6214484
0.6641162, 0.7726855
0.03119747, 0.10258485, 0.01536036
-0.45152134, 0.6402173, -0.6214484
0.81634247, 0.76264974
0.03119747, 0.09721224, 0.01536036
-0.45152134, -0.6402173, -0.6214484
0.80219144, 0.76267314
0.03119747, 0.09721224, 0.01536036
-0.45152134, -0.6402173, -0.6214484
0.6641162, 0.7726855
0.03424254, 0.09541024, 0.01955152
0.23163548, -0.91906494, 0.31882685
0.6560775, 0.76165956
0.03424254, 0.09541024, 0.01955152
0.23163548, -0.91906494, 0.31882685
0.79743183, 0.75466052
0.03620191, 0.09989855, 0.02224837
0.58775598, 0.0, 0.80901515
0.80925316, 0.7543031
0.04619207, 0.09989855, 0.00849812
0.95104831, 0.0, 0.3089999
0.80931306, 0.79052022
0.04302173, 0.10438687, 0.00746801
0.37479782, 0.91906494, 0.12176885
0.8211394, 0.7932139
0.04302173, 0.10438687, 0.00746801
0.37479782, 0.91906494, 0.12176885
0.63300639, 0.7935248
0.03809472, 0.10258485, 0.00586713
-0.73058259, 0.6402173, -0.23737296
0.64599073, 0.79771996
0.03809472, 0.10258485, 0.00586713
-0.73058259, 0.6402173, -0.23737296
0.81639999, 0.79743835
0.03809472, 0.09721224, 0.00586713
-0.73058259, -0.6402173, -0.23737296
0.80224895, 0.79746172
0.03119747, 0.09721224, 0.01536036
-0.45152134, -0.6402173, -0.6214484
0.80220759, 0.7724573
0.03809472, 0.09721224, 0.00586713
-0.73058259, -0.6402173, -0.23737296
0.64599073, 0.79771996
0.04302173, 0.09541024, 0.00746801
0.37479782, -0.91906494, 0.12176885
0.63300639, 0.7935248
0.04302173, 0.09541024, 0.00746801
0.37479782, -0.91906494, 0.12176885
0.7974956, 0.79325297
0.04619207, 0.09989855, -0.00849813
0.95104831, 0.0, -0.3089999
0.80938697, 0.83528703
0.04302173, 0.10438687, -0.00746802
0.37479782, 0.91906494, -0.12176885
0.82120442, 0.83255431
0.04302173, 0.10438687, -0.00746802
0.37479782, 0.91906494, -0.12176885
0.63307142, 0.83286521
0.03809472, 0.10258485, -0.00586714
-0.73058259, 0.6402173, 0.23737296
0.64604181, 0.82862708
0.03809472, 0.10258485, -0.00586714
-0.73058259, 0.6402173, 0.23737296
0.81645107, 0.82834548
0.03809472, 0.09721224, -0.00586714
-0.73058259, -0.6402173, 0.23737296
0.80229998, 0.82836887
0.03809472, 0.09721224, -0.00586714
-0.73058259, -0.6402173, 0.23737296
0.64604181, 0.82862708
0.04302173, 0.09541024, -0.00746802
0.37479782, -0.91906494, -0.12176885
0.63307142, 0.83286521
0.04302173, 0.09541024, -0.00746802
0.37479782, -0.91906494, -0.12176885
0.79756069, 0.83259338
0.03620193, 0.09989855, -0.02224836
0.58775598, 0.0, -0.80901515
0.80944681, 0.8715041
0.03424255, 0.10438687, -0.01955151
0.23163548, 0.91906494, -0.31882685
0.821257, 0.86438122
0.03424255, 0.10438687, -0.01955151
0.23163548, 0.91906494, -0.31882685
0.65624768, 0.86465392
0.03119748, 0.10258485, -0.01536035
-0.45152134, 0.6402173, 0.6214484
0.6642499, 0.85360149
0.03119748, 0.10258485, -0.01536035
-0.45152134, 0.6402173, 0.6214484
0.81649238, 0.85334989
0.03119748, 0.09721224, -0.01536035
-0.45152134, -0.6402173, 0.6214484
0.80234134, 0.85337329
0.03119748, 0.09721224, -0.01536035
-0.45152134, -0.6402173, 0.6214484
0.6642499, 0.85360149
0.03424255, 0.09541024, -0.01955151
0.23163548, -0.91906494, -0.31882685
0.65624768, 0.86465392
0.03424255, 0.09541024, -0.01955151
0.23163548, -0.91906494, -0.31882685
0.79761326, 0.86442029
0.03620193, 0.09989855, -0.02224836
0.58775598, 0.0, -0.80901515
0.80924523, 0.74948007
0.02003753, 0.09989855, -0.0275005
0.0, 0.0, -1.0
0.80931556, 0.79205588
0.02003753, 0.10258485, -0.01898644
0.0, 0.6402173, 0.76818138
0.69366014, 0.86310378
0.02003753, 0.10258485, -0.01898644
0.0, 0.6402173, 0.76818138
0.81639111, 0.79204419
0.03119748, 0.09721224, -0.01536035
-0.45152134, -0.6402173, 0.6214484
0.80219144, 0.76267311
0.02003753, 0.09721224, -0.01898644
0.0, -0.6402173, 0.76818138
0.69366014, 0.86310378
-0.00725632, 0.09522123, 1e-08
-0.75374615, 0.65712452, 0.0
0.79703027, 0.81292394
-0.00513099, 0.09522123, -0.00513098
-0.53297526, 0.65712452, -0.53297526
0.79705262, 0.82643861
-0.00671152, 0.06427602, -0.00671151
-0.70662558, 0.03634755, -0.70662558
0.71555221, 0.83073631
-0.00513099, 0.09522123, -0.00513098
-0.53297526, 0.65712452, -0.53297526
0.79710537, 0.85836816
-0.0, 0.09522123, -0.0072563
0.0, 0.65712452, -0.75374615
0.79708302, 0.84485355
-0.0, 0.06427602, -0.00949152
0.0, 0.03634755, -0.99932861
0.71557575, 0.84498826
0.00513098, 0.09522123, -0.00513098
0.53297526, 0.65712452, -0.53297526
0.79706073, 0.83133894
0.00671152, 0.06427602, -0.00671151
0.70662558, 0.03634755, -0.70662558
0.71554655, 0.82731059
0.00513098, 0.09522123, -0.00513098
0.53297526, 0.65712452, -0.53297526
0.79705262, 0.82643861
0.00725631, 0.09522123, 1e-08
0.75374615, 0.65712452, 0.0
0.79703027, 0.81292394
0.00949153, 0.06427602, 1e-08
0.99932861, 0.03634755, 0.0
0.715523, 0.81305864
0.00513098, 0.09522123, 0.005131
0.53297526, 0.65712452, 0.53297526
0.79700792, 0.79940933
0.00671152, 0.06427602, 0.00671153
0.70662558, 0.03634755, 0.70662558
0.7154938, 0.79538101
0.00671152, 0.06427602, 0.00671153
0.70662558, 0.03634755, 0.70662558
0.71554655, 0.82731059
0.00513098, 0.09522123, 0.005131
0.53297526, 0.65712452, 0.53297526
0.79706073, 0.83133894
-0.0, 0.09522123, 0.00725632
0.0, 0.65712452, 0.75374615
0.79708302, 0.84485355
0.00513098, 0.09522123, 0.005131
0.53297526, 0.65712452, 0.53297526
0.44414973, 0.30741656
0.00725631, 0.09522123, 1e-08
0.75374615, 0.65712452, 0.0
0.44036254, 0.31684041
-0.0, 0.09522123, -0.0072563
0.0, 0.65712452, -0.75374615
0.45377204, 0.32996947
-0.00671152, 0.06427602, 0.00671154
-0.70662558, 0.03634755, 0.70662558
0.7154938, 0.79538101
-0.00513099, 0.09522123, 0.005131
-0.53297526, 0.65712452, 0.53297526
0.79700792, 0.79940933
-0.00513099, 0.09522123, 0.005131
-0.53297526, 0.65712452, 0.53297526
0.79710537, 0.85836816
-0.00671152, 0.06427602, 0.00671154
-0.70662558, 0.03634755, 0.70662558
0.71560496, 0.86266589
1e-08, -0.08792733, 0.00968263
0.0, -0.0359508, 0.99932861
0.31468379, 0.84565073
1e-08, -0.12405337, 0.00700878
0.0, -0.65776545, 0.75319684
0.21953052, 0.845808
0.00495595, -0.12405337, 0.00495595
0.53257853, -0.65776545, 0.53257853
0.21950898, 0.8327544
0.00495595, -0.12405337, -0.00495593
0.53257853, -0.65776545, -0.53257853
0.44466481, 0.32585865
0.00495595, -0.12405337, 0.00495595
0.53257853, -0.65776545, 0.53257853
0.44447312, 0.30773324
-0.00495593, -0.12405337, 0.00495595
-0.53257853, -0.65776545, 0.53257853
0.46259865, 0.30754161
0.00684665, -0.08792733, -0.00684663
0.70662558, -0.0359508, -0.70662558
0.31466085, 0.83175465
0.00968263, -0.08792733, 1e-08
0.99932861, -0.0359508, 0.0
0.31463104, 0.81372115
0.00700877, -0.12405337, 1e-08
0.75319684, -0.65776545, 0.0
0.21947777, 0.81387839
-0.00684664, -0.08792733, -0.00684663
-0.70662558, -0.0359508, -0.70662558
0.31466085, 0.83175465
-0.00495593, -0.12405337, -0.00495593
-0.53257853, -0.65776545, -0.53257853
0.21949935, 0.82693192
-0.00700876, -0.12405337, 1e-08
-0.75319684, -0.65776545, 0.0
0.21947777, 0.81387839
-0.00684664, -0.08792733, 0.00684665
-0.70662558, -0.0359508, 0.70662558
0.3147136, 0.86368427
-0.00495593, -0.12405337, 0.00495595
-0.53257853, -0.65776545, 0.53257853
0.2195521, 0.85886157
1e-08, -0.08792733, -0.00968261
0.0, -0.0359508, -0.99932861
0.31468379, 0.84565073
1e-08, -0.12405337, -0.00700875
0.0, -0.65776545, -0.75319684
0.21953052, 0.845808
-0.00495593, -0.12405337, -0.00495593
-0.53257853, -0.65776545, -0.53257853
0.2195521, 0.85886157
0.00684665, -0.08792733, 0.00684665
0.70662558, -0.0359508, 0.70662558
0.31460124, 0.79568759
0.00495595, -0.12405337, 0.00495595
0.53257853, -0.65776545, 0.53257853
0.2194562, 0.80082482
-0.00968261, -0.08792733, 1e-08
-0.99932861, -0.0359508, 0.0
0.31463104, 0.81372115
-0.00495593, -0.12405337, 0.00495595
-0.53257853, -0.65776545, 0.53257853
0.2194562, 0.80082482
0.00684665, -0.08792733, -0.00684663
0.70662558, -0.0359508, -0.70662558
0.31465399, 0.8276172
0.00495595, -0.12405337, -0.00495593
0.53257853, -0.65776545, -0.53257853
0.21950898, 0.8327544
-0.00491373, 0.10878289, 0.11976597
-0.56212044, 0.62892544, 0.53703421
0.51394331, 0.34721911
-0.00491372, 0.09621315, 0.1216009
-0.55259866, -0.52601701, 0.64644307
0.49095753, 0.34746218
0.00491373, 0.09621315, 0.1216009
0.55259866, -0.52601701, 0.64644307
0.49076754, 0.32949114
-0.00491374, 0.10878289, -0.11976597
-0.56212044, 0.62892544, -0.53703421
0.51592976, 0.53507632
-0.00491374, 0.09621315, -0.1216009
-0.55259866, -0.52601701, -0.64644307
0.4929795, 0.53867492
-0.00990432, 0.09309072, -0.0428348
-0.70928067, -0.70397043, -0.03628651
0.48574656, 0.39469934
0.00491372, 0.10878289, -0.11976597
0.56212044, 0.62892544, -0.53703421
0.51375329, 0.32924807
0.00491372, 0.09621315, -0.1216009
0.55259866, -0.52601701, -0.64644307
0.49076754, 0.32949114
-0.00491374, 0.09621315, -0.1216009
-0.55259866, -0.52601701, -0.64644307
0.49095753, 0.34746218
0.00491373, 0.10878289, 0.11976597
0.56212044, 0.62892544, 0.53703421
0.51129794, 0.09705538
0.00491373, 0.09621315, 0.1216009
0.55259866, -0.52601701, 0.64644307
0.48827672, 0.093943
0.00990432, 0.09309072, 0.0428348
0.70928067, -0.70397043, 0.03628651
0.48409003, 0.23803931
0.00990431, 0.09309072, -0.04283481
0.70928067, -0.70397043, -0.03628651
0.43634847, 0.39522171
-0.00990432, 0.09309072, -0.0428348
-0.70928067, -0.70397043, -0.03628651
0.47257158, 0.39483863
-0.00491374, 0.09621315, -0.1216009
-0.55259866, -0.52601701, -0.64644307
0.46496868, 0.53897107
-0.00990432, 0.10600741, 0.0428348
-0.71807003, 0.695822, 0.01123081
0.47091499, 0.23817867
-0.00491373, 0.10878289, 0.11976597
-0.56212044, 0.62892544, 0.53703421
0.46030137, 0.09759462
0.00491373, 0.10878289, 0.11976597
0.56212044, 0.62892544, 0.53703421
0.4423303, 0.0977847
-0.00491373, 0.10878289, 0.11976597
-0.56212044, 0.62892544, 0.53703421
0.51129794, 0.09705538
-0.00990432, 0.10600741, 0.0428348
-0.71807003, 0.695822, 0.01123081
0.50771016, 0.23778951
-0.00990432, 0.09309072, 0.04283481
-0.70928067, -0.70397043, 0.03628651
0.48409003, 0.23803931
-0.00990432, 0.10600741, -0.04283481
-0.71807003, 0.695822, -0.01123081
0.50936675, 0.39444959
0.00491372, 0.10878289, -0.11976597
0.56212044, 0.62892544, -0.53703421
0.51592976, 0.53507632
0.00990431, 0.10600741, -0.0428348
0.71807003, 0.695822, -0.01123081
0.50936675, 0.39444959
0.00990431, 0.09309072, -0.04283481
0.70928067, -0.70397043, -0.03628651
0.48574656, 0.39469934
0.00990432, 0.10600741, 0.04283481
0.71807003, 0.695822, 0.01123081
0.50771016, 0.23778951
0.00491373, 0.09621315, 0.1216009
0.55259866, -0.52601701, 0.64644307
0.44229478, 0.09442914
-0.00491372, 0.09621315, 0.1216009
-0.55259866, -0.52601701, 0.64644307
0.4602659, 0.09423923
-0.00990432, 0.09309072, 0.04283481
-0.70928067, -0.70397043, 0.03628651
0.47091499, 0.23817861
0.00990432, 0.09309072, 0.0428348
0.70928067, -0.70397043, 0.03628651
0.43469188, 0.23856169
-0.00491374, 0.10878289, -0.11976597
-0.56212044, 0.62892544, -0.53703421
0.46493322, 0.53561565
-0.00990432, 0.10600741, -0.04283481
-0.71807003, 0.695822, -0.01123081
0.47257158, 0.39483863
0.00990431, 0.10600741, -0.0428348
0.71807003, 0.695822, -0.01123081
0.43634847, 0.39522171
0.01096775, -0.14171658, 0.01685268
0.63023776, 0.0, 0.77636033
0.74982828, 0.31567979
-0.01096773, -0.14171663, 0.01685268
-0.63023776, 0.0, 0.77636033
0.75025231, 0.35579228
-0.01096772, -0.15363325, 0.01191666
-0.63023776, -0.54896694, 0.54896694
0.72846091, 0.35602272
-0.01096772, -0.15363325, 0.01191666
-0.63023776, -0.54896694, 0.54896694
0.47345749, 0.29469669
-0.01096772, -0.15856934, 1e-08
-0.63023776, -0.77636033, 0.0
0.47368792, 0.31648809
0.01096776, -0.15856926, 1e-08
0.63023776, -0.77636033, 0.0
0.43357557, 0.31691229
-0.01096775, -0.12486395, 1e-08
-0.63023776, 0.77636033, 0.0
0.78062356, 0.31324238
-0.01096772, -0.15363325, -0.01191662
-0.63023776, -0.54896694, -0.54896694
0.7282449, 0.33559012
-0.01096772, -0.15856934, 1e-08
-0.63023776, -0.77636033, 0.0
0.71898806, 0.31389421
-0.01096773, -0.12979996, 0.01191666
-0.63023776, 0.54896694, 0.54896694
0.7720437, 0.35556185
0.01096774, -0.12486392, 1e-08
0.63023776, 0.77636033, 0.0
0.43357557, 0.31691229
-0.01096775, -0.12486395, 1e-08
-0.63023776, 0.77636033, 0.0
0.47368792, 0.31648809
-0.01096773, -0.12979996, 0.01191666
-0.63023776, 0.54896694, 0.54896694
0.47345749, 0.29469669
-0.01096773, -0.12979996, -0.01191662
-0.63023776, 0.54896694, -0.54896694
0.47391838, 0.33827949
0.01096775, -0.15363324, -0.01191663
0.63023776, -0.54896694, -0.54896694
0.72803688, 0.31591022
-0.01096772, -0.15363325, -0.01191662
-0.63023776, -0.54896694, -0.54896694
0.72846091, 0.35602272
-0.01096773, -0.14171663, -0.01685267
-0.63023776, 0.0, -0.77636033
0.75025231, 0.35579228
-0.01096772, -0.15363325, -0.01191662
-0.63023776, -0.54896694, -0.54896694
0.47391838, 0.33827949
-0.01096773, -0.12979996, -0.01191662
-0.63023776, 0.54896694, -0.54896694
0.7720437, 0.35556185
0.01096773, -0.12979996, -0.01191663
0.63023776, 0.54896694, -0.54896694
0.7716195, 0.31544942
0.01096773, -0.12979996, -0.01191663
0.63023776, 0.54896694, -0.54896694
0.7718277, 0.33512926
0.01096774, -0.12486392, 1e-08
0.63023776, 0.77636033, 0.0
0.78062356, 0.31324238
0.01096775, -0.14171658, 0.01685268
0.63023776, 0.0, 0.77636033
0.74948013, 0.28275061
0.0, -0.11905809, 0.00558035
0.0, 0.0, 1.0
0.09720597, 0.34263933
2e-08, -0.13365507, 0.00558035
0.0, 0.0, 1.0
0.07051313, 0.34292161
0.00394592, -0.13365507, 0.00394591
0.70708334, 0.0, 0.70708334
0.07043684, 0.33570588
0.00394592, -0.13365507, 0.00394591
0.70708334, 0.0, 0.70708334
0.07020241, 0.31353819
0.00558037, -0.13365507, 1e-08
1.0, 0.0, 0.0
0.0702787, 0.32075393
0.00558035, -0.11905804, 1e-08
1.0, 0.0, 0.0
0.0969716, 0.32047164
-0.00394588, -0.13365507, 0.00394591
-0.70708334, 0.0, 0.70708334
0.07058942, 0.35013729
-0.00558033, -0.13365507, 1e-08
-0.99996948, 0.0, 0.0
0.0702787, 0.32075393
-0.00394588, -0.13365507, 0.00394591
-0.70708334, 0.0, 0.70708334
0.07020241, 0.31353819
-0.0039459, -0.11905809, 0.00394591
-0.70708334, 0.0, 0.70708334
0.09689525, 0.31325597
-0.0039459, -0.11905809, -0.00394589
-0.70708334, 0.0, -0.70708334
0.09704784, 0.32768738
-0.00394588, -0.13365507, -0.00394589
-0.70708334, 0.0, -0.70708334
0.070355, 0.32796955
0.00394592, -0.13365507, -0.00394589
0.70708334, 0.0, -0.70708334
0.07043684, 0.33570588
2e-08, -0.13365507, -0.00558034
0.0, 0.0, -1.0
0.07051313, 0.34292161
0.0, -0.11905809, -0.00558034
0.0, 0.0, -1.0
0.09720597, 0.34263933
0.00394592, -0.13365507, -0.00394589
0.70708334, 0.0, -0.70708334
0.070355, 0.32796955
0.0039459, -0.11905804, -0.00394589
0.70708334, 0.0, -0.70708334
0.0970479, 0.32768738
-0.00394588, -0.13365507, -0.00394589
-0.70708334, 0.0, -0.70708334
0.07058942, 0.35013729
-0.00585707, 0.26809216, 4e-08
-0.99996948, -0.00561541, 0.0
0.80493534, 0.31298524
-0.00792801, 0.26809216, -0.00480122
-0.99893183, -0.00097659, -0.04608295
0.8050282, 0.32176507
-0.007928, 0.17569891, -0.00477249
-0.9974975, 0.00085452, 0.07049776
0.63607234, 0.32349914
-1e-08, 0.26809216, -0.01952215
0.0, 0.00686666, -0.99996948
0.80531275, 0.34868461
-1e-08, 0.20176589, -0.01952215
0.0, 0.21625416, -0.97631764
0.66168815, 0.35020339
0.00792799, 0.26809216, -0.00480122
0.99893183, -0.00097659, -0.04608295
0.8050282, 0.32176507
0.007928, 0.17569891, -0.00477249
0.9974975, 0.00085452, 0.07049776
0.63607234, 0.32349914
0.00585705, 0.26809216, 4e-08
0.99996948, -0.00561541, 0.0
0.80493534, 0.31298524
0.00792799, 0.26809216, 0.00480129
0.99893183, -0.00097659, 0.04608295
0.80484247, 0.30420542
0.007928, 0.17569891, 0.00477256
0.9974975, 0.00085452, -0.07049776
0.63588774, 0.30604458
-1e-08, 0.26809216, 0.01952215
0.0, 0.00686666, 0.99996948
0.8045578, 0.27728611
-0.0, 0.20176589, 0.01952215
0.0, 0.21625416, 0.97631764
0.66093314, 0.27880484
-0.007928, 0.17569891, 0.00477256
-0.9974975, 0.00085452, -0.07049776
0.63588774, 0.30604458
-0.00792801, 0.26809216, 0.00480129
-0.99893183, -0.00097659, 0.04608295
0.80484247, 0.30420542
0.00792799, 0.26809216, -0.00480122
0.99893183, -0.00097659, -0.04608295
0.1107592, 0.32910663
-1e-08, 0.26809216, -0.01952215
0.0, 0.00686666, -0.99996948
0.11104384, 0.35602617
-2e-08, 0.50673223, -0.01622795
0.0, 0.02096622, -0.99975586
0.54737014, 0.34538758
-0.00857995, 0.50673223, 3e-08
-0.99993896, 0.01098666, 0.0
0.54705638, 0.31571221
-2e-08, 0.50673223, 0.01622795
0.0, 0.02096622, 0.99975586
0.54674256, 0.28603697
-3e-08, 0.70511806, 0.01083206
0.0, 0.07232887, 0.99737543
0.90962601, 0.292068
0.00857991, 0.50673223, 3e-08
0.99993896, 0.01098666, 0.0
0.54705638, 0.31571221
0.00561099, 0.70511806, 3e-08
0.99923706, 0.03830073, 0.0
0.9098354, 0.31187606
-3e-08, 0.70511806, 0.01083206
0.0, 0.07232887, 0.99737543
0.2153571, 0.29940945
0.00561099, 0.70511806, 3e-08
0.99923706, 0.03830073, 0.0
0.21556649, 0.3192175
-3e-08, 0.79515421, 3e-08
0.0, 0.99996948, 0.0
0.38021132, 0.31747651
-0.00561104, 0.70511806, 3e-08
-0.99923706, 0.03830073, 0.0
0.9098354, 0.31187606
-3e-08, 0.70511806, -0.01083202
0.0, 0.07232887, -0.99737543
0.91004491, 0.33168411
-3e-08, 0.70511806, -0.01083202
0.0, 0.07232887, -0.99737543
0.215776, 0.33902556
-0.00561104, 0.70511806, 3e-08
-0.99923706, 0.03830073, 0.0
0.21556649, 0.3192175
-0.00792801, 0.26809216, -0.00480122
-0.99893183, -0.00097659, -0.04608295
0.1107592, 0.32910663
-0.00585707, 0.26809216, 4e-08
-0.99996948, -0.00561541, 0.0
0.11066633, 0.32032681
-0.00792801, 0.26809216, 0.00480129
-0.99893183, -0.00097659, 0.04608295
0.11057347, 0.31154692
-1e-08, 0.26809216, 0.01952215
0.0, 0.00686666, 0.99996948
0.11028883, 0.28462756
0.00792799, 0.26809216, 0.00480129
0.99893183, -0.00097659, 0.04608295
0.11057347, 0.31154692
0.00585705, 0.26809216, 4e-08
0.99996948, -0.00561541, 0.0
0.11066633, 0.32032681
-1e-08, 0.17569891, -0.05808065
0.0, 0.00509659, -0.99996948
0.63672519, 0.38524067
-0.0, 0.14890927, -0.01966698
0.0, -0.20786157, -0.97814876
0.60970837, 0.35101783
-0.0, 0.10062937, -0.01966698
0.0, -0.55253762, -0.83346051
0.49908409, 0.35218757
-0.007928, 0.10062937, -0.00483685
-0.78270823, -0.6214484, -0.03390606
0.49879733, 0.32506847
0.007928, 0.10062937, 0.0048369
0.78270823, -0.6214484, 0.03390606
0.49861029, 0.30737853
0.00585706, 0.10062937, 4e-08
0.58998382, -0.80736715, 0.0
0.49870381, 0.31622356
-0.0, 0.14890927, 0.01966698
0.0, -0.20786157, 0.97814876
0.60894775, 0.27908975
-0.0, 0.10062937, 0.01966698
0.0, -0.55253762, 0.83346051
0.49832353, 0.28025949
0.007928, 0.10062937, -0.00483685
0.78270823, -0.6214484, -0.03390606
0.49879733, 0.32506847
-0.007928, 0.10062937, 0.0048369
-0.78270823, -0.6214484, 0.03390606
0.49861029, 0.30737853
-0.0, 0.17569891, 0.05808065
0.0, 0.00509659, 0.99996948
0.63523489, 0.24430329
0.007928, 0.10062937, -0.00483685
0.78270823, -0.6214484, -0.03390606
0.43922782, 0.32569838
0.00585706, 0.10062937, 4e-08
0.58998382, -0.80736715, 0.0
0.44292122, 0.31681341
-0.007928, 0.10062937, -0.00483685
-0.78270823, -0.6214484, -0.03390606
0.46822289, 0.32539177
0.00585705, 0.17569891, 4e-08
1.0, 0.0, 0.0
0.63598007, 0.31477195
-0.00585706, 0.17569891, 4e-08
-1.0, 0.0, 0.0
0.63598007, 0.31477195
-0.00585706, 0.10062937, 4e-08
-0.58998382, -0.80736715, 0.0
0.49870381, 0.31622356
0.0, 0.06427602, 0.00949154
0.0, 0.03634755, 0.99932861
0.71557575, 0.84498826
0.00684665, -0.08792733, 0.00684665
0.70662558, -0.0359508, 0.70662558
0.31465399, 0.8276172
-0.00684664, -0.08792733, -0.00684663
-0.70662558, -0.0359508, -0.70662558
0.3147136, 0.86368427
-0.00949153, 0.06427602, 1e-08
-0.99932861, 0.03634755, 0.0
0.715523, 0.81305864
-0.00684664, -0.08792733, 0.00684665
-0.70662558, -0.0359508, 0.70662558
0.31460124, 0.79568759
-0.00583253, 0.10438687, 0.01955152
0.12698752, 0.91161841, 0.39091158
0.82125008, 0.86017609
-0.02003753, 0.10438687, 0.02416701
0.0, 0.91906494, 0.39408553
0.82131189, 0.89759099
-0.02003753, 0.09989855, 0.0275005
0.0, 0.0, 1.0
0.80948997, 0.89761052
-0.00887759, 0.10258485, 0.01536036
-0.24216437, 0.62114322, -0.74529254
0.7696709, 0.77251109
-0.02003753, 0.10258485, 0.01898644
0.0, 0.6402173, -0.76818138
0.7990495, 0.76291168
-0.02003753, 0.10438687, 0.02416701
0.0, 0.91906494, 0.39408553
0.79902697, 0.74926645
-0.00887759, 0.09721224, 0.01536036
-0.24216437, -0.62114322, -0.74529254
0.8023659, 0.86822781
-0.02003753, 0.09721224, 0.01898644
0.0, -0.6402173, -0.76818138
0.80241442, 0.89762223
-0.02003753, 0.10258485, 0.01898644
0.0, 0.6402173, -0.76818138
0.81656551, 0.89759883
-0.00887759, 0.09721224, 0.01536036
-0.24216437, -0.62114322, -0.74529254
0.7696709, 0.77251109
-0.00583253, 0.09541024, 0.01955152
0.12698752, -0.91161841, 0.39091158
0.76163214, 0.76148513
-0.02003753, 0.09541024, 0.02416701
0.0, -0.91906494, 0.39408553
0.79902697, 0.74926645
-0.00583253, 0.09541024, 0.01955152
0.12698752, -0.91161841, 0.39091158
0.79760629, 0.86021516
-0.00387315, 0.09989855, 0.02224837
0.3089999, 0.0, 0.95104831
0.80941963, 0.85503474
-0.03424254, 0.10438687, 0.01955152
-0.23163548, 0.91906494, 0.31882685
0.8213737, 0.9350059
-0.03620191, 0.09989855, 0.02224838
-0.58775598, 0.0, 0.80901515
0.80956036, 0.94018629
-0.03119747, 0.10258485, 0.01536036
0.45152134, 0.6402173, -0.6214484
0.82845974, 0.77241394
-0.03119747, 0.09721224, 0.01536036
0.45152134, -0.6402173, -0.6214484
0.80246305, 0.92701662
-0.03119747, 0.10258485, 0.01536036
0.45152134, 0.6402173, -0.6214484
0.81661409, 0.92699325
-0.03424254, 0.09541024, 0.01955152
-0.23163548, -0.91906494, 0.31882685
0.83646196, 0.76136145
-0.03119747, 0.09721224, 0.01536036
0.45152134, -0.6402173, -0.6214484
0.82845974, 0.77241394
-0.02003753, 0.09541024, 0.02416701
0.0, -0.91906494, 0.39408553
0.7976681, 0.89763007
-0.03424254, 0.10438687, 0.01955152
-0.23163548, 0.91906494, 0.31882685
0.82108676, 0.76138687
-0.04302173, 0.10438686, 0.00746802
-0.37479782, 0.91906494, 0.12176885
0.8211394, 0.7932139
-0.04619207, 0.09989855, 0.00849812
-0.95104831, 0.0, 0.3089999
0.80931306, 0.79052022
-0.03424254, 0.10438687, 0.01955152
-0.23163548, 0.91906494, 0.31882685
0.83646196, 0.76136145
-0.03809472, 0.10258485, 0.00586714
0.73058259, 0.6402173, -0.23737296
0.84666789, 0.79738832
-0.03119747, 0.09721224, 0.01536036
0.45152134, -0.6402173, -0.6214484
0.80220759, 0.7724573
-0.03809472, 0.09721224, 0.00586714
0.73058259, -0.6402173, -0.23737296
0.80224895, 0.79746172
-0.03809472, 0.10258485, 0.00586714
0.73058259, 0.6402173, -0.23737296
0.81639999, 0.79743835
-0.04302173, 0.09541024, 0.00746802
-0.37479782, -0.91906494, 0.12176885
0.85963827, 0.79315028
-0.03809472, 0.09721224, 0.00586714
0.73058259, -0.6402173, -0.23737296
0.84666789, 0.79738832
-0.03620191, 0.09989855, 0.02224838
-0.58775598, 0.0, 0.80901515
0.80925316, 0.7543031
-0.04302173, 0.09541024, 0.00746802
-0.37479782, -0.91906494, 0.12176885
0.7974956, 0.79325297
-0.04302173, 0.10438686, -0.00746802
-0.37479782, 0.91906494, -0.12176885
0.82120442, 0.83255431
-0.04619207, 0.09989855, -0.00849812
-0.95104831, 0.0, -0.3089999
0.80938697, 0.83528703
-0.04302173, 0.10438686, 0.00746802
-0.37479782, 0.91906494, 0.12176885
0.85963827, 0.79315028
-0.03809472, 0.10258485, -0.00586713
0.73058259, 0.6402173, 0.23737296
0.84671891, 0.82829547
-0.03809472, 0.09721224, -0.00586713
0.73058259, -0.6402173, 0.23737296
0.80229998, 0.82836887
-0.03809472, 0.10258485, -0.00586713
0.73058259, 0.6402173, 0.23737296
0.81645107, 0.82834548
-0.04302173, 0.09541024, -0.00746802
-0.37479782, -0.91906494, -0.12176885
0.8597033, 0.83249068
-0.03809472, 0.09721224, -0.00586713
0.73058259, -0.6402173, 0.23737296
0.84671891, 0.82829547
-0.04302173, 0.09541024, -0.00746802
-0.37479782, -0.91906494, -0.12176885
0.79756069, 0.83259338
-0.03424255, 0.10438687, -0.01955151
-0.23163548, 0.91906494, -0.31882685
0.821257, 0.86438122
-0.03620193, 0.09989855, -0.02224836
-0.58775598, 0.0, -0.80901515
0.80944681, 0.8715041
-0.03119749, 0.10258485, -0.01536034
0.45152134, 0.6402173, 0.6214484
0.82859349, 0.8533299
-0.03424255, 0.10438687, -0.01955151
-0.23163548, 0.91906494, -0.31882685
0.83663213, 0.86435583
-0.03119749, 0.09721224, -0.01536034
0.45152134, -0.6402173, 0.6214484
0.80234134, 0.85337329
-0.03119749, 0.10258485, -0.01536034
0.45152134, 0.6402173, 0.6214484
0.81649238, 0.85334989
-0.03424255, 0.09541024, -0.01955151
-0.23163548, -0.91906494, -0.31882685
0.83663213, 0.86435583
-0.03424255, 0.10438687, -0.01955151
-0.23163548, 0.91906494, -0.31882685
0.8213737, 0.9350059
-0.02003754, 0.09989855, -0.0275005
0.0, 0.0, -1.0
0.80948997, 0.89761052
-0.03119749, 0.09721224, -0.01536034
0.45152134, -0.6402173, 0.6214484
0.80246305, 0.92701668
-0.02003754, 0.10258485, -0.01898644
0.0, 0.6402173, 0.76818138
0.81656551, 0.89759883
-0.02003754, 0.09721224, -0.01898644
0.0, -0.6402173, 0.76818138
0.79921484, 0.86292934
-0.03424255, 0.09541024, -0.01955151
-0.23163548, -0.91906494, -0.31882685
0.79772997, 0.93504497
-0.03620193, 0.09989855, -0.02224836
-0.58775598, 0.0, -0.80901515
0.80956036, 0.94018629
-0.00583252, 0.10438687, -0.01955152
0.12698752, 0.91161841, -0.39091158
0.76180238, 0.86447954
0.00583253, 0.10438687, 0.01955152
-0.12698752, 0.91161841, 0.39091158
0.8211993, 0.82945123
0.00583253, 0.10438687, 0.01955152
-0.12698752, 0.91161841, 0.39091158
0.73090732, 0.76153591
0.00887759, 0.10258485, 0.01536036
0.24216437, 0.62114322, -0.74529254
0.81643963, 0.82143864
0.00583253, 0.09541024, 0.01955152
-0.12698752, -0.91161841, 0.39091158
0.73090732, 0.76153591
0.03424254, 0.10438687, 0.01955152
0.23163548, 0.91906494, 0.31882685
0.82108676, 0.76138687
0.03119747, 0.10258485, 0.01536036
-0.45152134, 0.6402173, -0.6214484
0.81635869, 0.77243394
0.03424254, 0.09541024, 0.01955152
0.23163548, -0.91906494, 0.31882685
0.79744303, 0.76142594
0.03424255, 0.10438687, -0.01955151
0.23163548, 0.91906494, -0.31882685
0.82107562, 0.75462142
0.03119748, 0.10258485, -0.01536035
-0.45152134, 0.6402173, 0.6214484
0.81634247, 0.76264971
0.03424255, 0.09541024, -0.01955151
0.23163548, -0.91906494, -0.31882685
0.79743183, 0.75466046
-0.00671152, 0.06427602, -0.00671151
-0.70662558, 0.03634755, -0.70662558
0.71560496, 0.86266589
0.00671152, 0.06427602, -0.00671151
0.70662558, 0.03634755, -0.70662558
0.71555221, 0.83073631
-0.00513099, 0.09522123, -0.00513098
-0.53297526, 0.65712452, -0.53297526
0.46311373, 0.32598376
-0.00725632, 0.09522123, 1e-08
-0.75374615, 0.65712452, 0.0
0.46690109, 0.31655979
-0.00513099, 0.09522123, 0.005131
-0.53297526, 0.65712452, 0.53297526
0.46291527, 0.30721813
-0.0, 0.09522123, 0.00725632
0.0, 0.65712452, 0.75374615
0.45349142, 0.3034308
0.00513098, 0.09522123, -0.00513098
0.53297526, 0.65712452, -0.53297526
0.44434819, 0.32618213
-0.00700876, -0.12405337, 1e-08
-0.75319684, -0.65776545, 0.0
0.4664484, 0.31656456
-0.00495593, -0.12405337, -0.00495593
-0.53257853, -0.65776545, -0.53257853
0.46279034, 0.32566702
1e-08, -0.12405337, -0.00700875
0.0, -0.65776545, -0.75319684
0.45376727, 0.32951671
0.00700877, -0.12405337, 1e-08
0.75319684, -0.65776545, 0.0
0.44081506, 0.31683564
1e-08, -0.12405337, 0.00700878
0.0, -0.65776545, 0.75319684
0.45349619, 0.30388355
0.00495595, -0.12405337, -0.00495593
0.53257853, -0.65776545, -0.53257853
0.21949935, 0.82693192
0.00491373, 0.10878289, 0.11976597
0.56212044, 0.62892544, 0.53703421
0.51375329, 0.32924807
-0.00491374, 0.10878289, -0.11976597
-0.56212044, 0.62892544, -0.53703421
0.51394331, 0.34721911
0.00491372, 0.09621315, -0.1216009
0.55259866, -0.52601701, -0.64644307
0.44699761, 0.53916115
0.00990432, 0.10600741, 0.04283481
0.71807003, 0.695822, 0.01123081
0.43469188, 0.23856163
-0.00491372, 0.09621315, 0.1216009
-0.55259866, -0.52601701, 0.64644307
0.48827672, 0.093943
0.00491372, 0.09621315, -0.1216009
0.55259866, -0.52601701, -0.64644307
0.4929795, 0.53867492
0.00491372, 0.10878289, -0.11976597
0.56212044, 0.62892544, -0.53703421
0.44696212, 0.53580564
0.01096777, -0.15363324, 0.01191665
0.63023776, -0.54896694, 0.54896694
0.72803688, 0.31591022
0.01096777, -0.15363324, 0.01191665
0.63023776, -0.54896694, 0.54896694
0.43334514, 0.29512078
-0.01096772, -0.15363325, 0.01191666
-0.63023776, -0.54896694, 0.54896694
0.72778404, 0.29200727
-0.01096773, -0.14171663, 0.01685268
-0.63023776, 0.0, 0.77636033
0.74948001, 0.28275061
-0.01096773, -0.12979996, 0.01191666
-0.63023776, 0.54896694, 0.54896694
0.77136683, 0.2915464
-0.01096773, -0.12979996, -0.01191662
-0.63023776, 0.54896694, -0.54896694
0.7718277, 0.33512926
-0.01096773, -0.14171663, -0.01685267
-0.63023776, 0.0, -0.77636033
0.75013173, 0.34438598
0.01096774, -0.12979996, 0.01191665
0.63023776, 0.54896694, 0.54896694
0.7716195, 0.31544942
0.01096774, -0.12979996, 0.01191665
0.63023776, 0.54896694, 0.54896694
0.43334514, 0.29512078
0.01096773, -0.12979996, -0.01191663
0.63023776, 0.54896694, -0.54896694
0.433806, 0.33870369
0.01096775, -0.14171658, -0.01685267
0.63023776, 0.0, -0.77636033
0.74982828, 0.31567979
0.01096775, -0.15363324, -0.01191663
0.63023776, -0.54896694, -0.54896694
0.433806, 0.33870369
0.01096777, -0.15363324, 0.01191665
0.63023776, -0.54896694, 0.54896694
0.72778416, 0.29200727
0.01096776, -0.15856926, 1e-08
0.63023776, -0.77636033, 0.0
0.71898818, 0.31389421
0.01096775, -0.15363324, -0.01191663
0.63023776, -0.54896694, -0.54896694
0.72824508, 0.33559012
0.01096775, -0.14171658, -0.01685267
0.63023776, 0.0, -0.77636033
0.75013185, 0.34438598
0.01096774, -0.12979996, 0.01191665
0.63023776, 0.54896694, 0.54896694
0.77136683, 0.2915464
0.0039459, -0.11905804, 0.00394591
0.70708334, 0.0, 0.70708334
0.0971297, 0.33542371
0.0039459, -0.11905804, 0.00394591
0.70708334, 0.0, 0.70708334
0.09689531, 0.31325597
-0.0039459, -0.11905809, 0.00394591
-0.70708334, 0.0, 0.70708334
0.09728226, 0.34985518
-0.00558035, -0.11905809, 1e-08
-0.99996948, 0.0, 0.0
0.09697154, 0.32047164
0.0039459, -0.11905804, -0.00394589
0.70708334, 0.0, -0.70708334
0.0971297, 0.33542371
-0.0039459, -0.11905809, -0.00394589
-0.70708334, 0.0, -0.70708334
0.09728226, 0.34985518
-0.00585706, 0.10062937, 4e-08
-0.58998382, -0.80736715, 0.0
0.46434227, 0.31658685
-0.0, 0.10062937, 0.01966698
0.0, -0.55253762, 0.83346051
0.45325145, 0.28073609
-0.007928, 0.10062937, 0.0048369
-0.78270823, -0.6214484, 0.03390606
0.46803585, 0.30770183
0.007928, 0.10062937, 0.0048369
0.78270823, -0.6214484, 0.03390606
0.43904075, 0.30800849
-0.0, 0.10062937, -0.01966698
0.0, -0.55253762, -0.83346051
0.45401201, 0.35266429
-0.00583253, 0.10438687, 0.01955152
0.12698752, 0.91161841, 0.39091158
0.76163214, 0.76148513
-0.00887759, 0.10258485, 0.01536036
-0.24216437, 0.62114322, -0.74529254
0.81651694, 0.86820441
-0.02003753, 0.09721224, 0.01898644
0.0, -0.6402173, -0.76818138
0.7990495, 0.76291168
-0.03424254, 0.09541024, 0.01955152
-0.23163548, -0.91906494, 0.31882685
0.79772997, 0.93504497
-0.03119747, 0.10258485, 0.01536036
0.45152134, 0.6402173, -0.6214484
0.81635869, 0.77243394
-0.03424254, 0.09541024, 0.01955152
-0.23163548, -0.91906494, 0.31882685
0.79744303, 0.76142594
-0.04302173, 0.10438686, -0.00746802
-0.37479782, 0.91906494, -0.12176885
0.8597033, 0.83249068
-0.03119749, 0.09721224, -0.01536034
0.45152134, -0.6402173, 0.6214484
0.82859349, 0.8533299
-0.03424255, 0.09541024, -0.01955151
-0.23163548, -0.91906494, -0.31882685
0.79761326, 0.86442029
-0.03119749, 0.10258485, -0.01536034
0.45152134, 0.6402173, 0.6214484
0.81661409, 0.92699331
# Number of Faces:
342
# Face Data:
0, 1, 2
3, 4, 5
6, 7, 8
9, 10, 11
12, 13, 0
14, 15, 16
17, 18, 19
20, 21, 22
23, 24, 25
26, 27, 14
28, 29, 30
31, 32, 33
34, 35, 36
37, 38, 39
40, 41, 29
29, 42, 43
31, 44, 45
46, 47, 35
48, 49, 39
41, 50, 42
51, 52, 53
44, 54, 55
56, 57, 58
59, 60, 49
61, 52, 51
62, 63, 53
54, 64, 65
66, 67, 57
68, 69, 60
61, 70, 62
62, 71, 72
73, 74, 65
75, 76, 67
77, 78, 69
79, 71, 62
80, 81, 2
73, 3, 82
83, 8, 84
85, 11, 78
12, 81, 80
86, 87, 88
89, 90, 91
90, 92, 93
94, 95, 96
95, 97, 98
99, 100, 101
102, 103, 104
105, 106, 86
101, 107, 108
109, 110, 111
112, 113, 114
115, 116, 117
118, 119, 120
121, 122, 110
123, 124, 125
126, 127, 117
128, 120, 129
130, 131, 124
132, 133, 134
135, 136, 137
138, 139, 140
141, 142, 143
144, 145, 146
147, 148, 149
150, 151, 152
151, 153, 137
154, 155, 156
155, 157, 143
158, 159, 160
161, 160, 145
162, 163, 164
164, 163, 147
165, 166, 167
168, 169, 170
171, 172, 173
174, 166, 165
175, 176, 177
178, 176, 175
179, 180, 181
170, 169, 182
181, 183, 184
185, 186, 187
188, 189, 190
191, 192, 193
194, 189, 188
195, 196, 197
198, 199, 195
200, 201, 202
192, 203, 204
202, 201, 205
206, 207, 208
207, 209, 210
210, 209, 211
212, 211, 213
213, 214, 215
214, 216, 217
218, 219, 206
217, 216, 219
220, 221, 222
223, 224, 225
226, 227, 225
228, 229, 230
223, 231, 232
226, 222, 232
233, 234, 230
235, 236, 223
234, 228, 230
236, 237, 223
229, 233, 230
235, 223, 222
237, 238, 224
239, 240, 226
239, 226, 224
240, 220, 226
241, 212, 242
242, 243, 244
215, 245, 246
247, 248, 245
242, 212, 249
247, 218, 250
215, 217, 251
252, 253, 254
212, 255, 246
251, 218, 247
208, 241, 242
218, 256, 257
208, 244, 257
258, 109, 259
96, 116, 115
88, 118, 128
258, 108, 121
91, 123, 260
98, 126, 116
261, 128, 262
91, 93, 130
263, 264, 265
266, 267, 268
269, 270, 271
272, 273, 274
275, 276, 265
264, 277, 278
268, 267, 279
270, 280, 281
274, 282, 283
284, 265, 278
285, 286, 287
288, 279, 289
290, 291, 292
282, 293, 294
295, 287, 296
286, 297, 298
299, 289, 300
291, 301, 302
293, 303, 304
287, 298, 305
297, 306, 307
300, 308, 309
301, 310, 311
304, 303, 312
305, 298, 307
313, 26, 314
308, 24, 23
315, 20, 316
312, 17, 317
318, 319, 314
210, 212, 241
215, 251, 247
208, 210, 241
217, 218, 251
81, 0, 2
82, 3, 5
83, 6, 8
85, 9, 11
81, 12, 0
314, 14, 16
317, 17, 19
316, 20, 22
320, 23, 25
314, 26, 14
321, 28, 30
322, 31, 33
323, 34, 36
324, 37, 39
28, 40, 29
30, 29, 43
32, 31, 45
34, 46, 35
38, 48, 39
29, 41, 42
325, 51, 53
45, 44, 55
326, 56, 58
48, 59, 49
327, 61, 51
52, 62, 53
55, 54, 65
56, 66, 57
59, 68, 60
52, 61, 62
63, 62, 72
64, 73, 65
66, 75, 67
68, 77, 69
70, 79, 62
328, 80, 2
74, 73, 82
329, 83, 84
77, 85, 78
330, 12, 80
261, 86, 88
331, 89, 91
91, 90, 93
332, 94, 96
96, 95, 98
258, 99, 101
104, 333, 334
334, 335, 104
336, 102, 104
103, 337, 104
104, 335, 336
261, 105, 86
258, 101, 108
259, 109, 111
114, 338, 339
339, 340, 112
112, 341, 113
113, 342, 114
114, 339, 112
343, 115, 117
128, 118, 120
109, 121, 110
260, 123, 125
116, 126, 117
262, 128, 129
123, 130, 124
344, 132, 134
153, 135, 137
345, 138, 140
157, 141, 143
346, 144, 146
347, 147, 149
348, 150, 152
152, 151, 137
349, 154, 156
156, 155, 143
161, 158, 160
144, 161, 145
350, 162, 164
347, 164, 147
351, 165, 167
352, 168, 170
173, 353, 171
354, 355, 171
171, 356, 357
357, 172, 171
353, 354, 171
358, 174, 165
359, 175, 177
360, 178, 175
361, 179, 181
362, 170, 182
361, 181, 184
187, 363, 364
364, 365, 366
366, 185, 187
186, 367, 187
187, 364, 366
368, 188, 190
369, 191, 193
370, 194, 188
371, 195, 197
371, 198, 195
372, 200, 202
193, 192, 204
373, 202, 205
256, 206, 208
208, 207, 210
212, 210, 211
255, 212, 213
255, 213, 215
215, 214, 217
256, 218, 206
218, 217, 219
226, 220, 222
231, 223, 225
224, 226, 225
222, 223, 232
227, 226, 232
221, 235, 222
223, 237, 224
238, 239, 224
208, 242, 244
255, 215, 246
215, 247, 245
243, 242, 249
248, 247, 250
374, 254, 253
375, 376, 377
253, 377, 374
378, 252, 254
376, 374, 377
249, 212, 246
250, 218, 257
256, 208, 257
99, 258, 259
332, 96, 115
261, 88, 128
109, 258, 121
331, 91, 260
96, 98, 116
105, 261, 262
123, 91, 130
276, 263, 265
379, 266, 268
380, 269, 271
381, 272, 274
284, 275, 265
265, 264, 278
288, 268, 279
271, 270, 281
381, 274, 283
382, 284, 278
295, 285, 287
299, 288, 289
383, 290, 292
283, 282, 294
384, 295, 296
287, 286, 298
385, 299, 300
292, 291, 302
294, 293, 304
296, 287, 305
298, 297, 307
385, 300, 309
302, 301, 311
386, 304, 312
387, 305, 307
319, 313, 314
309, 308, 23
388, 315, 316
386, 312, 317
16, 318, 314
