# Project Zomboid Skinned Mesh
# File Version:
1.0
# Model Name:
KingdomStaff_Cube.004
# Vertex Stride Element Count:
3
# Vertex Stride Size (in bytes):
76
# Vertex Stride Data:
# (Int)    Offset
# (String) Type
0
VertexArray
12
NormalArray
24
TextureCoordArray
# Vertex Count:
80
# Vertex Buffer:
-0.13775945, 0.54110116, 0.02397613
-0.57734919, 0.57734919, 0.57734919
0.78825051, 0.91621415
-0.13775945, 0.54110116, -0.02397613
-0.57734919, 0.57734919, -0.57734919
0.78825051, 0.94019027
-0.13775945, 0.53069395, -0.02397613
-0.57734919, -0.57734919, -0.57734919
0.7830469, 0.94019027
0.13775945, 0.54110116, 0.02397613
0.57734919, 0.57734919, 0.57734919
0.52709937, 0.91621415
0.13775945, 0.54110116, -0.02397613
0.57734919, 0.57734919, -0.57734919
0.52709937, 0.94019027
-0.13775945, 0.54110116, -0.02397613
-0.57734919, 0.57734919, -0.57734919
0.38933989, 0.94019027
0.13775945, 0.53069395, 0.02397613
0.57734919, -0.57734919, 0.57734919
0.7830469, 0.91621415
0.13775945, 0.53069395, -0.02397613
0.57734919, -0.57734919, -0.57734919
0.7830469, 0.94019027
0.13775945, 0.54110116, -0.02397613
0.57734919, 0.57734919, -0.57734919
0.78825051, 0.94019027
-0.13775945, 0.53069395, 0.02397613
-0.57734919, -0.57734919, 0.57734919
0.38933989, 0.91621415
-0.13775945, 0.53069395, -0.02397613
-0.57734919, -0.57734919, -0.57734919
0.38933989, 0.94019027
0.13775945, 0.53069395, -0.02397613
0.57734919, -0.57734919, -0.57734919
0.52709937, 0.94019027
-0.13775945, 0.54110116, -0.02397613
-0.57734919, 0.57734919, -0.57734919
0.30577868, 0.98515867
0.13775945, 0.54110116, -0.02397613
0.57734919, 0.57734919, -0.57734919
0.30418929, 0.8474084
0.13775945, 0.53069395, -0.02397613
0.57734919, -0.57734919, -0.57734919
0.30939254, 0.84734838
0.13775945, 0.54110116, 0.02397613
0.57734919, 0.57734919, 0.57734919
0.30418929, 0.8474084
-0.13775945, 0.54110116, 0.02397613
-0.57734919, 0.57734919, 0.57734919
0.30577868, 0.98515867
-0.13775945, 0.53069395, 0.02397613
-0.57734919, -0.57734919, 0.57734919
0.31098196, 0.98509865
-0.12970093, 0.58494276, 0.02063002
-0.57734919, 0.57734919, 0.57734919
0.4243359, 0.01291198
-0.12970093, 0.58494276, -0.02063002
-0.57734919, 0.57734919, -0.57734919
0.61913097, 0.01475447
-0.12970093, 0.53946692, -0.02063002
-0.57734919, -0.57734919, -0.57734919
0.61830282, 0.54126787
0.12970093, 0.58494276, 0.02063002
0.57734919, 0.57734919, 0.57734919
0.99377102, 0.57216772
0.12970093, 0.58494276, -0.02063002
0.57734919, 0.57734919, -0.57734919
0.99377102, 0.82259673
-0.12970093, 0.58494276, -0.02063002
-0.57734919, 0.57734919, -0.57734919
0.01054329, 0.82259673
0.12970093, 0.53946692, 0.02063002
0.57734919, -0.57734919, 0.57734919
0.42350778, 0.53942534
0.12970093, 0.53946692, -0.02063002
0.57734919, -0.57734919, -0.57734919
0.61830282, 0.54126787
0.12970093, 0.58494276, -0.02063002
0.57734919, 0.57734919, -0.57734919
0.61913097, 0.01475447
-0.12970093, 0.53946692, 0.02063002
-0.57734919, -0.57734919, 0.57734919
0.01080441, 0.01101983
-0.12970093, 0.53946692, -0.02063002
-0.57734919, -0.57734919, -0.57734919
0.01101387, 0.73839051
0.12970093, 0.53946692, -0.02063002
0.57734919, -0.57734919, -0.57734919
0.99167591, 0.73846844
-0.12970093, 0.58494276, -0.02063002
-0.57734919, 0.57734919, -0.57734919
0.00696051, 0.01687813
0.12970093, 0.58494276, -0.02063002
0.57734919, 0.57734919, -0.57734919
0.99303949, 0.01325852
0.12970093, 0.53946692, -0.02063002
0.57734919, -0.57734919, -0.57734919
0.98807889, 0.5490247
0.12970093, 0.58494276, 0.02063002
0.57734919, 0.57734919, 0.57734919
0.99303949, 0.01325852
-0.12970093, 0.58494276, 0.02063002
-0.57734919, 0.57734919, 0.57734919
0.00696051, 0.01687813
-0.12970093, 0.53946692, 0.02063002
-0.57734919, -0.57734919, 0.57734919
0.01192114, 0.54540509
0.01199727, 0.53366435, 1.1e-07
0.0, 0.99996948, 0.0
0.46421823, 0.92820214
0.00599862, 0.53366435, -0.00757413
-0.00051881, 0.99996948, -0.00039674
0.46121892, 0.93198927
0.00599862, 0.53366435, 0.00757436
0.0, 1.0, 0.0
0.46121892, 0.92441504
-0.00599865, 0.53366435, 0.00757436
-0.00076296, 0.99996948, -0.00061037
0.45522028, 0.92441504
-0.00601254, 0.53364879, -0.00759178
-0.00128178, 0.99996948, -0.00100711
0.45521334, 0.93199809
-0.01202522, 0.53364879, 1.1e-07
-0.00128178, 0.99996948, -0.00100711
0.452207, 0.92820214
0.00607077, -0.15918531, -0.00766534
0.34128848, -0.62089908, -0.70564896
0.46125498, 0.93203487
0.01214156, -0.15918531, 2e-08
0.80709249, -0.59038055, 0.0
0.46429041, 0.9282022
0.00607077, -0.15918531, 0.00766538
0.34128848, -0.62089908, 0.70564896
0.46125498, 0.9243695
-0.00607079, -0.15918531, 0.00766538
-0.34128848, -0.62089908, 0.70564896
0.45518422, 0.9243695
-0.01214158, -0.15918531, 2e-08
-0.80706197, -0.59041107, 0.0
0.45214882, 0.9282022
-0.00607079, -0.15918531, -0.00766534
-0.34128848, -0.6209296, -0.70564896
0.45518422, 0.93203487
-0.00599865, 0.53366435, 0.00757436
-0.43412581, 0.00015259, 0.90081483
0.30873677, 0.9192398
-0.00607079, -0.15918531, 0.00766538
-0.34128848, -0.62089908, 0.70564896
0.71461529, 0.91459279
0.00607077, -0.15918531, 0.00766538
0.34128848, -0.62089908, 0.70564896
0.71454525, 0.90852241
-0.00607079, -0.15918531, 0.00766538
-0.34128848, -0.62089908, 0.70564896
0.37862697, 0.9243695
-0.00599865, 0.53366435, 0.00757436
-0.43412581, 0.00015259, 0.90081483
0.78453207, 0.92441504
-0.01202522, 0.53364879, 1.1e-07
-0.99996948, 0.00018311, 0.00149541
0.78452432, 0.92820214
-0.00607079, -0.15918531, -0.00766534
-0.34128848, -0.6209296, -0.70564896
0.37862697, 0.93203487
-0.01214158, -0.15918531, 2e-08
-0.80706197, -0.59041107, 0.0
0.37862697, 0.9282022
0.00607077, -0.15918531, -0.00766534
0.34128848, -0.62089908, -0.70564896
0.71454525, 0.90852241
-0.00607079, -0.15918531, -0.00766534
-0.34128848, -0.6209296, -0.70564896
0.71461529, 0.91459279
-0.00601254, 0.53364879, -0.00759178
-0.43455306, 0.00012207, -0.90063173
0.30874461, 0.91924666
0.01199727, 0.53366435, 1.1e-07
0.99996948, 0.00018311, 0.0
0.78453207, 0.92820214
0.01214156, -0.15918531, 2e-08
0.80709249, -0.59038055, 0.0
0.37862697, 0.9282022
0.00607077, -0.15918531, -0.00766534
0.34128848, -0.62089908, -0.70564896
0.37862697, 0.93203487
0.00607077, -0.15918531, 0.00766538
0.34128848, -0.62089908, 0.70564896
0.37862697, 0.9243695
-0.13775945, 0.53069395, 0.02397613
-0.57734919, -0.57734919, 0.57734919
0.7830469, 0.91621415
-0.13775945, 0.54110116, 0.02397613
-0.57734919, 0.57734919, 0.57734919
0.38933989, 0.91621415
0.13775945, 0.54110116, 0.02397613
0.57734919, 0.57734919, 0.57734919
0.78825051, 0.91621415
0.13775945, 0.53069395, 0.02397613
0.57734919, -0.57734919, 0.57734919
0.52709937, 0.91621415
-0.13775945, 0.53069395, -0.02397613
-0.57734919, -0.57734919, -0.57734919
0.31098196, 0.98509865
0.13775945, 0.53069395, 0.02397613
0.57734919, -0.57734919, 0.57734919
0.30939254, 0.84734838
-0.12970093, 0.53946692, 0.02063002
-0.57734919, -0.57734919, 0.57734919
0.42350778, 0.53942534
-0.12970093, 0.58494276, 0.02063002
-0.57734919, 0.57734919, 0.57734919
0.01054329, 0.57216772
0.12970093, 0.58494276, 0.02063002
0.57734919, 0.57734919, 0.57734919
0.4243359, 0.01291198
0.12970093, 0.53946692, 0.02063002
0.57734919, -0.57734919, 0.57734919
0.99415624, 0.01101983
-0.12970093, 0.53946692, -0.02063002
-0.57734919, -0.57734919, -0.57734919
0.01192114, 0.54540509
0.12970093, 0.53946692, 0.02063002
0.57734919, -0.57734919, 0.57734919
0.98807889, 0.5490247
0.00599862, 0.53366435, 0.00757436
0.43537706, 0.00015259, 0.900235
0.30866757, 0.91324155
-0.00601254, 0.53364879, -0.00759178
-0.43455306, 0.00012207, -0.90063173
0.78452432, 0.93199809
0.00599862, 0.53366435, -0.00757413
0.43620107, 0.00015259, -0.89980775
0.30866757, 0.91324155
0.00599862, 0.53366435, -0.00757413
0.43620107, 0.00015259, -0.89980775
0.78453207, 0.93198927
0.00599862, 0.53366435, 0.00757436
0.43537706, 0.00015259, 0.900235
0.78453207, 0.92441504
# Number of Faces:
44
# Face Data:
0, 1, 2
3, 4, 5
6, 7, 8
9, 10, 11
12, 13, 14
15, 16, 17
18, 19, 20
21, 22, 23
24, 25, 26
27, 28, 29
30, 31, 32
33, 34, 35
36, 37, 38
39, 40, 41
37, 40, 39
42, 43, 44
45, 46, 47
47, 42, 44
48, 49, 50
51, 52, 53
54, 55, 53
56, 57, 58
59, 60, 61
62, 60, 59
63, 0, 2
64, 3, 5
65, 6, 8
66, 9, 11
67, 12, 14
68, 15, 17
69, 18, 20
70, 21, 23
71, 24, 26
72, 27, 29
73, 30, 32
74, 33, 35
38, 37, 39
45, 47, 44
75, 48, 50
55, 51, 53
76, 54, 53
77, 56, 58
78, 59, 61
79, 62, 59
