# Project Zomboid Skinned Mesh
# File Version:
1.0
# Model Name:
Llave
# Vertex Stride Element Count:
3
# Vertex Stride Size (in bytes):
76
# Vertex Stride Data:
# (Int)    Offset
# (String) Type
0
VertexArray
12
NormalArray
24
TextureCoordArray
# Vertex Count:
403
# Vertex Buffer:
-0.00860848, 0.35567316, -0.04968884
-0.77089757, -0.03405866, 0.63600576
0.01854213, 0.04528904
-0.00860848, 0.35129097, -0.07851408
-0.71178317, -0.16583759, -0.68251592
0.01643498, 0.06283379
-0.00860849, 0.18407819, -0.0415341
-0.63814205, -0.41132846, -0.6508072
0.22290368, 0.06213146
0.00860848, 0.18407822, -0.04153416
0.63814205, -0.41132846, -0.6508072
0.22290362, 0.06213146
0.00860848, 0.351291, -0.07851408
0.71178317, -0.16583759, -0.68251592
0.01643498, 0.06283379
0.00860848, 0.35567319, -0.04968887
0.77089757, -0.03405866, 0.63600576
0.01854213, 0.04528904
0.00860848, 0.17861874, -0.02013462
0.62703329, -0.60768455, 0.48738059
0.23473994, 0.05020571
0.00860848, 0.17573765, -0.03081269
0.619129, -0.76979887, -0.15506455
0.23544221, 0.05686367
-0.00860848, 0.35129097, -0.07851408
-0.71178317, -0.16583759, -0.68251592
0.01643498, 0.03864026
0.00860848, 0.351291, -0.07851408
0.71178317, -0.16583759, -0.68251592
0.01643498, 0.04901922
0.00860848, 0.18407822, -0.04153416
0.63814205, -0.41132846, -0.6508072
0.22290362, 0.04901922
-0.00860848, 0.43993378, -0.10200603
-0.58360547, 0.36707664, -0.72432631
0.06786878, 0.03864026
0.00860849, 0.43993381, -0.10200602
0.58360547, 0.36707664, -0.72429579
0.06786878, 0.04901922
0.00860848, 0.351291, -0.07851408
0.71178317, -0.16583759, -0.68251592
0.17830296, 0.04901922
0.00860848, 0.35567319, -0.04968887
0.77089757, -0.03405866, 0.63600576
0.01854213, 0.04901922
-0.00860848, 0.35567316, -0.04968884
-0.77089757, -0.03405866, 0.63600576
0.01854213, 0.03864026
-0.00860849, 0.18992551, -0.01421397
-0.63801998, -0.10419019, 0.76290172
0.22290365, 0.03864026
-0.00860849, 0.17573759, -0.03081264
-0.619129, -0.76979887, -0.15506455
0.17077561, 0.03864026
0.00860848, 0.17573765, -0.03081269
0.619129, -0.76979887, -0.15506455
0.17077555, 0.04901922
0.00860848, 0.17861874, -0.02013462
0.62703329, -0.60768455, 0.48738059
0.18409158, 0.04901922
0.00860848, 0.17573765, -0.03081269
0.619129, -0.76979887, -0.15506455
0.23544221, 0.04901922
-0.00860849, 0.17573759, -0.03081264
-0.619129, -0.76979887, -0.15506455
0.23544227, 0.03864026
-0.00860849, 0.18407819, -0.0415341
-0.63814205, -0.41132846, -0.6508072
0.22290368, 0.03864026
-0.00860849, 0.17861877, -0.0201346
-0.62703329, -0.60768455, 0.48738059
0.23473988, 0.03864026
0.00860848, 0.17861874, -0.02013462
0.62703329, -0.60768455, 0.48738059
0.23473994, 0.04901922
0.00860848, 0.18992548, -0.01421399
0.63801998, -0.10419019, 0.76290172
0.22290371, 0.04901922
-0.00860849, 0.17573759, -0.03081264
-0.619129, -0.76979887, -0.15506455
0.23544227, 0.05686367
-0.00860849, 0.17861877, -0.0201346
-0.62703329, -0.60768455, 0.48738059
0.23473988, 0.05020565
0.00860849, 0.43993381, -0.10200602
0.58360547, 0.36707664, -0.72429579
0.06786878, 0.06549811
0.00860849, 0.45376584, -0.0667221
0.6641438, 0.73689991, -0.12591937
0.06046464, 0.04295385
0.00860848, 0.35567319, -0.04968887
0.77089757, -0.03405866, 0.63600576
0.1804101, 0.04528904
0.00860849, 0.45376584, -0.0667221
0.6641438, 0.73689991, -0.12591937
0.22233261, 0.04295385
0.00860849, 0.4527362, -0.03737975
0.63237405, 0.70888394, 0.3122654
0.23095049, 0.025787
0.00860848, 0.41501385, -0.03016466
0.98471022, 0.1511887, 0.08627582
0.27724433, 0.02629304
-0.00860848, 0.35567316, -0.04968884
-0.77089757, -0.03405866, 0.63600576
0.18041013, 0.04528904
-0.00860848, 0.45376581, -0.06672207
-0.6641438, 0.73689991, -0.12591937
0.06046464, 0.04295373
-0.00860848, 0.43993378, -0.10200603
-0.58360547, 0.36707664, -0.72432631
0.06786878, 0.06549811
-0.00860848, 0.45376581, -0.06672207
-0.6641438, 0.73689991, -0.12591937
0.19859536, 0.03864026
0.00860849, 0.45376584, -0.0667221
0.6641438, 0.73689991, -0.12591937
0.19859533, 0.04901922
0.00860849, 0.43993381, -0.10200602
0.58360547, 0.36707664, -0.72429579
0.15350668, 0.04901922
-0.00860848, 0.41501382, -0.03016462
-0.94000059, 0.29624316, 0.16904202
0.27724433, 0.02629304
-0.00860848, 0.4527362, -0.03737973
-0.38248849, 0.84551531, 0.3724784
0.23095052, 0.025787
-0.00860848, 0.44182888, -0.02667597
0.91909546, 0.35743278, -0.16565447
0.24651076, 0.0208534
-0.00860848, 0.4527362, -0.03737973
-0.38248849, 0.84551531, 0.3724784
0.23292904, 0.03864026
0.00860849, 0.4527362, -0.03737975
0.63237405, 0.70888394, 0.3122654
0.23292901, 0.04901922
0.00860848, 0.35567319, -0.04968887
0.77089757, -0.03405866, 0.63600576
0.1804101, 0.04901922
0.00860848, 0.41501385, -0.03016466
0.98471022, 0.1511887, 0.08627582
0.11537634, 0.04901922
-0.00860848, 0.41501382, -0.03016462
-0.94000059, 0.29624316, 0.16904202
0.11537637, 0.03864026
-0.00860848, 0.41501382, -0.03016462
-0.94000059, 0.29624316, 0.16904202
0.11537637, 0.02629304
-0.00860848, 0.4527362, -0.03737973
-0.38248849, 0.84551531, 0.3724784
0.06908251, 0.025787
-0.00860848, 0.42117408, -0.02476872
0.62810147, 0.2400586, -0.74013489
0.27134317, 0.03864026
-0.00860848, 0.44182888, -0.02667597
0.91909546, 0.35743278, -0.16565447
0.24651076, 0.03864026
0.00860849, 0.44182885, -0.02667599
0.91909546, 0.35743278, -0.16565447
0.24651076, 0.04901922
-0.00860848, 0.4527362, -0.03737973
-0.38248849, 0.84551531, 0.3724784
0.23095052, 0.03864026
0.00860849, 0.44182885, -0.02667599
0.91909546, 0.35743278, -0.16565447
0.24651076, 0.0208534
0.00860848, 0.42117408, -0.02476874
0.62810147, 0.2400586, -0.74013489
0.27134317, 0.02233505
-0.00860848, 0.41501382, -0.03016462
-0.94000059, 0.29624316, 0.16904202
0.23191677, 0.03864026
-0.00860848, 0.42117408, -0.02476872
0.62810147, 0.2400586, -0.74013489
0.23983277, 0.03864026
0.00860848, 0.42117408, -0.02476874
0.62810147, 0.2400586, -0.74013489
0.23983274, 0.04901922
-0.00577326, 0.47758377, -0.07448576
-0.75679797, -0.53740042, -0.37202063
0.53568107, 0.03366333
0.00573807, 0.47758377, -0.07448576
0.75679797, -0.53740042, -0.37202063
0.53568107, 0.03947461
0.00573807, 0.47370058, -0.07081925
0.76918852, -0.30582598, -0.56105226
0.54028976, 0.03947461
-0.00577326, 0.48312414, -0.05083935
-0.67909789, 0.2557146, 0.68800926
0.53520781, 0.03366333
-0.00577326, 0.35171345, -0.02059744
-0.6704306, -0.08618427, 0.73693043
0.67134058, 0.03366333
0.00573807, 0.35171345, -0.02059744
0.6704306, -0.08618427, 0.73693043
0.67134058, 0.03947461
-0.00577326, 0.34760964, -0.0397714
-0.67973876, -0.37873471, -0.62807095
0.53578663, 0.03375614
-0.00394653, 0.34232914, -0.03566599
-0.49302652, -0.8311106, -0.25711843
0.54186761, 0.03228736
-0.00394653, 0.34513047, -0.02257746
-0.49574268, -0.66704309, 0.5561083
0.54186761, 0.02553022
-0.00577326, 0.34760964, -0.0397714
-0.67973876, -0.37873471, -0.62807095
0.53578663, 0.03366333
-0.00577326, 0.47370058, -0.07081925
-0.76918852, -0.30582598, -0.56105226
0.40473574, 0.03366333
0.00573807, 0.47370058, -0.07081925
0.76918852, -0.30582598, -0.56105226
0.40473574, 0.03947461
-0.00577326, 0.47370058, -0.07081925
-0.76918852, -0.30582598, -0.56105226
0.54028976, 0.03576064
-0.00577326, 0.34760964, -0.0397714
-0.67973876, -0.37873471, -0.62807095
0.67134058, 0.03375614
-0.00577326, 0.35171345, -0.02059744
-0.6704306, -0.08618427, 0.73693043
0.67134058, 0.02385724
0.00573807, 0.47370058, -0.07081925
0.76918852, -0.30582598, -0.56105226
0.40473574, 0.03576064
0.00573807, 0.48312414, -0.05083935
0.67909789, 0.2557146, 0.68800926
0.39965379, 0.02490187
0.00573807, 0.35171345, -0.02059744
0.6704306, -0.08618427, 0.73693043
0.53578663, 0.02385724
0.00391133, 0.34513047, -0.02257746
0.49574268, -0.66704309, 0.5561083
0.56158692, 0.0385524
-0.00394653, 0.34513047, -0.02257746
-0.49574268, -0.66704309, 0.5561083
0.56158692, 0.03458554
-0.00394653, 0.34232914, -0.03566599
-0.49302652, -0.8311106, -0.25711843
0.54807264, 0.03458554
0.00391133, 0.34513047, -0.02257746
0.49574268, -0.66704309, 0.5561083
0.54186761, 0.02553022
0.00391133, 0.34232914, -0.03566599
0.49302652, -0.8311106, -0.25711843
0.54186761, 0.03228736
0.00573807, 0.34760964, -0.0397714
0.67973876, -0.37873471, -0.62807095
0.53578663, 0.03375614
-0.00394653, 0.34513047, -0.02257746
-0.49574268, -0.66704309, 0.5561083
0.54186761, 0.03458554
0.00391133, 0.34513047, -0.02257746
0.49574268, -0.66704309, 0.5561083
0.54186761, 0.0385524
0.00573807, 0.35171345, -0.02059744
0.6704306, -0.08618427, 0.73693043
0.53578663, 0.03947461
0.00391133, 0.34232914, -0.03566599
0.49302652, -0.8311106, -0.25711843
0.54186761, 0.0385524
-0.00394653, 0.34232914, -0.03566599
-0.49302652, -0.8311106, -0.25711843
0.54186761, 0.03458554
0.00573807, 0.50480992, -0.0740189
0.64363539, 0.76143682, 0.07669301
0.54454082, 0.03947461
-0.00577326, 0.50480992, -0.0740189
-0.64363539, 0.76143682, 0.07669301
0.54454082, 0.03366333
-0.00577326, 0.498074, -0.05872847
-0.64000368, 0.56212044, 0.52378917
0.55821371, 0.03366333
-0.00577326, 0.48312414, -0.05083935
-0.67909789, 0.2557146, 0.68800926
0.53520781, 0.02490187
-0.00577326, 0.498074, -0.05872847
-0.64000368, 0.56212044, 0.52378917
0.51878065, 0.02721679
-0.00577326, 0.47758377, -0.07448576
-0.75679797, -0.53740042, -0.37202063
0.53568107, 0.0371604
0.00573807, 0.47758377, -0.07448576
0.75679797, -0.53740042, -0.37202063
0.53568107, 0.0371604
0.00573807, 0.498074, -0.05872847
0.64000368, 0.56212044, 0.52378917
0.51878065, 0.02721679
0.00573807, 0.48312414, -0.05083935
0.67909789, 0.2557146, 0.68800926
0.53520781, 0.02490187
0.00573807, 0.498074, -0.05872847
0.64000368, 0.56212044, 0.52378917
0.51878065, 0.03947461
-0.00577326, 0.498074, -0.05872847
-0.64000368, 0.56212044, 0.52378917
0.51878065, 0.03366333
-0.00577325, 0.5001052, -0.09565277
-0.64674824, 0.66515094, -0.37311929
0.50897276, 0.04522997
-0.00577325, 0.47677362, -0.09392274
-0.7086398, -0.6893521, 0.15027314
0.53237367, 0.04684103
-0.00577326, 0.47977144, -0.07970475
-0.78066349, -0.62215036, -0.05899228
0.53241837, 0.0395056
-0.00577326, 0.47977144, -0.07970475
-0.78066349, -0.62215036, -0.05899228
0.53363621, 0.03366333
0.00573807, 0.47977144, -0.07970475
0.78066349, -0.62215036, -0.05899228
0.53363621, 0.03947461
0.00573807, 0.47758377, -0.07448576
0.75679797, -0.53740042, -0.37202063
0.53832668, 0.03947461
-0.00577326, 0.50480992, -0.0740189
-0.64363539, 0.76143682, 0.07669301
0.50889927, 0.03405327
0.00573807, 0.47977144, -0.07970475
0.78066349, -0.62215036, -0.05899228
0.53241837, 0.0395056
0.00573807, 0.50480992, -0.0740189
0.64363539, 0.76143682, 0.07669301
0.50889927, 0.03405327
0.00573808, 0.48302448, -0.11196965
0.61741996, 0.22415845, -0.75399029
0.50246835, 0.03947461
-0.00577325, 0.48302448, -0.11196965
-0.61741996, 0.22415845, -0.75399029
0.50246835, 0.03366333
-0.00577325, 0.5001052, -0.09565277
-0.64674824, 0.66515094, -0.37311929
0.52218747, 0.03366333
0.00573808, 0.47677362, -0.09392273
0.7086398, -0.6893521, 0.15027314
0.53237367, 0.04684103
0.00573808, 0.5001052, -0.09565277
0.64674824, 0.66515094, -0.37311929
0.50897276, 0.04522997
0.00573808, 0.5001052, -0.09565277
0.64674824, 0.66515094, -0.37311929
0.52218747, 0.03947461
-0.00577325, 0.47677362, -0.09392274
-0.7086398, -0.6893521, 0.15027314
0.0, 1.0
0.00573808, 0.47677362, -0.09392273
0.7086398, -0.6893521, 0.15027314
0.0, 1.0
0.00573807, 0.47977144, -0.07970475
0.78066349, -0.62215036, -0.05899228
0.0, 1.0
-0.00577325, 0.47312573, -0.11012188
-0.57542652, -0.68300426, -0.44981232
0.53255218, 0.03366333
-0.00577325, 0.48302448, -0.11196965
-0.61741996, 0.22415845, -0.75399029
0.52238858, 0.03366333
0.00573808, 0.48302448, -0.11196965
0.61741996, 0.22415845, -0.75399029
0.52238858, 0.03947461
-0.00577325, 0.47312573, -0.11012188
-0.57542652, -0.68300426, -0.44981232
0.0, 1.0
0.00573808, 0.47312573, -0.11012188
0.57542652, -0.68300426, -0.44981232
0.0, 1.0
-0.00577325, 0.48302448, -0.11196965
-0.61741996, 0.22415845, -0.75399029
0.52238858, 0.05508947
-0.00577325, 0.47312573, -0.11012188
-0.57542652, -0.68300426, -0.44981232
0.53255218, 0.05522323
0.00573808, 0.47312573, -0.11012188
0.57542652, -0.68300426, -0.44981232
0.53255218, 0.05522323
0.00573808, 0.48302448, -0.11196965
0.61741996, 0.22415845, -0.75399029
0.52238858, 0.05508947
-0.00730072, 0.49087614, -0.06963243
-0.57716608, 0.6862697, 0.44260994
0.87391317, 0.02804446
0.00738735, 0.49087614, -0.06963243
0.57716608, 0.6862697, 0.44260994
0.87391317, 0.0423407
0.00738735, 0.4813711, -0.11330387
0.57621998, 0.43433943, -0.69231236
0.78691089, 0.0423407
-0.00730072, 0.48093063, -0.0675038
-0.57817316, -0.43800163, 0.68834496
0.85063225, 0.02804446
0.00738735, 0.48093063, -0.0675038
0.57817316, -0.43800163, 0.68834496
0.85063225, 0.0423407
0.00738735, 0.49087614, -0.06963243
0.57716608, 0.6862697, 0.44260994
0.83083355, 0.0423407
-0.00730072, 0.47094917, -0.11079898
-0.57783747, -0.69399089, -0.42948699
0.78743297, 0.02804446
0.00738735, 0.47094917, -0.11079898
0.57783747, -0.69399089, -0.42948699
0.78743297, 0.0423407
0.00738735, 0.48093063, -0.0675038
0.57817316, -0.43800163, 0.68834496
0.87391317, 0.0423407
-0.00730072, 0.47094917, -0.11079898
-0.57783747, -0.69399089, -0.42948699
0.85199314, 0.02804446
-0.00730072, 0.4813711, -0.11330387
-0.57621998, 0.43433943, -0.69231236
0.83113426, 0.02804446
0.00738735, 0.4813711, -0.11330387
0.57621998, 0.43433943, -0.69231236
0.83113426, 0.0423407
0.00738735, 0.49087614, -0.06963243
0.57716608, 0.6862697, 0.44260994
0.83083355, 0.02894652
0.00738735, 0.48093063, -0.0675038
0.57817316, -0.43800163, 0.68834496
0.85063225, 0.02894652
0.00738735, 0.47094917, -0.11079898
0.57783747, -0.69399089, -0.42948699
0.85199314, 0.07218659
-0.00730072, 0.47094917, -0.11079898
-0.57783747, -0.69399089, -0.42948699
0.85199314, 0.07218659
-0.00730072, 0.48093063, -0.0675038
-0.57817316, -0.43800163, 0.68834496
0.85063225, 0.02894652
-0.00730072, 0.49087614, -0.06963243
-0.57716608, 0.6862697, 0.44260994
0.83083355, 0.02894652
-0.00729276, 0.44742462, -0.10563977
-0.58055359, 0.35401469, -0.73320717
0.78766954, 0.02805227
-0.00729276, 0.4598147, -0.07326598
-0.57606739, 0.7423017, 0.34220403
0.85434175, 0.02805227
0.00738336, 0.4598147, -0.07326598
0.57606739, 0.7423017, 0.34220403
0.85434175, 0.04233676
-0.00729276, 0.45102519, -0.07014363
-0.58003479, -0.3312479, 0.74416333
0.90648252, 0.02805227
0.00738336, 0.45102519, -0.07014363
0.58003479, -0.33127841, 0.74416333
0.90648252, 0.04233676
0.00738336, 0.4598147, -0.07326598
0.57606739, 0.7423017, 0.34220403
0.88847935, 0.04233676
-0.00729276, 0.43763492, -0.10255156
-0.57292396, -0.74266791, -0.34662923
0.7895596, 0.02805227
0.00738336, 0.43763492, -0.10255156
0.57292396, -0.74266791, -0.34662923
0.7895596, 0.04233676
0.00738336, 0.45102519, -0.07014363
0.58003479, -0.33127841, 0.74416333
0.85670435, 0.04233676
-0.00729276, 0.44742462, -0.10563977
-0.58055359, 0.35401469, -0.73320717
0.89887476, 0.02805227
0.00738336, 0.44742462, -0.10563977
0.58055359, 0.35401469, -0.73320717
0.89887476, 0.04233676
0.00738336, 0.43763492, -0.10255156
0.57292396, -0.74266791, -0.34662923
0.91876799, 0.04233676
0.00738336, 0.44742462, -0.10563977
0.58055359, 0.35401469, -0.73320717
0.89887476, 0.07206833
0.00738336, 0.4598147, -0.07326598
0.57606739, 0.7423017, 0.34220403
0.88847935, 0.03873223
0.00738336, 0.45102519, -0.07014363
0.58003479, -0.33127841, 0.74416333
0.90648252, 0.03755093
-0.00729276, 0.45102519, -0.07014363
-0.58003479, -0.3312479, 0.74416333
0.90648252, 0.03755093
-0.00729276, 0.4598147, -0.07326598
-0.57606739, 0.7423017, 0.34220403
0.88847935, 0.03873223
-0.00729276, 0.44742462, -0.10563977
-0.58055359, 0.35401469, -0.73320717
0.89887476, 0.07206833
-0.01455064, 0.39134917, -0.039627
-0.77636033, -0.61629081, 0.131901
0.7711615, 0.02066267
-0.01025318, 0.39352053, -0.02948178
-0.54896694, -0.50138861, 0.66872156
0.7711615, 0.01056457
-0.01025318, 0.40960878, -0.03292515
-0.54896694, 0.73119295, 0.40488908
0.73913419, 0.01056457
-0.01025318, 0.40960878, -0.03292515
-0.54896694, 0.73119295, 0.40488908
0.73913419, 0.0251708
-0.01025318, 0.39352053, -0.02948178
-0.54896694, -0.50138861, 0.66872156
0.7711615, 0.02517086
0.00012181, 0.39441997, -0.0252795
0.0, -0.45381024, 0.89107943
0.7711615, 0.03526902
0.01049679, 0.39352053, -0.02948178
0.54896694, -0.50138861, 0.66872156
0.7711615, 0.04536718
0.01049679, 0.40960878, -0.03292515
0.54896694, 0.73119295, 0.40488908
0.73913419, 0.04536718
0.01049679, 0.40960878, -0.03292515
0.54896694, 0.73119295, 0.40488908
0.73913419, 0.01056457
0.01049679, 0.39352053, -0.02948178
0.54896694, -0.50138861, 0.66872156
0.7711615, 0.01056457
0.01479426, 0.39134917, -0.039627
0.77636033, -0.61629081, 0.131901
0.7711615, 0.02066267
0.01479425, 0.40743741, -0.04307037
0.77636033, 0.61629081, -0.131901
0.73913419, 0.02066267
0.01049679, 0.3891778, -0.04977222
0.54896694, -0.73119295, -0.40488908
0.7711615, 0.03076082
0.01049679, 0.3891778, -0.04977222
0.54896694, -0.73119295, -0.40488908
0.7711615, 0.04536718
0.00012181, 0.38827839, -0.05397452
0.0, -0.77877134, -0.62727743
0.7711615, 0.03526902
0.00012181, 0.40436664, -0.05741788
0.0, 0.45381024, -0.89107943
0.73913419, 0.03526896
0.00012181, 0.38827839, -0.05397452
0.0, -0.77877134, -0.62727743
0.86191893, 0.03526902
0.01049679, 0.39352053, -0.02948178
0.54896694, -0.50138861, 0.66872156
0.91067719, 0.04536718
0.00012181, 0.39441997, -0.0252795
0.0, -0.45381024, 0.89107943
0.91904283, 0.03526902
-0.01025318, 0.3891778, -0.04977222
-0.54896694, -0.73119295, -0.40488908
0.7711615, 0.03076082
-0.01455064, 0.40743741, -0.04307037
-0.77636033, 0.61629081, -0.131901
0.73913419, 0.02066267
-0.01025318, 0.3891778, -0.04977222
-0.54896694, -0.73119295, -0.40488908
0.7711615, 0.02517086
-0.01025318, 0.40526605, -0.05321559
-0.54896694, 0.50138861, -0.66872156
0.73913419, 0.0251708
0.01049679, 0.40960878, -0.03292515
0.54896694, 0.73119295, 0.40488908
0.91067719, 0.04536718
0.01049679, 0.40526605, -0.05321559
0.54896694, 0.50138861, -0.66872156
0.8702845, 0.04536718
-0.01025318, 0.40526605, -0.05321559
-0.54896694, 0.50138861, -0.66872156
0.8702845, 0.0251708
0.0, 0.46922415, 0.0
0.03555406, 0.23319194, 0.97177041
0.56260854, 0.11942399
0.012389, 0.46655214, 0.012389
0.32248908, 0.88991976, 0.32248908
0.7866683, 0.14737898
0.017521, 0.46655217, 0.0
0.45606861, 0.88991976, 0.0
0.69111198, 0.14737898
0.019608, 0.45827213, 0.01960801
0.65181434, 0.38755456, 0.65181434
0.78666914, 0.16415501
0.02773, 0.45827213, 0.0
0.92181158, 0.38755456, 0.0
0.69111276, 0.16415501
0.018224, 0.32002109, 0.01822401
0.70632041, -0.04696799, 0.70632041
0.78666914, 0.39187199
0.025773, 0.32002112, 1e-08
0.99887079, -0.0469985, 0.0
0.69111276, 0.39187199
0.015404, 0.27066317, 0.01540399
0.70479447, -0.08050783, 0.70479447
0.78666914, 0.49187702
0.021784, 0.27066317, 0.0
0.9967345, -0.08050783, 0.0
0.69111276, 0.49187702
0.011792, 0.20742317, 0.011792
0.70522171, -0.07257301, 0.70522171
0.78666914, 0.594888
0.016677, 0.20742317, 0.0
0.99734491, -0.07257301, 0.0
0.69111198, 0.594888
0.008556, 0.13647215, 0.00855601
0.70671713, -0.03244118, 0.70671713
0.78666914, 0.67469999
0.012099, 0.13647215, 0.0
0.99945068, -0.03244118, 0.0
0.69111198, 0.67469999
0.008556, -0.00851685, 0.008556
0.70708334, 0.0, 0.70708334
0.78666914, 0.97549723
0.012099, -0.00851686, 0.0
0.99996948, 0.0, 0.0
0.69111198, 0.97549723
0.018371, -0.01160186, 0.018371
0.15338603, 0.97616506, 0.15338603
0.78666914, 0.98174824
0.025981, -0.01160187, 0.0
0.21692556, 0.97616506, 0.0
0.69111276, 0.98174824
0.018371, -0.02383386, 0.018371
0.70708334, 0.0, 0.70708334
0.78666914, 0.99950099
0.025981, -0.02383386, 0.0
1.0, 0.0, 0.0
0.69111276, 0.99950099
0.0, -0.02383386, 0.0
0.0, -0.2425306, 0.9701224
0.5, 0.99950099
0.0, 0.46655211, 0.017521
0.0, 0.88991976, 0.45606861
0.88222468, 0.14737898
0.0, 0.45827213, 0.02773002
0.0, 0.38755456, 0.92181158
0.88222551, 0.16415501
0.0, 0.32002112, 0.025773
0.0, -0.0469985, 0.99887079
0.88222551, 0.39187199
0.0, 0.27066317, 0.02178399
0.0, -0.08050783, 0.9967345
0.88222551, 0.49187702
0.0, 0.20742315, 0.016677
0.13333537, -0.07458724, 0.98825037
0.88222551, 0.594888
0.0, 0.13647215, 0.01209901
0.38239694, -0.02996918, 0.92349011
0.88222623, 0.67469999
0.0, -0.00851685, 0.012099
0.38258004, 0.0, 0.92391735
0.88222623, 0.97549723
0.0, -0.01160187, 0.025981
0.08948027, 0.97225869, 0.21607104
0.88222623, 0.98174824
0.0, -0.02383386, 0.025981
0.38270211, 0.0, 0.92385632
0.88222623, 0.99950099
0.018371, -0.02383386, 0.018371
0.0, -1.0, 0.00027467
0.02221814, 0.99950099
0.0, -0.02383386, 0.025981
0.0, -1.0, 0.0
0.11777529, 0.99950099
-0.012389, 0.46655214, 0.012389
-0.18561357, 0.87444687, 0.4481338
0.97778112, 0.14737898
-0.019608, 0.45827213, 0.01960801
-0.35670033, 0.3620716, 0.86117131
0.97778189, 0.16415501
-0.018224, 0.32002109, 0.01822401
-0.3823359, -0.04339732, 0.92300183
0.97778189, 0.39187199
-0.015404, 0.27066317, 0.01540399
-0.38157293, -0.07443465, 0.9213233
0.97778189, 0.49187702
-0.011792, 0.20742317, 0.011792
-0.38163397, -0.07437361, 0.92129278
0.97778189, 0.594888
0.0, 0.20742315, 0.016677
-0.3820307, -0.05948057, 0.92220831
0.11777452, 0.594888
-0.008556, 0.13647215, 0.00855601
-0.70671713, -0.03244118, 0.70671713
0.21333167, 0.67469999
0.0, 0.13647215, 0.01209901
-0.38239694, -0.0299997, 0.92349011
0.11777529, 0.67469999
-0.011792, 0.20742317, 0.011792
-0.79711294, -0.06918546, 0.59981078
0.21333089, 0.594888
-0.008556, -0.00851685, 0.008555
-0.70711386, 0.0, 0.70708334
0.21333167, 0.97549723
0.0, -0.00851685, 0.012099
-0.38267159, 0.0, 0.92385632
0.11777529, 0.97549723
-0.018371, -0.01160186, 0.018371
-0.15338603, 0.97616506, 0.15338603
0.21333167, 0.98174824
0.0, -0.01160187, 0.025981
-0.08948027, 0.97225869, 0.21604052
0.11777529, 0.98174824
-0.018371, -0.02383386, 0.018371
-0.70708334, 0.0, 0.70708334
0.21333167, 0.99950099
-0.017521, 0.46655217, 0.0
-0.45606861, 0.88991976, 0.0
0.30888647, 0.14737898
-0.012389, 0.46655214, 0.012389
-0.4481338, 0.87444687, 0.18561357
0.21333012, 0.14737898
-0.02773, 0.45827213, 0.0
-0.92181158, 0.38755456, 0.0
0.30888724, 0.16415501
-0.019608, 0.45827213, 0.01960801
-0.86117131, 0.3620716, 0.35670033
0.21333089, 0.16415501
-0.025773, 0.32002112, 1e-08
-0.99887079, -0.0469985, 0.0
0.30888724, 0.39187199
-0.018224, 0.32002109, 0.01822401
-0.92300183, -0.04342784, 0.38230535
0.21333089, 0.39187199
-0.021784, 0.27066317, 0.0
-0.9967345, -0.08050783, 0.0
0.30888724, 0.49187702
-0.015404, 0.27066317, 0.01540399
-0.9213233, -0.07440413, 0.38157293
0.21333089, 0.49187702
-0.016677, 0.20742317, 0.0
-0.99734491, -0.07257301, 0.0
0.30888724, 0.594888
-0.012099, 0.13647215, 0.0
-0.99945068, -0.03244118, 0.0
0.30888724, 0.67469999
-0.012099, -0.00851686, 0.0
-0.99996948, 0.0, 0.0
0.30888802, 0.97549723
-0.025981, -0.01160187, 0.0
-0.21692556, 0.97616506, 0.0
0.30888724, 0.98174824
-0.025981, -0.02383386, 0.0
-1.0, 0.0, 0.0
0.30888724, 0.99950099
-0.012389, 0.46655214, -0.012389
-0.32248908, 0.88995028, -0.32242805
0.40444285, 0.14737898
-0.019608, 0.45827216, -0.019608
-0.65181434, 0.38755456, -0.65181434
0.40444362, 0.16415501
-0.018224, 0.32002112, -0.018224
-0.70632041, -0.04696799, -0.70632041
0.40444362, 0.39187199
-0.015404, 0.27066314, -0.015404
-0.70479447, -0.08050783, -0.70479447
0.40444362, 0.49187702
-0.011792, 0.20742317, -0.011792
-0.70522171, -0.07257301, -0.70522171
0.40444362, 0.594888
-0.008556, 0.13647215, -0.008556
-0.70671713, -0.03244118, -0.70671713
0.40444362, 0.67469999
-0.008556, -0.00851686, -0.008556
-0.70708334, 0.0, -0.70708334
0.40444362, 0.97549723
-0.018371, -0.01160187, -0.018372
-0.15338603, 0.97616506, -0.15338603
0.40444362, 0.98174824
-0.018371, -0.02383386, -0.018372
-0.70708334, 0.0, -0.70711386
0.40444362, 0.99950099
0.0, 0.46655217, -0.017521
0.0, 0.88991976, -0.45606861
0.49999923, 0.14737898
0.0, 0.45827213, -0.02773
0.0, 0.38755456, -0.92181158
0.5, 0.16415501
0.0, 0.32002112, -0.02577299
0.0, -0.0469985, -0.99887079
0.5, 0.39187199
0.0, 0.27066314, -0.021784
0.0, -0.08050783, -0.9967345
0.49999923, 0.49187702
0.0, 0.20742315, -0.016677
0.0, -0.07257301, -0.99734491
0.49999923, 0.594888
0.0, 0.13647215, -0.012099
0.0, -0.03244118, -0.99945068
0.49999923, 0.67469999
0.0, -0.00851686, -0.012099
0.0, 0.0, -1.0
0.49999923, 0.97549723
0.0, -0.01160187, -0.025981
0.0, 0.97616506, -0.21692556
0.49999923, 0.98174824
0.0, -0.02383386, -0.025981
0.0, 0.0, -1.0
0.49999923, 0.99950099
0.012389, 0.46655214, -0.012389
0.32248908, 0.88995028, -0.32242805
0.5955556, 0.14737898
0.019608, 0.45827216, -0.019608
0.65181434, 0.38755456, -0.65181434
0.59555638, 0.16415501
0.018224, 0.32002112, -0.018224
0.70632041, -0.04696799, -0.70632041
0.59555638, 0.39187199
0.015404, 0.27066314, -0.015404
0.70479447, -0.08050783, -0.70479447
0.5955556, 0.49187702
0.011792, 0.20742317, -0.011792
0.70522171, -0.07257301, -0.70522171
0.5955556, 0.594888
0.008556, 0.13647215, -0.008556
0.70671713, -0.03244118, -0.70671713
0.5955556, 0.67469999
0.008556, -0.00851686, -0.008556
0.70708334, 0.0, -0.70708334
0.5955556, 0.97549723
0.018371, -0.01160187, -0.018371
0.15338603, 0.97616506, -0.15338603
0.5955556, 0.98174824
0.018371, -0.02383386, -0.018371
0.70708334, 0.0, -0.70708334
0.5955556, 0.99950099
0.0, 0.18661159, 0.02974145
0.0, -0.63023776, 0.77636033
0.73281246, 0.01905829
0.02103037, 0.18661159, 0.02103038
0.54896694, -0.63023776, 0.54896694
0.74644023, 0.01905829
0.02103037, 0.22824962, 0.02103038
0.54896694, 0.63023776, 0.54896694
0.74644023, 0.03254908
0.02103037, 0.18661159, 0.02103038
0.54896694, -0.63023776, 0.54896694
0.85670352, 0.01827705
0.02974144, 0.18661159, 0.0
0.77636033, -0.63023776, 0.0
0.84307575, 0.01827705
0.02974144, 0.22824962, 0.0
0.77636033, 0.63023776, 0.0
0.84307575, 0.03176785
0.02103037, 0.18661159, -0.02103037
0.54896694, -0.63023776, -0.54896694
0.82944798, 0.01827705
0.02103037, 0.22824959, -0.02103037
0.54896694, 0.63023776, -0.54896694
0.82944798, 0.03176785
0.02103037, 0.22824959, -0.02103037
0.54896694, 0.63023776, -0.54896694
0.74644023, 0.03254908
0.02103037, 0.18661159, -0.02103037
0.54896694, -0.63023776, -0.54896694
0.74644023, 0.01905829
-0.0, 0.18661159, -0.02974144
0.0, -0.63023776, -0.77636033
0.73281246, 0.01905829
-0.02103038, 0.18661159, -0.02103036
-0.54896694, -0.63023776, -0.54896694
0.7191847, 0.01905829
-0.02103038, 0.22824959, -0.02103036
-0.54896694, 0.63023776, -0.54896694
0.7191847, 0.03254908
-0.02103038, 0.22824959, -0.02103036
-0.54896694, 0.63023776, -0.54896694
0.82944798, 0.03176785
-0.02103038, 0.18661159, -0.02103036
-0.54896694, -0.63023776, -0.54896694
0.82944798, 0.01827705
-0.02974144, 0.18661159, 0.0
-0.77636033, -0.63023776, 0.0
0.84307575, 0.01827705
-0.02103038, 0.18661159, -0.02103036
-0.54896694, -0.63023776, -0.54896694
0.7738722, 0.03371352
-0.0, 0.18661159, -0.02974144
0.0, -0.63023776, -0.77636033
0.78749996, 0.03653592
0.02974144, 0.18661159, 0.0
0.77636033, -0.63023776, 0.0
0.80677253, 0.02689964
-0.02103038, 0.18661159, 0.02103038
-0.54896694, -0.63023776, 0.54896694
0.7191847, 0.01905829
0.0, 0.22824962, 0.02974144
0.0, 0.63023776, 0.77636033
0.73281246, 0.03254908
-0.02103038, 0.18661159, 0.02103038
-0.54896694, -0.63023776, 0.54896694
0.85670352, 0.01827705
-0.02103038, 0.22824962, 0.02103038
-0.54896694, 0.63023776, 0.54896694
0.85670352, 0.03176785
0.02103037, 0.22824959, -0.02103037
0.54896694, 0.63023776, -0.54896694
0.80112773, 0.03371352
-0.02103038, 0.22824959, -0.02103036
-0.54896694, 0.63023776, -0.54896694
0.7738722, 0.03371352
-0.02103038, 0.22824962, 0.02103038
-0.54896694, 0.63023776, 0.54896694
0.7738722, 0.02008575
0.0, 0.43932363, 0.03858001
0.0, 0.63023776, 0.77636033
0.73124993, 0.0579688
0.0, 0.3853116, 0.03858
0.0, -0.63023776, 0.77636033
0.73124993, 0.04046875
0.02728018, 0.38531163, 0.02728018
0.54896694, -0.63023776, 0.54896694
0.74892759, 0.04046875
0.02728018, 0.38531163, 0.02728018
0.54896694, -0.63023776, 0.54896694
0.86231589, 0.03812498
0.03858, 0.38531163, 0.0
0.77636033, -0.63023776, 0.0
0.84463823, 0.03812498
0.03858, 0.43932363, 0.0
0.77636033, 0.63023776, 0.0
0.84463823, 0.05562502
0.02728018, 0.38531163, -0.02728019
0.54896694, -0.63023776, -0.54896694
0.82696056, 0.03812498
0.02728018, 0.38531163, -0.02728019
0.54896694, -0.63023776, -0.54896694
0.74892759, 0.04046875
-0.0, 0.38531163, -0.03858
0.0, -0.63023776, -0.77636033
0.73124993, 0.04046875
-0.0, 0.43932366, -0.03858
0.0, 0.63023776, -0.77636033
0.73124993, 0.0579688
-0.02728018, 0.38531163, -0.02728018
-0.54896694, -0.63023776, -0.54896694
0.71357226, 0.04046875
-0.02728018, 0.38531163, -0.02728018
-0.54896694, -0.63023776, -0.54896694
0.82696056, 0.03812498
-0.03858, 0.38531163, 0.0
-0.77636033, -0.63023776, 0.0
0.84463823, 0.03812498
-0.03858, 0.43932363, 0.0
-0.77636033, 0.63023776, 0.0
0.84463823, 0.05562502
-0.02728018, 0.38531163, -0.02728018
-0.54896694, -0.63023776, -0.54896694
0.7698223, 0.03573847
-0.0, 0.38531163, -0.03858
0.0, -0.63023776, -0.77636033
0.78749996, 0.03939962
0.03858, 0.38531163, 0.0
0.77636033, -0.63023776, 0.0
0.81249994, 0.02689964
-0.02728018, 0.38531163, 0.02728017
-0.54896694, -0.63023776, 0.54896694
0.71357226, 0.04046875
-0.02728018, 0.38531163, 0.02728017
-0.54896694, -0.63023776, 0.54896694
0.86231589, 0.03812498
-0.02728018, 0.43932363, 0.02728017
-0.54896694, 0.63023776, 0.54896694
0.86231589, 0.05562502
0.02728018, 0.43932366, -0.02728018
0.54896694, 0.63023776, -0.54896694
0.80517763, 0.03573847
-0.03858, 0.43932363, 0.0
-0.77636033, 0.63023776, 0.0
0.76249993, 0.02689964
-0.02728018, 0.43932363, 0.02728017
-0.54896694, 0.63023776, 0.54896694
0.7698223, 0.0180608
-0.00860849, 0.18992551, -0.01421397
-0.63801998, -0.10419019, 0.76290172
0.22290365, 0.04528904
0.00860848, 0.18992548, -0.01421399
0.63801998, -0.10419019, 0.76290172
0.22290371, 0.04528904
-0.00860848, 0.35129097, -0.07851408
-0.71178317, -0.16583759, -0.68251592
0.17830296, 0.03864026
-0.00860849, 0.17861877, -0.0201346
-0.62703329, -0.60768455, 0.48738059
0.18409161, 0.03864026
0.00860848, 0.351291, -0.07851408
0.71178317, -0.16583759, -0.68251592
0.17830296, 0.06283379
0.00860848, 0.35567319, -0.04968887
0.77089757, -0.03405866, 0.63600576
0.34227806, 0.04528904
-0.00860848, 0.35129097, -0.07851408
-0.71178317, -0.16583759, -0.68251592
0.17830296, 0.06283379
-0.00860848, 0.43993378, -0.10200603
-0.58360547, 0.36707664, -0.72432631
0.15350665, 0.03864026
-0.00860848, 0.42117408, -0.02476872
0.62810147, 0.2400586, -0.74013489
0.27134317, 0.02233505
-0.00860848, 0.35567316, -0.04968884
-0.77089757, -0.03405866, 0.63600576
0.18041013, 0.03864026
0.00860848, 0.42117408, -0.02476874
0.62810147, 0.2400586, -0.74013489
0.27134317, 0.04901922
0.00860849, 0.4527362, -0.03737975
0.63237405, 0.70888394, 0.3122654
0.23095049, 0.04901922
0.00860848, 0.41501385, -0.03016466
0.98471022, 0.1511887, 0.08627582
0.23191674, 0.04901922
-0.00577326, 0.47370058, -0.07081925
-0.76918852, -0.30582598, -0.56105226
0.54028976, 0.03366333
0.00573807, 0.48312414, -0.05083935
0.67909789, 0.2557146, 0.68800926
0.53520781, 0.03947461
-0.00577326, 0.35171345, -0.02059744
-0.6704306, -0.08618427, 0.73693043
0.53578663, 0.02385724
0.00573807, 0.34760964, -0.0397714
0.67973876, -0.37873471, -0.62807095
0.53578663, 0.03947461
0.00391133, 0.34232914, -0.03566599
0.49302652, -0.8311106, -0.25711843
0.54807264, 0.0385524
-0.00577326, 0.35171345, -0.02059744
-0.6704306, -0.08618427, 0.73693043
0.53578663, 0.03366333
0.00573807, 0.498074, -0.05872847
0.64000368, 0.56212044, 0.52378917
0.55821371, 0.03947461
0.00573807, 0.47370058, -0.07081925
0.76918852, -0.30582598, -0.56105226
0.54028976, 0.03576064
-0.00577326, 0.47758377, -0.07448576
-0.75679797, -0.53740042, -0.37202063
0.53832668, 0.03366333
-0.00577326, 0.47977144, -0.07970475
-0.78066349, -0.62215036, -0.05899228
0.0, 1.0
0.00573808, 0.47312573, -0.11012188
0.57542652, -0.68300426, -0.44981232
0.53255218, 0.03947461
-0.00730072, 0.4813711, -0.11330387
-0.57621998, 0.43433943, -0.69231236
0.78691089, 0.02804446
-0.00730072, 0.49087614, -0.06963243
-0.57716608, 0.6862697, 0.44260994
0.83083355, 0.02804446
-0.00730072, 0.48093063, -0.0675038
-0.57817316, -0.43800163, 0.68834496
0.87391317, 0.02804446
0.00738735, 0.47094917, -0.11079898
0.57783747, -0.69399089, -0.42948699
0.85199314, 0.0423407
0.00738735, 0.4813711, -0.11330387
0.57621998, 0.43433943, -0.69231236
0.83113426, 0.07244766
-0.00730072, 0.4813711, -0.11330387
-0.57621998, 0.43433943, -0.69231236
0.83113426, 0.07244766
0.00738336, 0.44742462, -0.10563977
0.58055359, 0.35401469, -0.73320717
0.78766954, 0.04233676
-0.00729276, 0.4598147, -0.07326598
-0.57606739, 0.7423017, 0.34220403
0.88847935, 0.02805227
-0.00729276, 0.45102519, -0.07014363
-0.58003479, -0.3312479, 0.74416333
0.85670435, 0.02805227
-0.00729276, 0.43763492, -0.10255156
-0.57292396, -0.74266791, -0.34662923
0.91876799, 0.02805227
0.00738336, 0.43763492, -0.10255156
0.57292396, -0.74266791, -0.34662923
0.91876799, 0.0711233
-0.00729276, 0.43763492, -0.10255156
-0.57292396, -0.74266791, -0.34662923
0.91876799, 0.0711233
0.00012181, 0.41050822, -0.02872286
0.0, 0.77877134, 0.62724692
0.73913419, 0.03526896
0.01049679, 0.40526605, -0.05321559
0.54896694, 0.50138861, -0.66872156
0.73913419, 0.03076082
0.01049679, 0.40526605, -0.05321559
0.54896694, 0.50138861, -0.66872156
0.73913419, 0.04536718
-0.01025318, 0.39352053, -0.02948178
-0.54896694, -0.50138861, 0.66872156
0.91067719, 0.02517086
-0.01455064, 0.39134917, -0.039627
-0.77636033, -0.61629081, 0.131901
0.89048088, 0.02098805
-0.01025318, 0.3891778, -0.04977222
-0.54896694, -0.73119295, -0.40488908
0.87028456, 0.02517086
0.01049679, 0.3891778, -0.04977222
0.54896694, -0.73119295, -0.40488908
0.87028456, 0.04536718
0.01479426, 0.39134917, -0.039627
0.77636033, -0.61629081, 0.131901
0.89048088, 0.04955
-0.01025318, 0.40526605, -0.05321559
-0.54896694, 0.50138861, -0.66872156
0.73913419, 0.03076082
-0.01455064, 0.40743741, -0.04307037
-0.77636033, 0.61629081, -0.131901
0.89048088, 0.02098805
-0.01025318, 0.40960878, -0.03292515
-0.54896694, 0.73119295, 0.40488908
0.91067719, 0.0251708
0.00012181, 0.41050822, -0.02872286
0.0, 0.77877134, 0.62724692
0.91904283, 0.03526896
0.01479425, 0.40743741, -0.04307037
0.77636033, 0.61629081, -0.131901
0.89048088, 0.04955
0.00012181, 0.40436664, -0.05741788
0.0, 0.45381024, -0.89107943
0.86191893, 0.03526896
0.02103037, 0.22824962, 0.02103038
0.54896694, 0.63023776, 0.54896694
0.85670352, 0.03176785
-0.0, 0.22824962, -0.02974143
0.0, 0.63023776, -0.77636033
0.73281246, 0.03254908
-0.02974144, 0.22824962, 0.0
-0.77636033, 0.63023776, 0.0
0.84307575, 0.03176785
0.02103037, 0.18661159, 0.02103038
0.54896694, -0.63023776, 0.54896694
0.80112773, 0.02008575
0.0, 0.18661159, 0.02974145
0.0, -0.63023776, 0.77636033
0.78749996, 0.01726335
-0.02103038, 0.18661159, 0.02103038
-0.54896694, -0.63023776, 0.54896694
0.7738722, 0.02008575
-0.02974144, 0.18661159, 0.0
-0.77636033, -0.63023776, 0.0
0.76822734, 0.02689964
0.02103037, 0.18661159, -0.02103037
0.54896694, -0.63023776, -0.54896694
0.80112773, 0.03371352
-0.02103038, 0.22824962, 0.02103038
-0.54896694, 0.63023776, 0.54896694
0.7191847, 0.03254908
0.0, 0.22824962, 0.02974144
0.0, 0.63023776, 0.77636033
0.78749996, 0.01726335
0.02103037, 0.22824962, 0.02103038
0.54896694, 0.63023776, 0.54896694
0.80112773, 0.02008575
0.02974144, 0.22824962, 0.0
0.77636033, 0.63023776, 0.0
0.80677253, 0.02689964
-0.0, 0.22824962, -0.02974143
0.0, 0.63023776, -0.77636033
0.78749996, 0.03653592
-0.02974144, 0.22824962, 0.0
-0.77636033, 0.63023776, 0.0
0.76822734, 0.02689964
0.02728018, 0.43932363, 0.02728018
0.54896694, 0.63023776, 0.54896694
0.74892759, 0.0579688
0.02728018, 0.43932363, 0.02728018
0.54896694, 0.63023776, 0.54896694
0.86231589, 0.05562502
0.02728018, 0.43932366, -0.02728018
0.54896694, 0.63023776, -0.54896694
0.82696056, 0.05562502
0.02728018, 0.43932366, -0.02728018
0.54896694, 0.63023776, -0.54896694
0.74892759, 0.0579688
-0.02728018, 0.43932366, -0.02728018
-0.54896694, 0.63023776, -0.54896694
0.71357226, 0.0579688
-0.02728018, 0.43932366, -0.02728018
-0.54896694, 0.63023776, -0.54896694
0.82696056, 0.05562502
0.02728018, 0.38531163, 0.02728018
0.54896694, -0.63023776, 0.54896694
0.80517763, 0.0180608
0.0, 0.3853116, 0.03858
0.0, -0.63023776, 0.77636033
0.78749996, 0.01439965
-0.02728018, 0.38531163, 0.02728017
-0.54896694, -0.63023776, 0.54896694
0.7698223, 0.0180608
-0.03858, 0.38531163, 0.0
-0.77636033, -0.63023776, 0.0
0.76249993, 0.02689964
0.02728018, 0.38531163, -0.02728019
0.54896694, -0.63023776, -0.54896694
0.80517763, 0.03573847
-0.02728018, 0.43932363, 0.02728017
-0.54896694, 0.63023776, 0.54896694
0.71357226, 0.0579688
0.0, 0.43932363, 0.03858001
0.0, 0.63023776, 0.77636033
0.78749996, 0.01439965
0.02728018, 0.43932363, 0.02728018
0.54896694, 0.63023776, 0.54896694
0.80517763, 0.0180608
0.03858, 0.43932363, 0.0
0.77636033, 0.63023776, 0.0
0.81249994, 0.02689964
-0.0, 0.43932366, -0.03858
0.0, 0.63023776, -0.77636033
0.78749996, 0.03939962
-0.02728018, 0.43932366, -0.02728018
-0.54896694, 0.63023776, -0.54896694
0.7698223, 0.03573847
# Number of Faces:
364
# Face Data:
0, 1, 2
3, 4, 5
6, 7, 3
8, 9, 10
11, 12, 13
14, 15, 16
17, 18, 19
20, 21, 22
23, 24, 25
2, 26, 27
28, 29, 30
31, 32, 33
34, 35, 36
37, 38, 39
40, 41, 42
37, 43, 44
45, 46, 47
48, 49, 35
50, 51, 52
53, 51, 52
54, 55, 33
56, 57, 58
59, 60, 61
62, 63, 64
65, 66, 67
68, 69, 70
71, 72, 73
74, 75, 76
77, 78, 79
80, 81, 82
83, 84, 85
86, 87, 68
88, 89, 90
91, 92, 93
94, 95, 96
97, 98, 62
99, 100, 101
102, 103, 104
105, 101, 93
94, 106, 107
108, 109, 110
106, 111, 112
113, 110, 89
114, 115, 116
117, 118, 119
120, 121, 115
122, 123, 100
111, 124, 125
126, 127, 128
129, 130, 131
132, 133, 134
135, 136, 137
138, 139, 140
141, 142, 143
144, 145, 146
147, 148, 149
150, 151, 152
153, 154, 155
156, 157, 158
159, 160, 161
162, 163, 164
165, 166, 167
167, 168, 169
170, 171, 172
173, 172, 174
175, 176, 177
178, 179, 180
181, 162, 182
176, 183, 184
185, 186, 187
188, 189, 190
189, 188, 188
190, 191, 192
191, 190, 189
192, 193, 194
193, 192, 191
194, 195, 196
195, 194, 193
196, 197, 198
197, 196, 195
198, 199, 200
199, 198, 197
200, 201, 202
201, 200, 199
202, 203, 204
203, 202, 201
204, 205, 206
205, 204, 203
206, 207, 207
207, 206, 205
188, 208, 189
208, 188, 188
189, 209, 191
209, 189, 208
191, 210, 193
210, 191, 209
193, 211, 195
211, 193, 210
195, 212, 197
212, 195, 211
197, 213, 199
213, 197, 212
199, 214, 201
214, 199, 213
201, 215, 203
215, 201, 214
203, 216, 205
216, 203, 215
217, 207, 207
207, 217, 218
188, 219, 208
219, 188, 188
208, 220, 209
220, 208, 219
209, 221, 210
221, 209, 220
210, 222, 211
222, 210, 221
211, 223, 212
223, 211, 222
224, 225, 226
225, 224, 227
226, 228, 229
228, 226, 225
229, 230, 231
230, 229, 228
231, 232, 218
232, 231, 230
218, 207, 207
207, 218, 232
188, 233, 234
233, 188, 188
234, 235, 236
235, 234, 233
236, 237, 238
237, 236, 235
238, 239, 240
239, 238, 237
240, 241, 227
241, 240, 239
227, 242, 225
242, 227, 241
225, 243, 228
243, 225, 242
228, 244, 230
244, 228, 243
230, 245, 232
245, 230, 244
232, 207, 207
207, 232, 245
188, 246, 233
246, 188, 188
233, 247, 235
247, 233, 246
235, 248, 237
248, 235, 247
237, 249, 239
249, 237, 248
239, 250, 241
250, 239, 249
241, 251, 242
251, 241, 250
242, 252, 243
252, 242, 251
243, 253, 244
253, 243, 252
244, 254, 245
254, 244, 253
245, 207, 207
207, 245, 254
188, 255, 246
255, 188, 188
246, 256, 247
256, 246, 255
247, 257, 248
257, 247, 256
248, 258, 249
258, 248, 257
249, 259, 250
259, 249, 258
250, 260, 251
260, 250, 259
251, 261, 252
261, 251, 260
252, 262, 253
262, 252, 261
253, 263, 254
263, 253, 262
254, 207, 207
207, 254, 263
188, 264, 255
264, 188, 188
255, 265, 256
265, 255, 264
256, 266, 257
266, 256, 265
257, 267, 258
267, 257, 266
258, 268, 259
268, 258, 267
259, 269, 260
269, 259, 268
260, 270, 261
270, 260, 269
261, 271, 262
271, 261, 270
262, 272, 263
272, 262, 271
263, 207, 207
207, 263, 272
188, 190, 264
190, 188, 188
264, 192, 265
192, 264, 190
265, 194, 266
194, 265, 192
266, 196, 267
196, 266, 194
267, 198, 268
198, 267, 196
268, 200, 269
200, 268, 198
269, 202, 270
202, 269, 200
270, 204, 271
204, 270, 202
271, 206, 272
206, 271, 204
272, 207, 207
207, 272, 206
273, 274, 275
276, 277, 278
277, 279, 280
281, 282, 283
283, 284, 285
286, 287, 288
289, 290, 291
292, 273, 293
288, 294, 295
296, 297, 298
299, 300, 301
302, 303, 304
304, 303, 305
306, 307, 308
308, 307, 309
310, 311, 312
313, 314, 315
316, 300, 299
311, 317, 318
319, 320, 321
322, 0, 2
323, 3, 5
323, 6, 3
22, 8, 10
324, 11, 13
25, 14, 16
325, 17, 19
10, 20, 22
16, 23, 25
322, 2, 27
326, 28, 30
327, 31, 33
328, 34, 36
329, 37, 39
330, 40, 42
38, 37, 44
331, 45, 47
34, 48, 35
332, 50, 52
333, 53, 52
32, 54, 33
334, 56, 58
335, 59, 61
336, 62, 64
337, 65, 67
338, 68, 70
91, 71, 73
82, 74, 76
339, 77, 79
76, 80, 82
340, 83, 85
338, 86, 68
341, 88, 90
71, 91, 93
342, 94, 96
336, 97, 62
105, 99, 101
343, 102, 104
92, 105, 93
95, 94, 107
113, 108, 110
107, 106, 112
88, 113, 89
344, 114, 116
345, 117, 119
114, 120, 115
99, 122, 100
112, 111, 125
346, 126, 128
347, 129, 131
348, 132, 134
349, 135, 137
350, 138, 140
351, 141, 143
352, 144, 146
353, 147, 149
354, 150, 152
355, 153, 155
356, 156, 158
357, 159, 161
182, 162, 164
358, 165, 167
358, 167, 169
173, 170, 172
359, 173, 174
360, 175, 177
180, 361, 362
362, 363, 180
178, 364, 365
365, 179, 178
180, 363, 178
366, 181, 182
177, 176, 184
187, 367, 368
368, 369, 185
185, 370, 186
186, 371, 187
187, 368, 185
293, 273, 275
372, 276, 278
278, 277, 280
373, 281, 283
373, 283, 285
374, 286, 288
291, 375, 376
376, 377, 378
378, 289, 291
290, 379, 291
291, 376, 378
380, 292, 293
374, 288, 295
298, 381, 296
382, 383, 296
296, 384, 297
297, 385, 298
381, 382, 296
386, 299, 301
387, 302, 304
388, 304, 305
389, 306, 308
390, 308, 309
391, 310, 312
315, 392, 393
393, 394, 395
395, 313, 315
314, 396, 315
315, 393, 395
397, 316, 299
312, 311, 318
321, 398, 399
399, 400, 319
319, 401, 402
402, 320, 319
321, 399, 319
