# Project Zomboid Skinned Mesh
# File Version:
1.0
# Model Name:
KingdomShortsword_Cube.001
# Vertex Stride Element Count:
3
# Vertex Stride Size (in bytes):
76
# Vertex Stride Data:
# (Int)    Offset
# (String) Type
0
VertexArray
12
NormalArray
24
TextureCoordArray
# Vertex Count:
97
# Vertex Buffer:
-0.01006428, 0.14840657, 0.00018945
-0.938963, 0.01058992, -0.34382153
0.45062661, 0.31518018
-0.01006427, 0.17287858, 0.00018945
-0.93423259, 0.0, -0.35660878
0.50803244, 0.31518018
-0.00550834, 0.17287858, -0.01174593
-0.93578905, 0.00140385, -0.35248879
0.50803244, 0.34317768
-0.00550834, 0.14840657, 0.01292805
-0.94152653, 0.01031526, 0.33671072
0.45062661, 0.28529841
-0.00550834, 0.17287858, 0.01212488
-0.93578905, 0.00140385, 0.35248879
0.50803244, 0.28718233
-0.00095241, 0.14840657, 0.00018945
0.938963, 0.01058992, 0.34382153
0.45062661, 0.31518018
-0.0009524, 0.17287858, 0.00018945
0.93423259, 0.0, 0.35660878
0.50803244, 0.31518018
-0.00550834, 0.14840657, -0.01254914
0.94152653, 0.01031526, -0.33671072
0.45062661, 0.3450619
-0.00550852, 0.20764889, -0.01207188
0.93737602, 0.00170904, -0.34827724
0.58959532, 0.34394234
-0.00095259, 0.20764889, 0.00018927
0.93630785, 0.00122074, -0.35111547
0.58959532, 0.31518042
-0.00550852, 0.20764889, 0.01245061
-0.93737602, 0.00170904, 0.34827724
0.58959532, 0.28641838
-0.01006446, 0.20764889, 0.00018945
-0.93630785, 0.00122074, 0.35111547
0.58959532, 0.31518018
-0.01006465, 0.23660983, 0.00018927
-0.93270671, 0.00286874, -0.3606067
0.6575309, 0.31518042
-0.00550852, 0.23660983, -0.01150999
-0.93258458, 0.00292978, -0.36091191
0.6575309, 0.34262431
-0.00550852, 0.23660983, 0.01188872
-0.93258458, 0.00292978, 0.36088139
0.6575309, 0.2877363
-0.00095278, 0.23660983, 0.00018927
0.93270671, 0.00286874, 0.36057618
0.6575309, 0.31518042
-0.00550852, 0.27190372, -0.0111104
0.93905455, 0.01327555, -0.34345531
0.74032223, 0.34168696
-0.00140837, 0.27190372, 0.00018927
0.93835258, 0.0113834, 0.34543902
0.74032223, 0.31518042
-0.00550852, 0.27190372, 0.01148894
0.93905455, 0.01327555, 0.34345531
0.74032223, 0.28867418
-0.00960905, 0.27190372, 0.00018927
-0.93835258, 0.0113834, -0.34546953
0.74032223, 0.31518042
-0.00960905, 0.29027325, 0.00018927
-0.93224889, 0.01165807, -0.36158329
0.78341258, 0.31518042
-0.00550852, 0.29027325, -0.01023128
-0.93230993, 0.01040681, -0.3614307
0.78341258, 0.33962464
-0.00550851, 0.29027325, 0.01060983
-0.93230993, 0.01040681, 0.3614307
0.78341258, 0.29073626
-0.00140836, 0.29027325, 0.00018927
0.93224889, 0.01165807, 0.36158329
0.78341258, 0.31518042
-0.00550851, 0.30290231, -0.00970944
0.93594164, 0.03552354, -0.35029146
0.81303763, 0.33840054
-0.00186395, 0.30290231, 0.00018927
0.94286937, 0.05392621, 0.32871488
0.81303763, 0.31518042
-0.00550851, 0.30290231, 0.01008799
0.93594164, 0.03552354, 0.35029146
0.81303763, 0.29196048
-0.00915345, 0.30290231, 0.00018927
-0.94283885, 0.05392621, -0.32874539
0.81303763, 0.31518042
-0.00778667, 0.31438324, 0.00018927
-0.95773184, 0.11899167, -0.26178777
0.83996916, 0.31518042
-0.00550851, 0.31438324, -0.00814542
-0.95321512, 0.09952086, -0.28540909
0.83996916, 0.33473182
-0.00550851, 0.31438324, 0.00852397
-0.95321512, 0.09952086, 0.28540909
0.83996916, 0.29562932
-0.00323073, 0.31438324, 0.00018927
0.95776236, 0.11899167, 0.26172674
0.83996916, 0.31518042
-0.0055087, 0.33194581, 0.00018927
0.95715201, 0.12414929, -0.26157415
0.8811667, 0.31518042
4.876e-05, 0.10922609, 0.00018945
0.91561633, 0.08047731, -0.39387187
0.35871857, 0.31518018
0.00293722, 0.09572762, 0.00018927
0.87218851, 0.18662068, -0.4521012
0.32705444, 0.31518042
-0.00550721, 0.0978951, -0.01520712
0.90856653, 0.10409863, -0.40449232
0.33213884, 0.35129684
-0.0110645, 0.1092259, 0.00018945
-0.91561633, 0.08041627, 0.39387187
0.35871804, 0.31518018
-0.01395125, 0.09572743, 0.00018927
-0.87221903, 0.18649861, 0.4521012
0.3270539, 0.31518042
-0.00550721, 0.09789472, 0.01558567
-0.90856653, 0.10400708, 0.40449232
0.3321377, 0.27906418
-0.00550797, 0.11681931, 0.01383124
0.932432, 0.02557451, 0.36036256
0.37653035, 0.28317964
-0.00550797, 0.1168195, -0.01345233
-0.932432, 0.02554399, -0.36039308
0.37653095, 0.34718055
0.00053396, 0.08975194, 0.01633968
0.81115144, 0.56184578, 0.16223639
0.3130368, 0.27729547
-0.01480359, 0.08905981, 0.00018927
-0.9919126, 0.12677389, 0.0
0.31141323, 0.31518042
-0.01154838, 0.08975194, 0.01633968
-0.81115144, 0.56184578, 0.16220587
0.3130368, 0.27729547
0.00378993, 0.08906019, 0.00018927
0.9919126, 0.12683493, 0.0
0.31141406, 0.31518042
0.00053396, 0.08975213, -0.01596113
0.81075472, 0.56184578, -0.16415906
0.3130371, 0.35306555
-0.01154838, 0.08975213, -0.01596113
-0.81078523, 0.56184578, -0.16412854
0.3130371, 0.35306555
-0.00550721, 0.09669024, 0.03987679
0.0, 0.82668537, 0.56263924
0.3293125, 0.22208285
-0.01215261, 0.08982237, 0.03979365
-0.8431654, -0.02545244, 0.5370037
0.31320208, 0.22227806
-0.00550702, 0.0811807, 0.01493154
-0.80254525, -0.58491772, 0.11716056
0.2929306, 0.28059858
-0.00550702, 0.08404525, 0.04049716
0.0, -0.78081608, 0.6247139
0.29965031, 0.22062761
0.001138, 0.08982237, 0.03979365
0.8431654, -0.02545244, 0.5370037
0.31320208, 0.22227806
0.001138, 0.08965949, -0.03956944
0.8431654, -0.02218696, -0.5371868
0.31281978, 0.40844512
-0.00550721, 0.09652547, -0.03938568
0.0, 0.83675647, -0.54756308
0.32892579, 0.40801406
-0.01215261, 0.08965949, -0.03956944
-0.8431654, -0.02218696, -0.5371868
0.31281978, 0.40844512
-0.00550702, 0.08391427, -0.04049711
0.0, -0.7689749, -0.63924068
0.29934299, 0.41062129
-0.00550702, 0.08118089, -0.01455276
0.8029725, -0.58479565, -0.11484115
0.2929312, 0.3497619
-0.00550721, 0.09652547, -0.03938568
0.0, 0.83675647, -0.54756308
0.08958109, 0.08919847
0.001138, 0.08965949, -0.03956944
0.8431654, -0.02218696, -0.5371868
0.10516916, 0.10530448
-0.00550702, 0.08391427, -0.04049711
0.0, -0.7689749, -0.63924068
0.0895815, 0.11878127
-0.00550721, 0.09669024, 0.03987679
0.0, 0.82668537, 0.56263924
0.08958109, 0.08881176
-0.01215261, 0.08982237, 0.03979365
-0.8431654, -0.02545244, 0.5370037
0.07399257, 0.10492218
-0.00550702, 0.08404525, 0.04049716
0.0, -0.78081608, 0.6247139
0.08958165, 0.11847395
0.00322936, 0.07161855, 0.00675135
0.89611501, 0.00845363, 0.4437086
0.45544434, 0.68822584
-0.0055074, 0.07161855, 0.01331243
0.0, -0.09753716, 0.99520862
0.43157253, 0.68822584
-0.00550741, -0.01463857, 0.01139951
0.0, -0.60011595, 0.79989016
0.43157253, 0.92390883
-0.01424417, 0.07161855, 0.00675135
-0.89611501, 0.00848415, 0.4437086
0.4077009, 0.68822584
-0.01424417, 0.07161855, 0.00675135
-0.89611501, 0.00848415, 0.4437086
0.64230627, 0.86546469
-0.01424417, 0.07161855, -0.0063709
-0.89611501, 0.00845363, -0.44367808
0.64230627, 0.90131888
-0.01258411, -0.01463857, -0.00541435
-0.69975889, -0.62929165, -0.33805352
0.4066231, 0.89870533
-0.01424417, 0.07161855, -0.0063709
-0.89611501, 0.00845363, -0.44367808
0.4077009, 0.68822584
-0.0055074, 0.07161855, -0.01293199
0.0, -0.09762871, -0.99520862
0.43157253, 0.68822584
-0.00550741, -0.01463857, -0.01101906
0.0, -0.60011595, -0.79989016
0.43157253, 0.92390883
0.00322936, 0.07161855, -0.0063709
0.89611501, 0.00842311, -0.4437086
0.45544434, 0.68822584
0.00156947, -0.01463857, -0.00541435
0.69975889, -0.62929165, -0.33805352
0.40662324, 0.89870533
0.00322936, 0.07161855, -0.0063709
0.89611501, 0.00842311, -0.4437086
0.64230627, 0.90131888
0.00322936, 0.07161855, 0.00675135
0.89611501, 0.00845363, 0.4437086
0.64230627, 0.86546469
0.00378993, 0.08906019, 0.00018927
0.98837245, 0.15195166, 0.0
0.68996263, 0.88339424
-0.0055074, 0.07161855, -0.01293199
0.0, -0.09762871, -0.99520862
0.64230627, 0.91924599
-0.00550702, 0.08118089, -0.01455276
0.0, 0.09094515, -0.99584949
0.66843385, 0.92367446
-0.00550702, 0.0811807, 0.01493154
0.0, 0.09106723, 0.99581897
0.66843319, 0.84311351
-0.0055074, 0.07161855, 0.01331243
0.0, -0.09753716, 0.99520862
0.64230627, 0.84753743
-0.01480359, 0.08905981, 0.00018927
-0.98837245, 0.15201269, 0.0
0.68996161, 0.88339424
-0.01258411, -0.01463857, -0.00541435
-0.69975889, -0.62929165, -0.33805352
0.41223669, 0.89870533
-0.00550741, -0.01463857, -0.01101906
0.0, -0.60011595, -0.79989016
0.43157253, 0.91401917
0.00156947, -0.01463857, -0.00541435
0.69975889, -0.62929165, -0.33805352
0.45090902, 0.89870533
0.00156947, -0.01463857, 0.00579498
0.69975889, -0.62926114, 0.33805352
0.45090902, 0.86807761
-0.00550741, -0.01463857, 0.01139951
0.0, -0.60011595, 0.79989016
0.43157253, 0.85276425
-0.01258411, -0.01463857, 0.00579498
-0.69975889, -0.62929165, 0.33805352
0.41223669, 0.86807761
-0.01215261, 0.08965949, -0.03956944
-0.8431654, -0.02218696, -0.5371868
0.07399257, 0.10530448
0.001138, 0.08982237, 0.03979365
0.8431654, -0.02545244, 0.5370037
0.10516916, 0.10492218
0.00156947, -0.01463857, 0.00579498
0.69975889, -0.62926114, 0.33805352
0.45090902, 0.92390883
-0.01258411, -0.01463857, 0.00579498
-0.69975889, -0.62929165, 0.33805352
0.41223669, 0.92390898
-0.01258411, -0.01463857, 0.00579498
-0.69975889, -0.62929165, 0.33805352
0.4066231, 0.86807761
-0.01258411, -0.01463857, -0.00541435
-0.69975889, -0.62929165, -0.33805352
0.41223669, 0.92390898
0.00156947, -0.01463857, -0.00541435
0.69975889, -0.62929165, -0.33805352
0.45090902, 0.92390883
0.00156947, -0.01463857, 0.00579498
0.69975889, -0.62926114, 0.33805352
0.40662324, 0.86807761
# Number of Faces:
134
# Face Data:
0, 1, 2
0, 3, 4
5, 6, 4
5, 7, 2
2, 8, 9
4, 6, 9
4, 10, 11
2, 1, 11
11, 12, 13
11, 10, 14
9, 15, 14
9, 8, 13
15, 13, 16
15, 17, 18
12, 14, 18
12, 19, 16
19, 20, 21
19, 18, 22
17, 23, 22
17, 16, 21
23, 21, 24
23, 25, 26
20, 22, 26
20, 27, 24
27, 28, 29
27, 26, 30
25, 31, 30
25, 24, 29
31, 29, 32
30, 31, 32
28, 30, 32
29, 28, 32
33, 34, 35
36, 37, 38
33, 39, 38
36, 40, 35
34, 38, 41
37, 42, 43
34, 44, 45
37, 35, 46
41, 38, 47
43, 48, 47
43, 49, 50
41, 51, 50
45, 52, 53
46, 35, 53
46, 54, 55
45, 56, 55
44, 41, 49
44, 56, 45
42, 49, 43
42, 46, 56
5, 3, 39
5, 33, 40
0, 7, 40
0, 36, 39
57, 58, 59
60, 61, 62
63, 64, 65
65, 64, 66
67, 68, 69
70, 71, 72
72, 71, 73
74, 75, 76
77, 76, 75
75, 78, 79
80, 81, 76
82, 68, 67
80, 82, 67
68, 82, 79
83, 84, 85
86, 87, 88
88, 83, 85
7, 0, 2
1, 0, 4
3, 5, 4
6, 5, 2
6, 2, 9
10, 4, 9
1, 4, 11
8, 2, 11
8, 11, 13
12, 11, 14
10, 9, 14
15, 9, 13
17, 15, 16
14, 15, 18
19, 12, 18
13, 12, 16
16, 19, 21
20, 19, 22
18, 17, 22
23, 17, 21
25, 23, 24
22, 23, 26
27, 20, 26
21, 20, 24
24, 27, 29
28, 27, 30
26, 25, 30
31, 25, 29
40, 33, 35
39, 36, 38
34, 33, 38
37, 36, 35
44, 34, 41
38, 37, 43
35, 34, 45
42, 37, 46
51, 41, 47
38, 43, 47
48, 43, 50
49, 41, 50
35, 45, 53
54, 46, 53
56, 46, 55
52, 45, 55
33, 5, 39
7, 5, 40
36, 0, 40
3, 0, 39
89, 57, 59
90, 60, 62
91, 63, 65
92, 65, 66
93, 67, 69
94, 70, 72
95, 72, 73
96, 74, 76
77, 75, 79
77, 80, 76
81, 80, 67
78, 68, 79
86, 88, 85
