# Project Zomboid Skinned Mesh
# File Version:
1.0
# Model Name:
Llave
# Vertex Stride Element Count:
3
# Vertex Stride Size (in bytes):
76
# Vertex Stride Data:
# (Int)    Offset
# (String) Type
0
VertexArray
12
NormalArray
24
TextureCoordArray
# Vertex Count:
238
# Vertex Buffer:
-0.00860848, 0.16124007, 0.01355733
-0.77089757, -0.16641743, 0.61479539
0.01854213, 0.04528904
-0.00860848, 0.16298778, -0.01554669
-0.71178317, -0.01931822, -0.7021088
0.01643498, 0.06283379
-0.00860849, -0.00826143, -0.01438158
-0.63814205, -0.26602983, -0.72246468
0.22290368, 0.06213146
0.00860848, -0.00826138, -0.01438162
0.63814205, -0.26602983, -0.7224952
0.22290362, 0.06213146
0.00860848, 0.1629878, -0.01554668
0.71178317, -0.01931822, -0.7021088
0.01643498, 0.06283379
0.00860848, 0.1612401, 0.0135573
0.77089757, -0.16641743, 0.61479539
0.01854213, 0.04528904
0.00860848, -0.01807864, 0.00540138
0.62703329, -0.69621873, 0.34940642
0.23473994, 0.05020571
0.00860848, -0.01866113, -0.0056432
0.619129, -0.72029787, -0.31275368
0.23544221, 0.05686367
-0.00860848, 0.16298778, -0.01554669
-0.71178317, -0.01931822, -0.7021088
0.01643498, 0.03864026
0.00860848, 0.1629878, -0.01554668
0.71178317, -0.01931822, -0.7021088
0.01643498, 0.04901922
0.00860848, -0.00826138, -0.01438162
0.63814205, -0.26602983, -0.7224952
0.22290362, 0.04901922
-0.00860848, 0.25458407, -0.01996636
-0.58360547, 0.5105136, -0.63145846
0.06786878, 0.03864026
0.00860849, 0.2545841, -0.01996634
0.58360547, 0.5105136, -0.63145846
0.06786878, 0.04901922
0.00860848, 0.1629878, -0.01554668
0.71178317, -0.01931822, -0.7021088
0.17830296, 0.04901922
0.00860848, -0.00826144, 0.01355727
0.63801998, -0.26157415, 0.72420424
0.22290371, 0.04901922
0.00860848, 0.1612401, 0.0135573
0.77089757, -0.16641743, 0.61479539
0.01854213, 0.04901922
-0.00860848, 0.16124007, 0.01355733
-0.77089757, -0.16641743, 0.61479539
0.01854213, 0.03864026
-0.00860849, -0.01866118, -0.00564316
-0.619129, -0.72029787, -0.31275368
0.17077561, 0.03864026
0.00860848, -0.01866113, -0.0056432
0.619129, -0.72029787, -0.31275368
0.17077555, 0.04901922
0.00860848, -0.01807864, 0.00540138
0.62703329, -0.69621873, 0.34940642
0.18409158, 0.04901922
0.00860848, -0.01866113, -0.0056432
0.619129, -0.72029787, -0.31275368
0.23544221, 0.04901922
-0.00860849, -0.01866118, -0.00564316
-0.619129, -0.72029787, -0.31275368
0.23544227, 0.03864026
-0.00860849, -0.00826143, -0.01438158
-0.63814205, -0.26602983, -0.72246468
0.22290368, 0.03864026
-0.00860849, -0.01807861, 0.00540142
-0.62703329, -0.69621873, 0.34940642
0.23473988, 0.03864026
0.00860848, -0.01807864, 0.00540138
0.62703329, -0.69621873, 0.34940642
0.23473994, 0.04901922
-0.00860849, -0.01866118, -0.00564316
-0.619129, -0.72029787, -0.31275368
0.23544227, 0.05686367
-0.00860849, -0.01807861, 0.00540142
-0.62703329, -0.69621873, 0.34940642
0.23473988, 0.05020565
0.00860849, 0.2545841, -0.01996634
0.58360547, 0.5105136, -0.63145846
0.06786878, 0.06549811
0.00860849, 0.26072523, 0.01743106
0.6641438, 0.74694049, 0.03106784
0.06046464, 0.04295385
0.00860848, 0.1612401, 0.0135573
0.77089757, -0.16641743, 0.61479539
0.1804101, 0.04528904
0.00860849, 0.26072523, 0.01743106
0.6641438, 0.74694049, 0.03106784
0.22233261, 0.04295385
0.00860849, 0.25357738, 0.0459081
0.63237405, 0.62782675, 0.45371869
0.23095049, 0.025787
0.00860848, 0.21518038, 0.04506852
0.75484478, -0.43711662, 0.48896757
0.27724433, 0.02629304
-0.00860848, 0.16124007, 0.01355733
-0.77089757, -0.16641743, 0.61479539
0.18041013, 0.04528904
-0.00860848, 0.2607252, 0.01743109
-0.6641438, 0.74694049, 0.03106784
0.06046464, 0.04295373
-0.00860848, 0.25458407, -0.01996636
-0.58360547, 0.5105136, -0.63145846
0.06786878, 0.06549811
-0.00860848, 0.25458407, -0.01996636
-0.58360547, 0.5105136, -0.63145846
0.15350665, 0.03864026
-0.00860848, 0.2607252, 0.01743109
-0.6641438, 0.74694049, 0.03106784
0.19859536, 0.03864026
0.00860849, 0.26072523, 0.01743106
0.6641438, 0.74694049, 0.03106784
0.19859533, 0.04901922
-0.00860848, 0.21518037, 0.04506854
-0.75484478, -0.43711662, 0.48896757
0.27724433, 0.02629304
-0.00860848, 0.22007489, 0.05163423
-0.62810147, -0.38962981, 0.673513
0.27134317, 0.02233505
-0.00860848, 0.24067138, 0.05409203
-0.63884395, 0.17026277, 0.75023651
0.24651076, 0.0208534
-0.00860848, 0.25357738, 0.04590812
-0.63237405, 0.62782675, 0.45371869
0.23292904, 0.03864026
0.00860849, 0.25357738, 0.0459081
0.63237405, 0.62782675, 0.45371869
0.23292901, 0.04901922
0.00860848, 0.21518038, 0.04506852
0.75484478, -0.43711662, 0.48896757
0.11537634, 0.04901922
-0.00860848, 0.21518037, 0.04506854
-0.75484478, -0.43711662, 0.48896757
0.11537637, 0.03864026
-0.00860848, 0.16124007, 0.01355733
-0.77089757, -0.16641743, 0.61479539
0.18041013, 0.03864026
-0.00860848, 0.21518037, 0.04506854
-0.75484478, -0.43711662, 0.48896757
0.11537637, 0.02629304
-0.00860848, 0.25357738, 0.04590812
-0.63237405, 0.62782675, 0.45371869
0.06908251, 0.025787
0.00860848, 0.22007491, 0.05163421
0.62810147, -0.38962981, 0.673513
0.27134317, 0.04901922
0.00860849, 0.2406714, 0.05409201
0.63884395, 0.17026277, 0.75023651
0.24651076, 0.04901922
-0.00860848, 0.24067138, 0.05409203
-0.63884395, 0.17026277, 0.75023651
0.24651076, 0.03864026
-0.00860848, 0.25357738, 0.04590812
-0.63237405, 0.62782675, 0.45371869
0.23095052, 0.03864026
0.00860849, 0.2406714, 0.05409201
0.63884395, 0.17026277, 0.75023651
0.24651076, 0.0208534
0.00860848, 0.22007491, 0.05163421
0.62810147, -0.38962981, 0.673513
0.27134317, 0.02233505
0.00860848, 0.22007491, 0.05163421
0.62810147, -0.38962981, 0.673513
0.23983274, 0.04901922
-0.00860848, 0.22007489, 0.05163423
-0.62810147, -0.38962981, 0.673513
0.23983277, 0.03864026
-0.00860848, 0.21518037, 0.04506854
-0.75484478, -0.43711662, 0.48896757
0.23191677, 0.03864026
-0.00577326, 0.28564057, 0.01482418
-0.75679797, -0.44764549, -0.47624135
0.53568107, 0.03366333
0.00573807, 0.28564057, 0.01482418
0.75679797, -0.44764549, -0.47624135
0.53568107, 0.03947461
0.00573807, 0.28107598, 0.01759679
0.76918852, -0.18161565, -0.61262858
0.54028976, 0.03947461
-0.00577326, 0.2861093, 0.03910646
-0.67909789, 0.10608234, 0.72631001
0.53520781, 0.03366333
-0.00577326, 0.15127952, 0.04117573
-0.6704306, -0.23850214, 0.70256662
0.67134058, 0.03366333
0.00573807, 0.15127952, 0.04117573
0.6704306, -0.23850214, 0.70256662
0.67134058, 0.03947461
-0.00577326, 0.15127952, 0.02156751
-0.67973876, -0.23889889, -0.69344157
0.53578663, 0.03375614
-0.00394653, 0.14525674, 0.02447687
-0.49302652, -0.7589038, -0.42539752
0.54186761, 0.03228736
-0.00394653, 0.14525674, 0.03786182
-0.49574268, -0.76863921, 0.40418714
0.54186761, 0.02553022
-0.00577326, 0.15127952, 0.02156751
-0.67973876, -0.23889889, -0.69344157
0.53578663, 0.03366333
-0.00577326, 0.28107598, 0.01759679
-0.76918852, -0.18161565, -0.61262858
0.40473574, 0.03366333
0.00573807, 0.28107598, 0.01759679
0.76918852, -0.18161565, -0.61262858
0.40473574, 0.03947461
-0.00577326, 0.28107598, 0.01759679
-0.76918852, -0.18161565, -0.61262858
0.54028976, 0.03576064
-0.00577326, 0.15127952, 0.02156751
-0.67973876, -0.23889889, -0.69344157
0.67134058, 0.03375614
-0.00577326, 0.15127952, 0.04117573
-0.6704306, -0.23850214, 0.70256662
0.67134058, 0.02385724
0.00573807, 0.28107598, 0.01759679
0.76918852, -0.18161565, -0.61262858
0.40473574, 0.03576064
0.00573807, 0.2861093, 0.03910646
0.67909789, 0.10608234, 0.72631001
0.39965379, 0.02490187
0.00573807, 0.15127952, 0.04117573
0.6704306, -0.23850214, 0.70256662
0.53578663, 0.02385724
-0.00394653, 0.14525674, 0.03786182
-0.49574268, -0.76863921, 0.40418714
0.56158692, 0.03458554
-0.00394653, 0.14525674, 0.02447687
-0.49302652, -0.7589038, -0.42539752
0.54807264, 0.03458554
0.00391133, 0.14525674, 0.02447687
0.49302652, -0.7589038, -0.42539752
0.54807264, 0.0385524
0.00391133, 0.14525674, 0.03786182
0.49574268, -0.76863921, 0.40418714
0.54186761, 0.02553022
0.00391133, 0.14525674, 0.02447687
0.49302652, -0.7589038, -0.42539752
0.54186761, 0.03228736
0.00573807, 0.15127952, 0.02156751
0.67973876, -0.23889889, -0.69344157
0.53578663, 0.03375614
-0.00394653, 0.14525674, 0.03786182
-0.49574268, -0.76863921, 0.40418714
0.54186761, 0.03458554
0.00391133, 0.14525674, 0.03786182
0.49574268, -0.76863921, 0.40418714
0.54186761, 0.0385524
0.00573807, 0.15127952, 0.04117573
0.6704306, -0.23850214, 0.70256662
0.53578663, 0.03947461
0.00391133, 0.14525674, 0.02447687
0.49302652, -0.7589038, -0.42539752
0.54186761, 0.0385524
-0.00394653, 0.14525674, 0.02447687
-0.49302652, -0.7589038, -0.42539752
0.54186761, 0.03458554
0.00573807, 0.30237922, 0.03452091
0.64000368, 0.4400464, 0.62981045
0.55821371, 0.03947461
0.00573807, 0.31216601, 0.02097885
0.64363539, 0.72853786, 0.23435163
0.54454082, 0.03947461
-0.00577326, 0.31216601, 0.02097885
-0.64363539, 0.72853786, 0.23438215
0.54454082, 0.03366333
-0.00577326, 0.2861093, 0.03910646
-0.67909789, 0.10608234, 0.72631001
0.53520781, 0.02490187
-0.00577326, 0.30237922, 0.03452091
-0.64000368, 0.4400464, 0.62984097
0.51878065, 0.02721679
-0.00577326, 0.28564057, 0.01482418
-0.75679797, -0.44764549, -0.47624135
0.53568107, 0.0371604
0.00573807, 0.28564057, 0.01482418
0.75679797, -0.44764549, -0.47624135
0.53568107, 0.0371604
0.00573807, 0.30237922, 0.03452091
0.64000368, 0.4400464, 0.62981045
0.51878065, 0.02721679
0.00573807, 0.2861093, 0.03910646
0.67909789, 0.10608234, 0.72631001
0.53520781, 0.02490187
0.00573807, 0.30237922, 0.03452091
0.64000368, 0.4400464, 0.62981045
0.51878065, 0.03947461
-0.00577326, 0.30237922, 0.03452091
-0.64000368, 0.4400464, 0.62984097
0.51878065, 0.03366333
-0.00577325, 0.31209326, -0.00116054
-0.64674824, 0.72853786, -0.22562334
0.50897276, 0.04522997
-0.00577325, 0.28891632, -0.0043519
-0.7086398, -0.70552689, 0.00265511
0.53237367, 0.04684103
-0.00577326, 0.28887203, 0.01017864
-0.78063297, -0.59602648, -0.18790247
0.53241837, 0.0395056
-0.00577326, 0.28887203, 0.01017864
-0.78063297, -0.59602648, -0.18790247
0.53363621, 0.03366333
0.00573807, 0.28887203, 0.01017864
0.78063297, -0.59602648, -0.18790247
0.53363621, 0.03947461
0.00573807, 0.28564057, 0.01482418
0.75679797, -0.44764549, -0.47624135
0.53832668, 0.03947461
-0.00577326, 0.31216601, 0.02097885
-0.64363539, 0.72853786, 0.23438215
0.50889927, 0.03405327
0.00573807, 0.28887203, 0.01017864
0.78063297, -0.59602648, -0.18790247
0.53241837, 0.0395056
0.00573807, 0.31216601, 0.02097885
0.64363539, 0.72853786, 0.23435163
0.50889927, 0.03405327
0.00573808, 0.29880577, -0.02069088
0.61741996, 0.37699515, -0.69035918
0.50246835, 0.03947461
-0.00577325, 0.29880577, -0.02069088
-0.61741996, 0.37699515, -0.69035918
0.50246835, 0.03366333
-0.00577325, 0.31209326, -0.00116054
-0.64674824, 0.72853786, -0.22562334
0.52218747, 0.03366333
0.00573808, 0.28891632, -0.00435189
0.7086398, -0.70552689, 0.00265511
0.53237367, 0.04684103
0.00573808, 0.31209326, -0.00116054
0.64674824, 0.72853786, -0.22562334
0.50897276, 0.04522997
0.00573808, 0.31209326, -0.00116054
0.64674824, 0.72853786, -0.22562334
0.52218747, 0.03947461
-0.00577326, 0.28887203, 0.01017864
-0.78063297, -0.59602648, -0.18790247
0.0, 1.0
-0.00577325, 0.28891632, -0.0043519
-0.7086398, -0.70552689, 0.00265511
0.0, 1.0
0.00573808, 0.28891632, -0.00435189
0.7086398, -0.70552689, 0.00265511
0.0, 1.0
0.00573808, 0.2887395, -0.02095575
0.57542652, -0.57374799, -0.58281195
0.53255218, 0.03947461
-0.00577325, 0.2887395, -0.02095575
-0.57542652, -0.57374799, -0.58281195
0.53255218, 0.03366333
-0.00577325, 0.29880577, -0.02069088
-0.61741996, 0.37699515, -0.69035918
0.52238858, 0.03366333
-0.00577325, 0.2887395, -0.02095575
-0.57542652, -0.57374799, -0.58281195
0.0, 1.0
0.00573808, 0.2887395, -0.02095575
0.57542652, -0.57374799, -0.58281195
0.0, 1.0
-0.00577325, 0.29880577, -0.02069088
-0.61741996, 0.37699515, -0.69035918
0.52238858, 0.05508947
-0.00577325, 0.2887395, -0.02095575
-0.57542652, -0.57374799, -0.58281195
0.53255218, 0.05522323
0.00573808, 0.2887395, -0.02095575
0.57542652, -0.57374799, -0.58281195
0.53255218, 0.05522323
0.00573808, 0.29880577, -0.02069088
0.61741996, 0.37699515, -0.69035918
0.52238858, 0.05508947
-0.00730072, 0.29762271, 0.02235199
-0.57716608, 0.5784173, 0.5764336
0.87391317, 0.02804446
0.00738735, 0.29762271, 0.02235199
0.57716608, 0.5784173, 0.5764336
0.87391317, 0.0423407
0.00738735, 0.29746827, -0.02234159
0.57621998, 0.56959748, -0.58607745
0.78691089, 0.0423407
-0.00730072, 0.28745201, 0.02235199
-0.57817316, -0.57237464, 0.58143866
0.85063225, 0.02804446
0.00738735, 0.28745201, 0.02235199
0.57817316, -0.57237464, 0.58143866
0.85063225, 0.0423407
0.00738735, 0.29762271, 0.02235199
0.57716608, 0.5784173, 0.5764336
0.83083355, 0.0423407
-0.00730072, 0.28675291, -0.02207338
-0.57783747, -0.58873254, -0.56520277
0.78743297, 0.02804446
0.00738735, 0.28675291, -0.02207338
0.57783747, -0.58873254, -0.56520277
0.78743297, 0.0423407
0.00738735, 0.28745201, 0.02235199
0.57817316, -0.57237464, 0.58143866
0.87391317, 0.0423407
-0.00730072, 0.28675291, -0.02207338
-0.57783747, -0.58873254, -0.56520277
0.85199314, 0.02804446
-0.00730072, 0.29746827, -0.02234159
-0.57621998, 0.56959748, -0.58607745
0.83113426, 0.02804446
0.00738735, 0.29746827, -0.02234159
0.57621998, 0.56959748, -0.58607745
0.83113426, 0.0423407
0.00738735, 0.29762271, 0.02235199
0.57716608, 0.5784173, 0.5764336
0.83083355, 0.02894652
0.00738735, 0.28745201, 0.02235199
0.57817316, -0.57237464, 0.58143866
0.85063225, 0.02894652
0.00738735, 0.28675291, -0.02207338
0.57783747, -0.58873254, -0.56520277
0.85199314, 0.07218659
-0.00730072, 0.28675291, -0.02207338
-0.57783747, -0.58873254, -0.56520277
0.85199314, 0.07218659
-0.00730072, 0.28745201, 0.02235199
-0.57817316, -0.57237464, 0.58143866
0.85063225, 0.02894652
-0.00730072, 0.29762271, 0.02235199
-0.57716608, 0.5784173, 0.5764336
0.83083355, 0.02894652
-0.00729276, 0.26800969, 0.01229806
-0.57606739, 0.65422529, 0.48997468
0.85434175, 0.02805227
0.00738336, 0.26800969, 0.01229806
0.57606739, 0.65422529, 0.48997468
0.85434175, 0.04233676
0.00738336, 0.26266953, -0.02195187
0.58055359, 0.49964905, -0.64284188
0.78766954, 0.04233676
-0.00729276, 0.25876138, 0.01351173
-0.58003479, -0.47965941, 0.65834528
0.90648252, 0.02805227
0.00738336, 0.25876138, 0.01351173
0.58003479, -0.47965941, 0.65834528
0.90648252, 0.04233676
0.00738336, 0.26800969, 0.01229806
0.57606739, 0.65422529, 0.48997468
0.88847935, 0.04233676
-0.00729276, 0.25245029, -0.02098094
-0.57292396, -0.65364546, -0.49439985
0.7895596, 0.02805227
0.00738336, 0.25245029, -0.02098094
0.57292396, -0.65364546, -0.49439985
0.7895596, 0.04233676
0.00738336, 0.25876138, 0.01351173
0.58003479, -0.47965941, 0.65834528
0.85670435, 0.04233676
-0.00729276, 0.25245029, -0.02098094
-0.57292396, -0.65364546, -0.49439985
0.91876799, 0.02805227
-0.00729276, 0.26266953, -0.02195187
-0.58055359, 0.49964905, -0.64284188
0.89887476, 0.02805227
0.00738336, 0.26266953, -0.02195187
0.58055359, 0.49964905, -0.64284188
0.89887476, 0.04233676
0.00738336, 0.26266953, -0.02195187
0.58055359, 0.49964905, -0.64284188
0.89887476, 0.07206833
0.00738336, 0.26800969, 0.01229806
0.57606739, 0.65422529, 0.48997468
0.88847935, 0.03873223
0.00738336, 0.25876138, 0.01351173
0.58003479, -0.47965941, 0.65834528
0.90648252, 0.03755093
-0.00729276, 0.25876138, 0.01351173
-0.58003479, -0.47965941, 0.65834528
0.90648252, 0.03755093
-0.00729276, 0.26800969, 0.01229806
-0.57606739, 0.65422529, 0.48997468
0.88847935, 0.03873223
-0.00729276, 0.26266953, -0.02195187
-0.58055359, 0.49964905, -0.64284188
0.89887476, 0.07206833
-0.01455064, 0.21047275, 0.03086294
-0.77636033, 0.63023776, 0.0
0.73913419, 0.02066267
-0.01455064, 0.19402014, 0.03086294
-0.77636033, -0.63023776, 0.0
0.7711615, 0.02066267
-0.01025318, 0.19402014, 0.04123793
-0.54896694, -0.63023776, 0.54896694
0.7711615, 0.01056457
-0.01025318, 0.19402014, 0.04123793
-0.54896694, -0.63023776, 0.54896694
0.7711615, 0.02517086
0.00012181, 0.19402014, 0.04553539
0.0, -0.63023776, 0.77636033
0.7711615, 0.03526902
0.00012181, 0.21047275, 0.04553539
0.0, 0.63023776, 0.77636033
0.73913419, 0.03526896
0.01049679, 0.19402014, 0.04123793
0.54896694, -0.63023776, 0.54896694
0.7711615, 0.04536718
0.01049679, 0.21047275, 0.04123793
0.54896694, 0.63023776, 0.54896694
0.73913419, 0.04536718
0.01049679, 0.19402014, 0.04123793
0.54896694, -0.63023776, 0.54896694
0.7711615, 0.01056457
0.01479426, 0.19402014, 0.03086294
0.77636033, -0.63023776, 0.0
0.7711615, 0.02066267
0.01479425, 0.21047275, 0.03086294
0.77636033, 0.63023776, 0.0
0.73913419, 0.02066267
0.01049679, 0.19402014, 0.02048795
0.54896694, -0.63023776, -0.54896694
0.7711615, 0.03076082
0.01049679, 0.21047275, 0.02048795
0.54896694, 0.63023776, -0.54896694
0.73913419, 0.04536718
0.01049679, 0.19402014, 0.02048795
0.54896694, -0.63023776, -0.54896694
0.7711615, 0.04536718
0.00012181, 0.19402014, 0.01619049
0.0, -0.63023776, -0.77636033
0.7711615, 0.03526902
0.00012181, 0.19402014, 0.01619049
0.0, -0.63023776, -0.77636033
0.86191893, 0.03526902
0.01479426, 0.19402014, 0.03086294
0.77636033, -0.63023776, 0.0
0.89048088, 0.04955
0.00012181, 0.19402014, 0.04553539
0.0, -0.63023776, 0.77636033
0.91904283, 0.03526902
-0.01025318, 0.19402014, 0.02048795
-0.54896694, -0.63023776, -0.54896694
0.7711615, 0.03076082
-0.01025318, 0.19402014, 0.02048795
-0.54896694, -0.63023776, -0.54896694
0.7711615, 0.02517086
-0.01025318, 0.21047275, 0.02048795
-0.54896694, 0.63023776, -0.54896694
0.73913419, 0.0251708
0.01049679, 0.21047275, 0.04123793
0.54896694, 0.63023776, 0.54896694
0.91067719, 0.04536718
0.00012181, 0.21047275, 0.01619049
0.0, 0.63023776, -0.77636033
0.86191893, 0.03526896
-0.01025318, 0.21047275, 0.02048795
-0.54896694, 0.63023776, -0.54896694
0.8702845, 0.0251708
-0.00860849, -0.00826141, 0.0135573
-0.63801998, -0.26157415, 0.72420424
0.22290365, 0.04528904
0.00860848, -0.00826144, 0.01355727
0.63801998, -0.26157415, 0.72420424
0.22290371, 0.04528904
-0.00860848, 0.16298778, -0.01554669
-0.71178317, -0.01931822, -0.7021088
0.17830296, 0.03864026
-0.00860849, -0.00826141, 0.0135573
-0.63801998, -0.26157415, 0.72420424
0.22290365, 0.03864026
-0.00860849, -0.01807861, 0.00540142
-0.62703329, -0.69621873, 0.34940642
0.18409161, 0.03864026
0.00860848, 0.1629878, -0.01554668
0.71178317, -0.01931822, -0.7021088
0.17830296, 0.06283379
0.00860848, 0.1612401, 0.0135573
0.77089757, -0.16641743, 0.61479539
0.34227806, 0.04528904
-0.00860848, 0.16298778, -0.01554669
-0.71178317, -0.01931822, -0.7021088
0.17830296, 0.06283379
0.00860849, 0.2545841, -0.01996634
0.58360547, 0.5105136, -0.63145846
0.15350668, 0.04901922
-0.00860848, 0.25357738, 0.04590812
-0.63237405, 0.62782675, 0.45371869
0.23095052, 0.025787
0.00860848, 0.1612401, 0.0135573
0.77089757, -0.16641743, 0.61479539
0.1804101, 0.04901922
-0.00860848, 0.22007489, 0.05163423
-0.62810147, -0.38962981, 0.673513
0.27134317, 0.03864026
0.00860849, 0.25357738, 0.0459081
0.63237405, 0.62782675, 0.45371869
0.23095049, 0.04901922
0.00860848, 0.21518038, 0.04506852
0.75484478, -0.43711662, 0.48896757
0.23191674, 0.04901922
-0.00577326, 0.28107598, 0.01759679
-0.76918852, -0.18161565, -0.61262858
0.54028976, 0.03366333
0.00573807, 0.2861093, 0.03910646
0.67909789, 0.10608234, 0.72631001
0.53520781, 0.03947461
-0.00577326, 0.15127952, 0.04117573
-0.6704306, -0.23850214, 0.70256662
0.53578663, 0.02385724
0.00573807, 0.15127952, 0.02156751
0.67973876, -0.23889889, -0.69344157
0.53578663, 0.03947461
0.00391133, 0.14525674, 0.03786182
0.49574268, -0.76863921, 0.40418714
0.56158692, 0.0385524
-0.00577326, 0.15127952, 0.04117573
-0.6704306, -0.23850214, 0.70256662
0.53578663, 0.03366333
-0.00577326, 0.30237922, 0.03452091
-0.64000368, 0.4400464, 0.62984097
0.55821371, 0.03366333
0.00573807, 0.28107598, 0.01759679
0.76918852, -0.18161565, -0.61262858
0.54028976, 0.03576064
-0.00577326, 0.28564057, 0.01482418
-0.75679797, -0.44764549, -0.47624135
0.53832668, 0.03366333
0.00573807, 0.28887203, 0.01017864
0.78063297, -0.59602648, -0.18790247
0.0, 1.0
0.00573808, 0.29880577, -0.02069088
0.61741996, 0.37699515, -0.69035918
0.52238858, 0.03947461
-0.00730072, 0.29746827, -0.02234159
-0.57621998, 0.56959748, -0.58607745
0.78691089, 0.02804446
-0.00730072, 0.29762271, 0.02235199
-0.57716608, 0.5784173, 0.5764336
0.83083355, 0.02804446
-0.00730072, 0.28745201, 0.02235199
-0.57817316, -0.57237464, 0.58143866
0.87391317, 0.02804446
0.00738735, 0.28675291, -0.02207338
0.57783747, -0.58873254, -0.56520277
0.85199314, 0.0423407
0.00738735, 0.29746827, -0.02234159
0.57621998, 0.56959748, -0.58607745
0.83113426, 0.07244766
-0.00730072, 0.29746827, -0.02234159
-0.57621998, 0.56959748, -0.58607745
0.83113426, 0.07244766
-0.00729276, 0.26266953, -0.02195187
-0.58055359, 0.49964905, -0.64284188
0.78766954, 0.02805227
-0.00729276, 0.26800969, 0.01229806
-0.57606739, 0.65422529, 0.48997468
0.88847935, 0.02805227
-0.00729276, 0.25876138, 0.01351173
-0.58003479, -0.47965941, 0.65834528
0.85670435, 0.02805227
0.00738336, 0.25245029, -0.02098094
0.57292396, -0.65364546, -0.49439985
0.91876799, 0.04233676
0.00738336, 0.25245029, -0.02098094
0.57292396, -0.65364546, -0.49439985
0.91876799, 0.0711233
-0.00729276, 0.25245029, -0.02098094
-0.57292396, -0.65364546, -0.49439985
0.91876799, 0.0711233
-0.01025318, 0.21047275, 0.04123793
-0.54896694, 0.63023776, 0.54896694
0.73913419, 0.01056457
-0.01025318, 0.21047275, 0.04123793
-0.54896694, 0.63023776, 0.54896694
0.73913419, 0.0251708
0.01049679, 0.21047275, 0.04123793
0.54896694, 0.63023776, 0.54896694
0.73913419, 0.01056457
0.01049679, 0.21047275, 0.02048795
0.54896694, 0.63023776, -0.54896694
0.73913419, 0.03076082
0.00012181, 0.21047275, 0.01619049
0.0, 0.63023776, -0.77636033
0.73913419, 0.03526896
-0.01025318, 0.19402014, 0.04123793
-0.54896694, -0.63023776, 0.54896694
0.91067719, 0.02517086
-0.01455064, 0.19402014, 0.03086294
-0.77636033, -0.63023776, 0.0
0.89048088, 0.02098805
-0.01025318, 0.19402014, 0.02048795
-0.54896694, -0.63023776, -0.54896694
0.87028456, 0.02517086
0.01049679, 0.19402014, 0.02048795
0.54896694, -0.63023776, -0.54896694
0.87028456, 0.04536718
0.01049679, 0.19402014, 0.04123793
0.54896694, -0.63023776, 0.54896694
0.91067719, 0.04536718
-0.01025318, 0.21047275, 0.02048795
-0.54896694, 0.63023776, -0.54896694
0.73913419, 0.03076082
-0.01455064, 0.21047275, 0.03086294
-0.77636033, 0.63023776, 0.0
0.89048088, 0.02098805
-0.01025318, 0.21047275, 0.04123793
-0.54896694, 0.63023776, 0.54896694
0.91067719, 0.0251708
0.00012181, 0.21047275, 0.04553539
0.0, 0.63023776, 0.77636033
0.91904283, 0.03526896
0.01479425, 0.21047275, 0.03086294
0.77636033, 0.63023776, 0.0
0.89048088, 0.04955
0.01049679, 0.21047275, 0.02048795
0.54896694, 0.63023776, -0.54896694
0.8702845, 0.04536718
# Number of Faces:
148
# Face Data:
0, 1, 2
3, 4, 5
6, 7, 3
8, 9, 10
11, 12, 13
14, 15, 16
17, 18, 19
20, 21, 22
23, 24, 14
2, 25, 26
27, 28, 29
30, 31, 32
33, 34, 35
36, 37, 38
39, 40, 41
37, 42, 43
44, 45, 46
47, 48, 34
49, 50, 51
52, 51, 50
53, 54, 32
55, 56, 57
58, 59, 60
61, 62, 63
64, 65, 66
67, 68, 69
70, 71, 72
73, 74, 75
76, 77, 78
79, 80, 81
82, 83, 84
85, 86, 67
87, 88, 89
90, 91, 92
93, 94, 95
96, 97, 61
98, 99, 100
101, 102, 103
104, 100, 92
93, 105, 106
107, 108, 109
105, 110, 111
112, 109, 89
113, 114, 115
116, 117, 118
114, 119, 120
121, 122, 99
110, 123, 124
125, 126, 127
128, 129, 130
131, 132, 133
134, 135, 136
137, 138, 139
140, 141, 142
143, 144, 145
146, 147, 148
149, 150, 151
152, 153, 154
155, 156, 157
158, 159, 160
161, 162, 163
164, 165, 166
165, 167, 168
169, 170, 171
171, 170, 172
173, 174, 175
176, 177, 178
179, 162, 161
175, 180, 181
182, 183, 184
185, 0, 2
186, 3, 5
186, 6, 3
22, 8, 10
187, 11, 13
188, 14, 16
189, 17, 19
10, 20, 22
188, 23, 14
185, 2, 26
190, 27, 29
191, 30, 32
192, 33, 35
193, 36, 38
194, 39, 41
38, 37, 43
195, 44, 46
33, 47, 34
196, 49, 51
197, 52, 50
31, 53, 32
198, 55, 57
199, 58, 60
200, 61, 63
201, 64, 66
202, 67, 69
90, 70, 72
81, 73, 75
203, 76, 78
75, 79, 81
204, 82, 84
202, 85, 67
205, 87, 89
70, 90, 92
206, 93, 95
200, 96, 61
104, 98, 100
207, 101, 103
91, 104, 92
94, 93, 106
112, 107, 109
106, 105, 111
88, 112, 89
208, 113, 115
209, 116, 118
115, 114, 120
98, 121, 99
111, 110, 124
210, 125, 127
211, 128, 130
212, 131, 133
213, 134, 136
214, 137, 139
215, 140, 142
216, 143, 145
217, 146, 148
218, 149, 151
219, 152, 154
220, 155, 157
221, 158, 160
222, 161, 163
223, 164, 166
166, 165, 168
224, 169, 171
225, 171, 172
226, 173, 175
178, 227, 228
228, 229, 178
176, 230, 177
177, 231, 178
178, 229, 176
232, 179, 161
226, 175, 181
184, 233, 182
234, 235, 182
182, 236, 237
237, 183, 182
233, 234, 182
