# Project Zomboid Skinned Mesh
# File Version:
1.0
# Model Name:
combat_knife
# Vertex Stride Element Count:
3
# Vertex Stride Size (in bytes):
76
# Vertex Stride Data:
# (Int)    Offset
# (String) Type
0
VertexArray
12
NormalArray
24
TextureCoordArray
# Vertex Count:
189
# Vertex Buffer:
0.00091954, 0.05638331, -0.01204069
0.14774011, 0.00360118, -0.98901331
0.18083864, 0.75160338
0.00086159, -0.02820094, -0.0118026
0.1637318, -0.39628285, -0.90337843
0.61276317, 0.75140576
-0.00287136, -0.02820465, -0.01064108
-0.45951721, -0.40021974, -0.79284036
0.61273366, 0.76310243
-0.00503591, 0.05638333, -0.0092039
-0.76628923, 0.00299081, -0.64244515
0.18083864, 0.7787669
-0.00545035, -0.02819135, -0.00814712
-0.80132449, -0.35419783, -0.48203987
0.61275911, 0.78518054
-0.00549124, 0.05638333, 0.00826732
-0.83635974, 0.00289926, 0.54811245
0.18083864, 0.91643748
-0.00594375, -0.02820184, 0.00728042
-0.8433485, -0.34546953, 0.41154209
0.61265433, 0.90685943
-0.00293198, -0.02819515, 0.01061818
-0.48539689, -0.39405501, 0.78041935
0.61269021, 0.93805412
0.00593233, 0.05638334, -0.00746616
0.87746817, 0.00274667, -0.47959837
0.18083864, 0.79233897
0.00545035, -0.02819136, -0.00814711
0.77739799, -0.35358745, -0.52018797
0.61275905, 0.78518096
-0.00759348, 0.05638333, -3e-08
-0.99990845, 0.00158696, -0.01129185
0.18083864, 0.85067078
-0.0072642, -0.02826241, -0.00136138
-0.94161808, -0.3297525, -0.0674459
0.61279964, 0.84177573
-0.00358351, -0.03086672, -0.00625831
-0.3772698, -0.89559621, -0.23566394
0.63364512, 0.78027353
0.00728804, -0.02824577, -0.00124988
0.94228947, -0.32923368, -0.06042665
0.61278218, 0.84165293
0.00738812, 0.05638334, 0.00109363
0.99856561, 0.00305185, 0.0532548
0.18083864, 0.85777946
0.00585652, -0.02820252, 0.00748833
0.81490523, -0.34516433, 0.46552935
0.61265683, 0.90799401
0.00512127, 0.05638333, 0.00913391
0.77086705, 0.00442518, 0.63692129
0.18083864, 0.92157967
0.00086158, -0.02820092, 0.01180259
0.17752618, -0.39545885, 0.90115052
0.6127947, 0.9495269
-0.0, -0.03086142, -0.00827559
-0.00360118, -0.92333752, -0.38392285
0.63364512, 0.74766761
-0.00358353, -0.03086672, 0.00625829
-0.36600849, -0.89858699, 0.24192022
0.63364512, 0.92088231
-0.0, -0.03086142, 0.00827558
-0.00381481, -0.92321545, 0.38422802
0.63364512, 0.95348871
0.00519161, -0.03086524, 2e-08
0.47819453, -0.87820065, 0.0085757
0.63364512, 0.85064012
0.00358354, -0.0308667, -0.00625834
0.37989441, -0.89230019, -0.24375133
0.63364512, 0.7802735
-0.00519407, -0.03086231, -2e-08
-0.47849971, -0.87801754, 0.00851466
0.63364512, 0.85064027
-0.00154752, 0.06932037, 0.01542962
-0.65645313, 0.18521683, 0.73122346
0.938869, 0.07821101
-0.00154752, 0.06041387, 0.01542961
-0.70720541, 0.00015259, 0.70696127
0.98681903, 0.07819098
0.00154296, 0.06041387, 0.01542961
0.70708334, 0.0, 0.70708334
0.986772, 0.01190102
0.00358348, -0.03086671, 0.00625831
0.37009797, -0.8939482, 0.25263223
0.63364512, 0.92088301
-0.00358351, -0.03086672, -0.00625831
-0.3772698, -0.89559621, -0.23566394
0.86446738, 0.82735759
-0.0, -0.03086142, -0.00827559
-0.00360118, -0.92333752, -0.38392285
0.87539148, 0.81244814
-0.00519407, -0.03086231, -2e-08
-0.47849971, -0.87801754, 0.00851466
0.84087968, 0.83429398
0.00358354, -0.0308667, -0.00625834
0.37989441, -0.89230019, -0.24375133
0.86446726, 0.79753882
0.00519161, -0.03086524, 2e-08
0.47819453, -0.87820065, 0.0085757
0.84087974, 0.79060529
0.00358348, -0.03086671, 0.00625831
0.37009797, -0.8939482, 0.25263223
0.86446738, 0.79753873
-0.0, -0.03086142, 0.00827558
-0.00381481, -0.92321545, 0.38422802
0.87539148, 0.81244814
-0.00358353, -0.03086672, 0.00625829
-0.36600849, -0.89858699, 0.24192022
0.86446714, 0.82735755
-0.00154392, 0.07318443, 0.01334069
-0.91448712, -0.13202307, 0.38242745
0.92008001, 0.07821101
0.00154296, 0.06932037, 0.01542962
0.65581226, 0.18512528, 0.73183388
0.93914002, 0.01190001
-0.00154296, 0.07409039, 0.01542962
-0.60179448, -0.43812373, 0.66771448
0.91537797, 0.07821101
0.00154296, 0.07318443, 0.01334069
0.91445661, -0.13226722, 0.38239694
0.92008001, 0.01190001
-0.00154296, 0.07935456, 0.01542962
-0.65617847, 0.18341625, 0.73192543
0.88945401, 0.07821202
0.00154296, 0.07409039, 0.01542962
0.60194707, -0.43812373, 0.66756189
0.91561103, 0.01190102
-0.00154296, 0.08326101, 0.01334068
-0.91589099, -0.13528855, 0.3779107
0.87037599, 0.07821101
0.00154296, 0.07935456, 0.01542962
0.65627003, 0.18338573, 0.73189491
0.88964498, 0.01190001
-0.00154296, 0.0841246, 0.01542962
-0.6007874, -0.44431898, 0.66451001
0.865964, 0.07821101
0.00154296, 0.08326104, 0.01334069
0.91589099, -0.13531907, 0.3779107
0.87037599, 0.01190001
-0.00154296, 0.09016925, 0.01542962
-0.65581226, 0.18512528, 0.73183388
0.83619601, 0.07821101
0.00154296, 0.0841246, 0.01542962
0.6007874, -0.44431898, 0.66451001
0.86611599, 0.01190001
-0.00154296, 0.09403332, 0.01334068
-0.91445661, -0.13226722, 0.38239694
0.81724, 0.07821202
0.00154296, 0.09016925, 0.01542962
0.65581226, 0.18512528, 0.73183388
0.83630002, 0.01190102
-0.00154296, 0.09493923, 0.01542962
-0.60194707, -0.43812373, 0.66756189
0.81270599, 0.07821202
0.00154296, 0.09403332, 0.01334069
0.91445661, -0.13226722, 0.38239694
0.81724, 0.01190102
-0.00154296, 0.10098391, 0.01542962
-0.65627003, 0.18338573, 0.73189491
0.782938, 0.07821202
0.00154296, 0.09493923, 0.01542962
0.60194707, -0.43812373, 0.66756189
0.81277198, 0.01190102
-0.00154296, 0.10489035, 0.01334069
-0.91589099, -0.13531907, 0.3779107
0.763686, 0.07821202
0.00154296, 0.10098391, 0.01542962
0.65627003, 0.18338573, 0.73189491
0.78295499, 0.01190001
-0.00154296, 0.1057539, 0.01542962
-0.6007874, -0.4443495, 0.66451001
0.75944698, 0.07821101
0.00154296, 0.10489037, 0.01334069
0.91592151, -0.13528855, 0.37784967
0.763686, 0.01190102
-0.00154296, 0.11190318, 0.01542962
-0.65581226, 0.18515579, 0.73183388
0.72916502, 0.07821202
0.00154296, 0.1057539, 0.01542962
0.6007874, -0.4443495, 0.66451001
0.75942701, 0.01190001
0.00154296, 0.1157672, 0.01334069
0.91454816, -0.13226722, 0.3822138
0.71003503, 0.01190001
-0.00154296, 0.11576721, 0.01334069
-0.91445661, -0.13226722, 0.38242745
0.71003503, 0.07821101
0.00154296, 0.11667319, 0.01542962
0.60194707, -0.43812373, 0.66756189
0.70556599, 0.01190102
-0.00154296, 0.11667319, 0.01542962
-0.60194707, -0.43812373, 0.66756189
0.70567399, 0.07821101
-0.00154296, 0.12219515, 0.01542962
-0.65565968, 0.18576616, 0.73180336
0.67848098, 0.07821202
-0.00154296, 0.12604417, 0.01334068
-0.91396832, -0.13113804, 0.38398388
0.659343, 0.07821202
0.00154296, 0.12219515, 0.01542962
0.65565968, 0.18576616, 0.73180336
0.67832798, 0.01190102
-0.00154296, 0.12696518, 0.01542962
-0.60237432, -0.43592638, 0.66863
0.65499002, 0.07821202
0.00154296, 0.12604418, 0.01334068
0.91402936, -0.13116856, 0.38377026
0.659343, 0.01190102
-0.00154296, 0.1326962, 0.01542962
-0.65526289, 0.18744469, 0.73174232
0.62676698, 0.07821202
0.00154296, 0.12696518, 0.01542962
0.60237432, -0.43592638, 0.66863
0.6548, 0.01190102
-0.00154296, 0.1365055, 0.01334068
-0.91537219, -0.13080233, 0.38071841
0.607741, 0.07821202
0.00154296, 0.1326962, 0.01542962
0.65526289, 0.18744469, 0.73174232
0.626531, 0.01190001
-0.00154392, 0.07318443, 0.01334069
-0.91448712, -0.13202307, 0.38242745
0.90833396, 0.11464709
-0.00154296, 0.07409039, 0.01542962
-0.60179448, -0.43812373, 0.66771448
0.903548, 0.08257401
-0.00154296, 0.07935456, 0.01542962
-0.65617847, 0.18341625, 0.73192543
0.87413299, 0.08257401
-0.00154752, 0.06041387, 0.01542961
-0.70720541, 0.00015259, 0.70696127
0.97997099, 0.08257401
-0.00154752, 0.06932037, 0.01542962
-0.65645313, 0.18521683, 0.73122346
0.93020201, 0.08257401
-0.00154296, 0.08326101, 0.01334068
-0.91589099, -0.13528855, 0.3779107
0.85212004, 0.11464709
-0.00154296, 0.0841246, 0.01542962
-0.6007874, -0.44431898, 0.66451001
0.84747899, 0.08257401
-0.00154296, 0.09016925, 0.01542962
-0.65581226, 0.18512528, 0.73183388
0.81370199, 0.08257401
-0.00154296, 0.09403332, 0.01334068
-0.91445661, -0.13226722, 0.38239694
0.79202592, 0.11464703
-0.00154296, 0.09493923, 0.01542962
-0.60194707, -0.43812373, 0.66756189
0.78704798, 0.08257401
-0.00154296, 0.10098391, 0.01542962
-0.65627003, 0.18338573, 0.73189491
0.75327098, 0.08257401
-0.00154296, 0.10489035, 0.01334069
-0.91589099, -0.13531907, 0.3779107
0.73145807, 0.1146459
-0.00154296, 0.1057539, 0.01542962
-0.6007874, -0.4443495, 0.66451001
0.72661698, 0.082573
-0.00154296, 0.11190318, 0.01542962
-0.65581226, 0.18515579, 0.73183388
0.69225597, 0.08257401
-0.00154296, 0.11576721, 0.01334069
-0.91445661, -0.13226722, 0.38242745
0.67078, 0.11464584
-0.00154296, 0.11667319, 0.01542962
-0.60194707, -0.43812373, 0.66756189
0.66560102, 0.08257401
-0.00154296, 0.12219515, 0.01542962
-0.65565968, 0.18576616, 0.73180336
0.63474602, 0.08257401
-0.00154296, 0.12604417, 0.01334068
-0.91396832, -0.13113804, 0.38398388
0.61344892, 0.11464691
-0.00154296, 0.12696518, 0.01542962
-0.60237432, -0.43592638, 0.66863
0.608091, 0.08257401
-0.00154296, 0.1326962, 0.01542962
-0.65526289, 0.18744469, 0.73174232
0.57606697, 0.08257401
2.71e-05, 0.12770963, -0.0154296
0.00256355, 0.0036317, -0.99996948
0.60415769, 0.56525904
0.00153595, 0.19249514, -0.00541204
0.99688709, 0.01669363, -0.0766625
0.24274832, 0.40756911
0.00154296, 0.06041386, -0.00537556
0.99719232, 0.0, -0.07473983
0.97957408, 0.41000003
-0.00154321, 0.06041387, -0.005374
-0.99697864, 3.052e-05, -0.07739494
0.97958404, 0.41000003
2.71e-05, 0.06041386, -0.01542961
0.00262459, 0.0, -0.99996948
0.97957605, 0.56525901
0.00154296, 0.07318443, 0.01334069
0.91445661, -0.13226722, 0.38239694
0.90833402, 0.11464703
0.00154296, 0.08326104, 0.01334069
0.91589099, -0.13531907, 0.3779107
0.85211998, 0.11464679
0.00154296, 0.07935456, 0.01542962
0.65627003, 0.18338573, 0.73189491
0.87391299, 0.08257401
0.00154296, 0.06932037, 0.01542962
0.65581226, 0.18512528, 0.73183388
0.92988998, 0.08257401
0.00154296, 0.06041387, 0.01542961
0.70708334, 0.0, 0.70708334
0.97957599, 0.082573
0.00154296, 0.09403332, 0.01334069
0.91445661, -0.13226722, 0.38239694
0.79202586, 0.11464703
0.00154296, 0.09016925, 0.01542962
0.65581226, 0.18512528, 0.73183388
0.813582, 0.082573
0.00154296, 0.10489037, 0.01334069
0.91592151, -0.13528855, 0.37784967
0.73145789, 0.11464596
0.00154296, 0.10098391, 0.01542962
0.65627003, 0.18338573, 0.73189491
0.75325102, 0.08257401
0.00154296, 0.1157672, 0.01334069
0.91454816, -0.13226722, 0.3822138
0.67078006, 0.11464596
0.00154296, 0.11190318, 0.01542962
0.65581226, 0.18515579, 0.73183388
0.69233602, 0.08257401
0.00154296, 0.12604418, 0.01334068
0.91402936, -0.13116856, 0.38377026
0.6134491, 0.11464721
0.00154296, 0.12219515, 0.01542962
0.65565968, 0.18576616, 0.73180336
0.63492101, 0.08257401
0.00154296, 0.13650553, 0.01334069
0.91543323, -0.13083285, 0.3805353
0.55508792, 0.11464721
0.00154296, 0.1326962, 0.01542962
0.65526289, 0.18744469, 0.73174232
0.57633901, 0.08257401
-0.00154296, 0.13740636, 0.01542962
-0.601825, -0.43885615, 0.66719568
0.603571, 0.07821101
0.00154296, 0.13650553, 0.01334069
0.91543323, -0.13083285, 0.3805353
0.607741, 0.01190102
-0.00154296, 0.1365055, 0.01334068
-0.91537219, -0.13080233, 0.38071841
0.55508798, 0.11464715
-0.00154296, 0.13740636, 0.01542962
-0.601825, -0.43885615, 0.66719568
0.54974699, 0.08257401
-0.00154296, 0.14388435, 0.01542962
-0.65584278, 0.18564409, 0.73168129
0.51354897, 0.08257401
0.00154296, 0.14388435, 0.01542963
0.65584278, 0.18561357, 0.73168129
0.51392502, 0.08257401
0.00154296, 0.13740636, 0.01542963
0.601825, -0.43885615, 0.66719568
0.55006301, 0.08257401
-0.00154296, 0.14388435, 0.01542962
-0.65584278, 0.18564409, 0.73168129
0.57167, 0.07821202
0.00154296, 0.13740636, 0.01542963
0.601825, -0.43885615, 0.66719568
0.603297, 0.01190001
0.0015419, 0.14773971, 0.01334007
0.91525012, -0.12930693, 0.38154241
0.55232602, 0.01190102
-0.0015419, 0.14773959, 0.01333943
-0.91640979, -0.12729271, 0.37943664
0.55232602, 0.07821202
-0.00154296, 0.14863487, 0.01542962
-0.591052, -0.36542863, 0.71907711
0.54815602, 0.07821202
2.71e-05, 0.19228168, -0.01349014
-0.00155644, 0.0827662, -0.99655139
0.24393301, 0.53548199
-0.00154296, 0.14265281, -0.00537556
-0.99676502, 0.00350963, -0.08005005
0.52080733, 0.41000003
-0.00109302, 0.19345284, 0.00532341
-0.69551682, 0.14752647, 0.70317698
0.42071915, 0.07410914
0.00154296, 0.14863487, 0.01542963
0.59120458, -0.36530656, 0.71901608
0.54791099, 0.01190102
2.73e-05, 0.20335734, -0.01145351
0.00192267, 0.30939665, -0.95089573
0.18260871, 0.49999207
-0.00156479, 0.19802421, -0.0045372
-0.99713129, 0.03021332, -0.06918546
0.21231475, 0.39454722
-0.00112779, 0.21218933, 3.028e-05
-0.99847406, 0.05227821, 0.01666311
0.13213441, 0.33313751
2.71e-05, 0.22915746, 0.0022889
0.00140385, 0.98086488, 0.19464706
0.038217, 0.28372997
2.624e-05, 0.21562648, -0.00655639
6.104e-05, 0.48048341, -0.87697989
0.11412131, 0.42808175
0.00076002, 0.20595586, 0.00339458
0.6794641, 0.07641835, 0.72969759
0.16912816, 0.24414164
0.00112122, 0.21223225, 2.321e-05
0.99816889, 0.05346843, 0.02746666
0.13123931, 0.33205235
2.71e-05, 0.22915746, 0.0022889
0.00140385, 0.98086488, 0.19464706
0.181288, 0.04882902
-0.00078375, 0.20636177, 0.00337208
-0.67744988, 0.06393628, 0.7327494
0.29928094, 0.06201804
0.00076002, 0.20595586, 0.00339458
0.6794641, 0.07641835, 0.72969759
0.30325645, 0.0336172
0.00147899, 0.20243296, -0.0032371
0.99844354, 0.03439436, -0.04330577
0.18730354, 0.38081855
-0.00095174, 0.19835901, 0.00440919
-0.68572038, 0.13083285, 0.71599478
0.365879, 0.06789702
0.00096132, 0.19816828, 0.00443959
0.68996245, 0.12289803, 0.71330911
0.365879, 0.026057
-0.00109302, 0.19345284, 0.00532341
-0.69551682, 0.14752647, 0.70317698
0.23579904, 0.21242863
-0.0015419, 0.14773959, 0.01333943
-0.91640979, -0.12729271, 0.37943664
0.49240622, 0.11465782
0.00096132, 0.19816828, 0.00443959
0.68996245, 0.12289803, 0.71330911
0.21056762, 0.2234093
0.001072, 0.19349194, 0.00531173
0.69740897, 0.15488143, 0.69972837
0.23678969, 0.21163476
0.0015419, 0.14773971, 0.01334007
0.91525012, -0.12930693, 0.38154241
0.4924112, 0.11465186
-0.00394497, 0.06083282, -0.02250716
-0.49259925, 0.59196752, -0.63783687
0.14319292, 0.65420219
0.00394496, 0.06083282, -0.02250717
0.49259925, 0.59196752, -0.63783687
0.14319292, 0.69365653
0.00394496, 0.05518743, -0.02250717
0.49259925, -0.59196752, -0.63783687
0.17500827, 0.69365653
-0.00078375, 0.20636177, 0.00337208
-0.67744988, 0.06393628, 0.7327494
0.16597827, 0.24428791
0.00982554, 0.06083282, 1e-08
0.7561571, 0.65437788, 0.0
0.14319292, 0.80620572
0.00982554, 0.05518743, 1e-08
0.7561571, -0.65437788, 0.0
0.17500827, 0.80620572
0.00394496, 0.06083282, 0.02250718
0.49259925, 0.59196752, 0.63783687
0.14319292, 0.91875434
0.00394496, 0.05518742, 0.02250718
0.49259925, -0.59196752, 0.63783687
0.17500827, 0.91875434
-0.00394496, 0.06083282, 0.02250718
-0.49259925, 0.59196752, 0.63783687
0.17500827, 0.91875434
-0.00394496, 0.05518742, 0.02250718
-0.49259925, -0.59196752, 0.63783687
0.14319292, 0.91875434
0.00394496, 0.05518742, 0.02250718
0.49259925, -0.59196752, 0.63783687
0.14319292, 0.95820871
-0.00982554, 0.06083282, 1e-08
-0.7561571, 0.65437788, 0.0
0.17500827, 0.80620572
-0.00982554, 0.05518743, 1e-08
-0.7561571, -0.65437788, 0.0
0.14319292, 0.80620572
-0.00394497, 0.06083282, -0.02250716
-0.49259925, 0.59196752, -0.63783687
0.17500827, 0.69365653
-0.00394497, 0.05518743, -0.02250716
-0.49259925, -0.59196752, -0.63783687
0.14319292, 0.69365653
0.00394496, 0.06083282, 0.02250718
0.49259925, 0.59196752, 0.63783687
0.82690465, 0.79018804
0.00982554, 0.06083282, 1e-08
0.7561571, 0.65437788, 0.0
0.704207, 0.75846025
-0.00982554, 0.06083282, 1e-08
-0.7561571, 0.65437788, 0.0
0.704207, 0.88178569
-0.00982554, 0.05518743, 1e-08
-0.7561571, -0.65437788, 0.0
0.704207, 0.88178569
0.00982554, 0.05518743, 1e-08
0.7561571, -0.65437788, 0.0
0.704207, 0.75846025
0.00394496, 0.05518742, 0.02250718
0.49259925, -0.59196752, 0.63783687
0.82690465, 0.79018804
0.00394496, 0.06083282, -0.02250717
0.49259925, 0.59196752, -0.63783687
0.82690465, 0.79018864
-0.00394497, 0.06083282, -0.02250716
-0.49259925, 0.59196752, -0.63783687
0.82690465, 0.84933591
-0.00394497, 0.05518743, -0.02250716
-0.49259925, -0.59196752, -0.63783687
0.82690465, 0.84933591
0.00394496, 0.05518743, -0.02250717
0.49259925, -0.59196752, -0.63783687
0.82690465, 0.79018864
-0.00065131, 0.05638333, 0.01201437
-0.09854427, 0.00518815, 0.99511701
0.18083864, 0.95070101
-0.00154296, 0.14863487, 0.01542962
-0.591052, -0.36542863, 0.71907711
0.48686799, 0.08257401
0.00154296, 0.14863487, 0.01542963
0.59120458, -0.36530656, 0.71901608
0.487423, 0.08257401
-0.00095174, 0.19835901, 0.00440919
-0.68572038, 0.13083285, 0.71599478
0.21048558, 0.22477585
0.00154296, 0.11190318, 0.01542962
0.65581226, 0.18515579, 0.73183388
0.72909498, 0.01190001
0.00154296, 0.07409039, 0.01542962
0.60194707, -0.43812373, 0.66756189
0.90328002, 0.08257401
0.00154296, 0.0841246, 0.01542962
0.6007874, -0.44431898, 0.66451001
0.84730297, 0.08257401
0.00154296, 0.09493923, 0.01542962
0.60194707, -0.43812373, 0.66756189
0.78697199, 0.08257401
0.00154296, 0.1057539, 0.01542962
0.6007874, -0.4443495, 0.66451001
0.726641, 0.082573
0.00154296, 0.11667319, 0.01542962
0.60194707, -0.43812373, 0.66756189
0.66572601, 0.082573
0.00154296, 0.12696518, 0.01542962
0.60237432, -0.43592638, 0.66863
0.608311, 0.08257401
0.00154296, 0.14388435, 0.01542963
0.65584278, 0.18561357, 0.73168129
0.57134402, 0.01190001
0.001072, 0.19349194, 0.00531173
0.69740897, 0.15488143, 0.69972837
0.42381802, 0.01845098
-0.00394497, 0.05518743, -0.02250716
-0.49259925, -0.59196752, -0.63783687
0.17500827, 0.65420219
0.00394496, 0.06083282, 0.02250718
0.49259925, 0.59196752, 0.63783687
0.17500827, 0.95820871
-0.00394496, 0.06083282, 0.02250718
-0.49259925, 0.59196752, 0.63783687
0.82690465, 0.84933543
-0.00394496, 0.05518742, 0.02250718
-0.49259925, -0.59196752, 0.63783687
0.82690465, 0.84933543
# Number of Faces:
195
# Face Data:
0, 1, 2
3, 2, 4
5, 6, 7
0, 8, 9
10, 11, 6
10, 3, 4
11, 4, 12
8, 13, 9
14, 15, 13
16, 17, 15
2, 1, 18
4, 2, 12
7, 19, 20
13, 21, 22
6, 23, 19
24, 25, 26
13, 15, 21
15, 17, 27
28, 29, 30
29, 31, 30
31, 32, 30
32, 33, 30
33, 34, 30
34, 35, 30
36, 24, 37
38, 36, 39
40, 38, 41
42, 40, 43
44, 42, 45
46, 44, 47
48, 46, 49
50, 48, 51
52, 50, 53
54, 52, 55
56, 54, 57
58, 56, 59
60, 61, 58
62, 63, 61
64, 63, 62
65, 64, 66
67, 65, 68
69, 67, 70
71, 69, 72
73, 74, 75
76, 77, 73
78, 79, 80
81, 82, 83
84, 85, 86
87, 88, 89
90, 91, 92
93, 94, 95
96, 93, 97
98, 99, 100
98, 101, 102
99, 103, 104
103, 105, 106
105, 107, 108
107, 109, 110
109, 111, 112
113, 71, 114
115, 116, 117
118, 119, 111
120, 113, 121
122, 123, 120
124, 123, 122
125, 93, 126
127, 124, 128
129, 130, 131
131, 132, 133
132, 134, 135
136, 137, 138
133, 135, 139
138, 137, 140
141, 140, 127
139, 94, 129
142, 130, 126
90, 115, 126
115, 143, 126
95, 94, 105
84, 87, 96
81, 84, 96
73, 78, 96
76, 73, 96
95, 98, 102
95, 99, 98
144, 145, 94
94, 107, 105
94, 111, 109
146, 111, 94
145, 146, 94
147, 148, 149
134, 144, 139
135, 134, 139
150, 132, 131
132, 135, 133
151, 152, 149
153, 154, 152
155, 156, 157
158, 159, 156
160, 161, 159
162, 163, 164
165, 166, 167
163, 168, 169
170, 171, 166
17, 172, 7
5, 10, 6
8, 14, 13
14, 16, 15
16, 172, 17
7, 6, 19
6, 11, 23
22, 18, 1
1, 9, 22
21, 15, 27
27, 17, 20
96, 126, 93
173, 142, 143
125, 94, 93
174, 146, 145
129, 125, 130
129, 94, 125
150, 131, 130
175, 150, 130
142, 175, 130
87, 90, 96
78, 81, 96
99, 95, 103
107, 94, 109
3, 0, 2
172, 5, 7
1, 0, 9
11, 10, 4
23, 11, 12
12, 2, 18
17, 7, 20
9, 13, 22
37, 24, 26
39, 36, 37
41, 38, 39
43, 40, 41
45, 42, 43
47, 44, 45
49, 46, 47
51, 48, 49
53, 50, 51
55, 52, 53
57, 54, 55
59, 56, 57
176, 58, 59
176, 60, 58
60, 62, 61
66, 64, 62
68, 65, 66
70, 67, 68
72, 69, 70
114, 71, 72
78, 73, 75
81, 78, 80
84, 81, 83
87, 84, 86
90, 87, 89
115, 90, 92
97, 93, 95
177, 98, 100
178, 99, 104
179, 103, 106
180, 105, 108
181, 107, 110
182, 109, 112
121, 113, 114
143, 115, 117
146, 118, 111
183, 120, 121
183, 122, 120
128, 124, 122
130, 125, 126
184, 127, 128
133, 129, 131
129, 133, 139
141, 138, 140
184, 141, 127
143, 142, 126
96, 90, 126
103, 95, 105
139, 144, 94
185, 147, 149
148, 151, 149
151, 153, 152
186, 155, 157
155, 158, 156
158, 160, 159
187, 162, 164
188, 165, 167
164, 163, 169
165, 170, 166
