# Project Zomboid Skinned Mesh
# File Version:
1.0
# Model Name:
14677 Cleaver
# Vertex Stride Element Count:
3
# Vertex Stride Size (in bytes):
76
# Vertex Stride Data:
# (Int)    Offset
# (String) Type
0
VertexArray
12
NormalArray
24
TextureCoordArray
# Vertex Count:
211
# Vertex Buffer:
0.00072698, 0.07719595, 0.00582502
0.81615651, 0.03051851, 0.57698292
0.74408722, 0.05902761
-0.0, 0.09542874, 0.00530896
0.0, 0.0113834, 0.99990845
0.74708617, 0.14743948
-0.0, 0.0764039, 0.00632538
0.0, 0.05334635, 0.99856561
0.74708611, 0.05539602
0.00072698, 0.09542874, 0.00530896
0.71098971, 0.00778222, 0.70311594
0.74408722, 0.14743948
-0.00072698, 0.11327564, -0.00402061
-1.0, 0.0, 0.0
0.28221685, 0.21504998
-0.00072698, 0.0951595, -0.00414401
-1.0, 0.0, 0.0
0.27979758, 0.12666816
-0.00072698, 0.09542874, 0.00530896
-0.71098971, 0.00778222, 0.70311594
0.2408769, 0.12978917
-0.00072698, 0.09542874, 0.00530896
-0.71098971, 0.00778222, 0.70311594
0.75008506, 0.14743948
-0.0, 0.1133407, 0.0054189
0.0, -0.0425428, 0.99908447
0.74708617, 0.23456532
-0.00072698, 0.1133407, 0.0054189
-0.71538436, -0.02972503, 0.69808036
0.75008506, 0.23456532
0.00072698, 0.09542874, 0.00530896
0.71098971, 0.00778222, 0.70311594
0.50832409, 0.47336066
0.00072698, 0.11327564, -0.00402061
1.0, 0.0, 0.0
0.54966408, 0.38809985
0.00072698, 0.1133407, 0.0054189
0.71538436, -0.02972503, 0.69808036
0.51076591, 0.38597727
-0.00072698, 0.07692669, -0.00362571
-1.0, 0.0, 0.0
0.27471438, 0.03783995
-0.00072698, 0.07719595, 0.00582502
-0.81615651, 0.03051851, 0.57698292
0.23580293, 0.04096049
-0.00072698, 0.0949598, -0.01557373
-1.0, 0.0, 0.0
0.3268775, 0.12350833
-0.00072698, 0.07665969, -0.01307643
-0.89278847, -0.45042267, 0.0
0.31362617, 0.03473026
-0.00072698, 0.11322852, -0.01554681
-1.0, 0.0, 0.0
0.32971916, 0.21261591
-0.00072698, 0.13115618, -0.00261826
-1.0, 0.0, 0.0
0.27932638, 0.30252731
-0.00072698, 0.1133407, 0.0054189
-0.71538436, -0.02972503, 0.69808036
0.24331866, 0.21717256
-0.00072698, 0.13060646, 0.00678535
-0.71437728, -0.07754754, 0.69539475
0.24047677, 0.30164456
0.00072698, 0.0951595, -0.00414401
1.0, 0.0, 0.0
0.54724485, 0.47648168
0.00072698, 0.0949598, -0.01557373
1.0, 0.0, 0.0
0.59432471, 0.4796415
0.00072698, 0.11322852, -0.01554681
1.0, 0.0, 0.0
0.59716636, 0.39053392
0.00072698, 0.07692669, -0.00362571
1.0, 0.0, 0.0
0.54216158, 0.56530988
0.00072698, 0.07665969, -0.01307643
0.89278847, -0.45042267, 0.0
0.5810734, 0.56841955
0.00072698, 0.07719595, 0.00582502
0.81615651, 0.03051851, 0.57698292
0.50325012, 0.56218934
-0.00072698, 0.13060646, 0.00678535
-0.71437728, -0.07754754, 0.69539475
0.75008506, 0.31909931
-0.0, 0.13060646, 0.00678535
0.0, -0.11084323, 0.99383527
0.74708617, 0.31909931
-0.0, 0.14568453, 0.00895955
0.0, -0.18063906, 0.98352003
0.74708617, 0.39335144
-0.00072698, 0.13156903, -0.01436883
-1.0, 0.0, 0.0
0.32782784, 0.30229378
-0.00072698, 0.14692532, -0.00039469
-1.0, 0.0, 0.0
0.27270964, 0.37986386
-0.00072698, 0.14785424, -0.01241901
-1.0, 0.0, 0.0
0.32242286, 0.38209498
-0.00072698, 0.14568453, 0.00895955
-0.71584213, -0.12613299, 0.68672752
0.23395185, 0.37560099
0.00072698, 0.13115618, -0.00261826
1.0, 0.0, 0.0
0.54677361, 0.30062246
0.00072698, 0.13156903, -0.01436883
1.0, 0.0, 0.0
0.5952751, 0.30085605
0.00072698, 0.14785424, -0.01241901
1.0, 0.0, 0.0
0.58987015, 0.22105485
0.00072698, 0.14692532, -0.00039469
1.0, 0.0, 0.0
0.5401569, 0.22328591
0.00072698, 0.13060646, 0.00678535
0.71437728, -0.07754754, 0.69539475
0.50792402, 0.30150527
0.00072698, 0.14568453, 0.00895955
0.71584213, -0.12613299, 0.68672752
0.5013991, 0.22754878
-0.00072698, 0.15702674, 0.01149725
-0.71382791, -0.17307046, 0.67857903
0.75008506, 0.44960088
-0.00072698, 0.14568453, 0.00895955
-0.71584213, -0.12613299, 0.68672752
0.75008506, 0.39335144
0.00072698, 0.13060646, 0.00678535
0.71437728, -0.07754754, 0.69539475
0.74408728, 0.31909931
0.00072698, 0.1133407, 0.0054189
0.71538436, -0.02972503, 0.69808036
0.74408722, 0.23456532
-0.00072698, 0.16703391, 0.00535383
-1.0, 0.0, 0.0
0.25226483, 0.47903937
-0.00072698, 0.15870059, 0.00219686
-1.0, 0.0, 0.0
0.26393071, 0.43779129
-0.00072698, 0.15702674, 0.01149725
-0.71382791, -0.17307046, 0.67857903
0.22532491, 0.43140596
-0.0, 0.15702674, 0.01149725
0.0, -0.24716941, 0.96896267
0.74708623, 0.44960088
-0.00072698, 0.17029411, 0.01530491
-0.69753104, -0.16794336, 0.69655448
0.75008506, 0.51576477
-0.0, 0.16508184, 0.01380832
0.0, -0.27585679, 0.96118045
0.74708623, 0.48977113
-0.0, 0.17029411, 0.01530491
0.0, -0.23438215, 0.97213662
0.74708617, 0.51576477
-0.00072698, 0.16508184, 0.01380832
-0.70711386, -0.19504379, 0.67961669
0.75008506, 0.48977113
0.00072698, 0.15702674, 0.01149725
0.71382791, -0.17307046, 0.67857903
0.74408728, 0.44960088
0.00072698, 0.15702674, 0.01149725
0.71382791, -0.17307046, 0.67857903
0.49277207, 0.17174381
0.00072698, 0.16703391, 0.00535383
1.0, 0.0, 0.0
0.51971203, 0.1241104
0.00072698, 0.16508184, 0.01380832
0.70711386, -0.19504379, 0.67961669
0.48454794, 0.13201445
-0.00072698, 0.17247728, 0.00928266
-1.0, 0.0, 0.0
0.23695032, 0.50633979
-0.00072698, 0.16508184, 0.01380832
-0.70711386, -0.19504379, 0.67961669
0.21710069, 0.47113532
-0.00072698, 0.17029411, 0.01530491
-0.69753104, -0.16794336, 0.69655448
0.21177433, 0.4968434
-0.00072698, 0.15995485, -0.01007652
-1.0, 0.0, 0.0
0.31472304, 0.44156152
-0.00072698, 0.1704175, -0.00562265
-1.0, 0.0, 0.0
0.29805568, 0.49344313
0.00072698, 0.15870059, 0.00219686
1.0, 0.0, 0.0
0.53137797, 0.16535854
0.00072698, 0.15995485, -0.01007652
1.0, 0.0, 0.0
0.58217031, 0.16158825
0.00072698, 0.1704175, -0.00562265
1.0, 0.0, 0.0
0.56550294, 0.1097067
0.00072698, 0.14568453, 0.00895955
0.71584213, -0.12613299, 0.68672752
0.74408728, 0.39335144
-0.00072698, 0.16990817, -0.02680152
-0.99984741, 0.00207526, -0.01635792
0.38527057, 0.48690867
-0.00072698, 0.1603722, -0.02829362
-0.99984741, 0.00234993, -0.01705985
0.38987967, 0.44011319
-0.00072698, 0.14816387, -0.02978123
-0.99981689, 0.00134281, -0.01809748
0.39403835, 0.38028479
0.0, 0.16510202, -0.04915163
0.0, 0.08597064, -0.99627674
0.47663993, 0.45919323
0.00072698, 0.1603722, -0.02829362
0.99984741, 0.00234993, -0.01705985
0.65732694, 0.16303664
0.00072698, 0.14816387, -0.02978123
0.99981689, 0.00134281, -0.01809748
0.66148561, 0.22286499
0.00072698, 0.16990817, -0.02680152
0.99984741, 0.00207526, -0.01635792
0.65271789, 0.11624116
-0.00072698, 0.1317059, -0.03080663
-0.99978638, 0.00021363, -0.01947081
0.395605, 0.29981774
-0.00072698, 0.1132128, -0.03124192
-0.99975586, -3.052e-05, -0.0207831
0.39441034, 0.20953774
0.0, 0.1317059, -0.04958916
0.0, -0.02203436, -0.99975586
0.47304589, 0.29622573
0.0, 0.1132128, -0.04902373
0.0, -0.0201117, -0.99978638
0.46772638, 0.20613706
0.0, 0.14816387, -0.04981578
0.0, 0.02926725, -0.99954224
0.47663993, 0.37645334
0.00072698, 0.1317059, -0.03080663
0.99978638, 0.00021363, -0.01947081
0.66305226, 0.30333209
0.00072698, 0.1132128, -0.03124192
0.99975586, -3.052e-05, -0.0207831
0.6618576, 0.39361209
-0.00072698, 0.09489249, -0.03096594
-0.99975586, -0.00054933, -0.02105777
0.39031181, 0.12023634
-0.00072698, 0.07665969, -0.0303332
-0.71135592, -0.70262766, -0.01461837
0.38475689, 0.03143007
0.00072698, 0.09489249, -0.03096594
0.99975586, -0.00054933, -0.02105777
0.65775901, 0.48291343
0.00072698, 0.07665969, -0.0303332
0.71135592, -0.70262766, -0.01461837
0.6522041, 0.57171977
0.0, 0.07665969, -0.04758997
0.0, -0.5510422, -0.83446759
0.72335595, 0.57502002
0.0, 0.09489249, -0.04833714
0.0, -0.03326517, -0.99942017
0.72938257, 0.48623562
0.0, 0.07665969, -0.0303332
0.0, -1.0, 0.0
0.753084, 0.18673784
-0.00072698, 0.07665969, -0.01307643
-0.89278847, -0.45042267, 0.0
0.75008506, 0.10250628
-0.00072698, 0.07665969, -0.0303332
-0.71135592, -0.70262766, -0.01461837
0.75008506, 0.18673784
0.0, 0.16510202, -0.04915163
0.0, 0.08597064, -0.99627674
0.74408722, 0.1439566
0.0, 0.14816387, -0.04981578
0.0, 0.02926725, -0.99954224
0.74408722, 0.22669649
0.0, 0.1132128, -0.04902373
0.0, -0.0201117, -0.99978638
0.73517364, 0.39701277
0.0, 0.1317059, -0.04958916
0.0, -0.02203436, -0.99975586
0.74049312, 0.3069241
0.0, 0.17803955, -0.04806564
0.0, 0.09808649, -0.99514759
0.7417019, 0.08064836
0.00072698, 0.17834471, -0.02577163
0.99984741, 0.00180059, -0.01620533
0.6498363, 0.07489645
-0.00072698, 0.17909862, -0.00752985
-0.99996948, 0.0, 0.0
0.30731997, 0.53541899
-0.00072698, 0.17834471, -0.02577163
-0.99984741, 0.00180059, -0.01620533
0.38238898, 0.52825338
0.00072698, 0.18684632, 0.00195004
0.69447923, 0.718894, 0.0286874
0.75008506, 0.33583593
-0.0, 0.18684632, 0.00195004
0.0, 0.99917603, 0.03988769
0.753084, 0.33583593
-0.0, 0.18639308, 0.00661033
0.0, 0.98211616, 0.18814661
0.753084, 0.31298888
0.0, 0.18562123, -0.04726462
0.0, 0.56208992, -0.82705158
0.47217819, 0.55963296
0.0, 0.17803955, -0.04806564
0.0, 0.09808649, -0.99514759
0.47425458, 0.52250153
0.0, 0.18562123, -0.04726462
0.0, 0.56208992, -0.82705158
0.73962551, 0.04351693
0.00072698, 0.18623152, -0.02496837
0.70976895, 0.70378733, -0.02929777
0.64780003, 0.03627628
-0.00072698, 0.18623152, -0.02496837
-0.70976895, 0.70378733, -0.02929777
0.38035271, 0.56687352
-0.00072698, 0.18669151, -0.00709232
-0.7061373, 0.70790732, -0.0151677
0.30674371, 0.57253563
0.00072698, 0.17909862, -0.00752985
0.99996948, 0.0, 0.0
0.57476723, 0.06773084
0.00072698, 0.18669151, -0.00709232
0.7061373, 0.70790732, -0.01513718
0.57419097, 0.03061414
0.00072698, 0.18623152, -0.02496837
0.70976895, 0.70378733, -0.02929777
0.75008506, 0.46667904
0.0, 0.18623152, -0.02496837
0.0, 0.99963379, -0.02652058
0.753084, 0.46667904
0.0, 0.18669151, -0.00709232
0.0, 0.99975586, -0.02139347
0.753084, 0.37980634
-0.00072698, 0.18623152, -0.02496837
-0.70976895, 0.70378733, -0.02929777
0.75608295, 0.46667904
-0.00072698, 0.18669151, -0.00709232
-0.7061373, 0.70790732, -0.0151677
0.75608295, 0.37980634
0.00072698, 0.18502215, 0.01134916
0.6724143, 0.66832483, 0.31800288
0.75008506, 0.28944039
-0.0, 0.18502215, 0.01134916
0.0, 0.90295112, 0.4296701
0.753084, 0.28944039
-0.0, 0.18251361, 0.01496386
0.0, 0.59987181, 0.80007327
0.753084, 0.27096939
0.00072698, 0.18669151, -0.00709232
0.7061373, 0.70790732, -0.01513718
0.75008506, 0.37980634
0.0, 0.07665969, -0.04758997
0.0, -0.5510422, -0.83446759
0.753084, 0.27096939
0.00072698, 0.07665969, -0.0303332
0.71135592, -0.70262766, -0.01461837
0.75608295, 0.18673784
-0.00072698, 0.18075001, 0.01247104
-1.0, 0.0, 0.0
0.22514518, 0.54729843
-0.00072698, 0.17864089, 0.01625851
-0.66872156, 0.1048616, 0.73604542
0.20919268, 0.53773579
-0.00072698, 0.18251361, 0.01496386
-0.6425367, 0.45963928, 0.61302531
0.21515502, 0.55637679
-0.00072698, 0.18502215, 0.01134916
-0.6724143, 0.66832483, 0.31800288
0.23045991, 0.56792039
-0.00072698, 0.17654522, 0.01223544
-1.0, 0.0, 0.0
0.2254367, 0.52674508
-0.00072698, 0.17427677, 0.01608574
-0.69017607, -0.08417005, 0.7187109
0.2091995, 0.5164175
-0.00072698, 0.18180458, 0.00811141
-1.0, 0.0, 0.0
0.24328558, 0.55160815
-0.00072698, 0.17799693, 0.00838066
-1.0, 0.0, 0.0
0.24156035, 0.53308839
-0.00072698, 0.18639308, 0.00661033
-0.68691063, 0.71373636, 0.13672292
0.25021446, 0.57370067
0.00072698, 0.18075001, 0.01247104
1.0, 0.0, 0.0
0.49259248, 0.05585134
0.00072698, 0.17654522, 0.01223544
1.0, 0.0, 0.0
0.49288395, 0.07640469
0.00072698, 0.17799693, 0.00838066
1.0, 0.0, 0.0
0.50900763, 0.07006139
0.00072698, 0.18180458, 0.00811141
1.0, 0.0, 0.0
0.51073283, 0.05154163
0.00072698, 0.17864089, 0.01625851
0.66872156, 0.1048616, 0.73604542
0.47663993, 0.06541401
0.00072698, 0.17427677, 0.01608574
0.69017607, -0.08417005, 0.7187109
0.47664675, 0.08673227
0.00072698, 0.18502215, 0.01134916
0.6724143, 0.66832483, 0.31800288
0.49790719, 0.03522938
0.00072698, 0.18251361, 0.01496386
0.6425367, 0.45963928, 0.61305583
0.48260227, 0.04677302
0.00072698, 0.18639308, 0.00661033
0.68691063, 0.71373636, 0.13672292
0.51766175, 0.02944916
-0.00072698, 0.18075451, 0.00260522
-1.0, 0.0, 0.0
0.26581183, 0.54543352
-0.00072698, 0.18684632, 0.00195004
-0.69447923, 0.718894, 0.0286874
0.26949701, 0.57502002
-0.00072698, 0.17563875, 0.00460217
-1.0, 0.0, 0.0
0.25675377, 0.5208641
0.00072698, 0.18075451, 0.00260522
1.0, 0.0, 0.0
0.53325909, 0.05771631
0.00072698, 0.17563875, 0.00460217
1.0, 0.0, 0.0
0.5242011, 0.0822857
0.00072698, 0.18684632, 0.00195004
0.69447923, 0.718894, 0.0286874
0.53694427, 0.02812976
0.00072698, 0.17029411, 0.01530491
0.69753104, -0.16794336, 0.69655448
0.47922155, 0.10630643
0.00072698, 0.17247728, 0.00928266
1.0, 0.0, 0.0
0.50439757, 0.09680998
-0.0, 0.17427677, 0.01608574
0.0, -0.11630604, 0.99319434
0.74708617, 0.53546786
-0.00072698, 0.17427677, 0.01608574
-0.69017607, -0.08417005, 0.7187109
0.75008506, 0.53546786
0.00072698, 0.17029411, 0.01530491
0.69753104, -0.16794336, 0.69655448
0.74408728, 0.51576477
0.00072698, 0.16508184, 0.01380832
0.70711386, -0.19504379, 0.67961669
0.74408728, 0.48977113
-0.00072698, 0.18502215, 0.01134916
-0.6724143, 0.66832483, 0.31800288
0.75608295, 0.28944039
-0.00072698, 0.17864089, 0.01625851
-0.66872156, 0.1048616, 0.73604542
0.75008506, 0.55675927
-0.0, 0.18251361, 0.01496386
0.0, 0.59987181, 0.80007327
0.74708623, 0.57501999
-0.00072698, 0.18251361, 0.01496386
-0.6425367, 0.45963928, 0.61302531
0.75008506, 0.57502002
0.00072698, 0.17864089, 0.01625851
0.66872156, 0.1048616, 0.73604542
0.74408728, 0.55675927
-0.0, 0.17864089, 0.01625851
0.0, 0.14102603, 0.98998994
0.74708617, 0.5567593
0.00072698, 0.17427677, 0.01608574
0.69017607, -0.08417005, 0.7187109
0.74408728, 0.53546783
-0.00072698, 0.18684632, 0.00195004
-0.69447923, 0.718894, 0.0286874
0.75608295, 0.33583593
-0.00072698, 0.18639308, 0.00661033
-0.68691063, 0.71373636, 0.13672292
0.75608295, 0.31298888
0.00072698, 0.18251361, 0.01496386
0.6425367, 0.45963928, 0.61305583
0.74408728, 0.57501999
0.0, 0.18562123, -0.04726462
0.0, 0.56208992, -0.82705158
0.753084, 0.57502002
0.00072698, 0.18639308, 0.00661033
0.68691063, 0.71373636, 0.13672292
0.75008506, 0.31298888
0.00072698, 0.18251361, 0.01496386
0.6425367, 0.45963928, 0.61305583
0.75008518, 0.27096939
0.0, 0.07665969, -0.04758997
0.0, -0.5510422, -0.83446759
0.45590881, 0.02812982
0.0, 0.09489249, -0.04833714
0.0, -0.03326517, -0.99942017
0.46193537, 0.11691427
0.00072698, 0.07665969, -0.01307643
0.89278847, -0.45042267, 0.0
0.75608295, 0.10250628
-0.00072698, 0.07719595, 0.00582502
-0.81615651, 0.03051851, 0.57698292
0.75008506, 0.05902761
-0.00072698, 0.18251361, 0.01496386
-0.6425367, 0.45963928, 0.61302531
0.75608295, 0.27096939
-0.00396868, -0.01350667, -0.01112914
-0.46839809, 0.04965362, -0.88210702
0.59199864, 0.95260775
-0.00330198, -0.00692623, -0.00684503
-0.27573472, 0.22705771, -0.93401897
0.5886457, 0.92876662
0.00315009, -0.01347874, -0.01166438
0.38847011, 0.05700858, -0.91967529
0.56629252, 0.9528802
-0.00330198, -0.00692623, -0.00684503
-0.27573472, 0.22705771, -0.93401897
0.49377659, 0.68986222
-0.00396868, -0.01350667, -0.01112914
-0.46839809, 0.04965362, -0.88210702
0.50063747, 0.68153566
-0.00737176, -0.01022657, -0.0043789
-0.90914637, 0.05011139, -0.41340372
0.47985798, 0.69210169
0.00654519, -0.00811203, -0.00539828
0.79671621, 0.10348827, -0.59538561
0.56307447, 0.92934562
-0.00384577, -0.01234028, 0.01429725
-0.38859218, -0.01196326, 0.9213233
0.51469803, 0.92798134
-0.00725478, -0.02271876, 0.01083626
-0.59416485, -0.51313823, 0.61937314
0.50637853, 0.958621
0.00425497, -0.0168747, 0.0141788
0.34000671, -0.26389354, 0.90261543
0.53919709, 0.94185091
0.00724027, -0.01514636, 0.01132543
0.87206638, -0.03863643, 0.48777732
0.5521574, 0.94728711
0.00827098, -0.02533464, 0.0057825
0.68251592, -0.68590349, 0.25229651
0.54762805, 0.96471194
-0.00601385, -0.0249659, -0.00478702
-0.50563067, -0.68480486, -0.52470475
0.47722059, 0.64896506
0.00315009, -0.01347874, -0.01166438
0.38847011, 0.05700858, -0.91967529
0.42488527, 0.9285961
0.00654519, -0.00811203, -0.00539828
0.79671621, 0.10348827, -0.59538561
0.40746167, 0.91331492
0.00682611, -0.02513502, -0.00310787
0.60802025, -0.67552722, -0.41706595
0.39917281, 0.96200945
-0.00601385, -0.0249659, -0.00478702
-0.50563067, -0.68480486, -0.52470475
0.61328244, 0.94487258
-0.00396868, -0.01350667, -0.01112914
-0.46839809, 0.04965362, -0.88210702
0.61735785, 0.96347836
0.00315009, -0.01347874, -0.01166438
0.38847011, 0.05700858, -0.91967529
0.64306456, 0.96396827
0.00682611, -0.02513502, -0.00310787
0.60802025, -0.67552722, -0.41706595
0.65307522, 0.94116648
-0.00830614, -0.02556672, 0.00343459
-0.70384836, -0.70760214, 0.06176946
0.60515028, 0.92267578
0.00827098, -0.02533464, 0.0057825
0.68251592, -0.68590349, 0.25229651
0.65538031, 0.91538307
-0.00725478, -0.02271876, 0.01083626
-0.59416485, -0.51313823, 0.61937314
0.60905349, 0.90774703
-0.0, 0.078655, 0.00617261
0.00219733, 0.78835416, 0.61519212
0.52724433, 0.65240133
-0.00330198, -0.00692623, -0.00684503
-0.27573472, 0.22705771, -0.93401897
0.48633474, 0.70289865
-0.00796872, 0.07067539, -0.00830824
-0.89764094, 0.26746422, -0.35023043
0.48187226, 0.94641896
-0.00116652, 0.07727777, -0.01366692
-0.34107485, 0.26545, -0.90176094
0.49194556, 0.81536362
-0.00116652, 0.07727777, -0.01366692
-0.34107485, 0.26545, -0.90176094
0.58004797, 0.71435922
-0.0, 0.078655, 0.00617261
0.00219733, 0.78835416, 0.61519212
0.43552577, 0.96577665
-0.00116652, 0.07727777, -0.01366692
-0.34107485, 0.26545, -0.90176094
0.50099432, 0.96564152
-0.00654783, 0.0724488, 0.00417917
-0.80068362, 0.36164433, 0.47755364
0.44299316, 0.94952074
0.00654783, 0.07244879, 0.00417919
0.79955441, 0.36100346, 0.47996458
0.36666852, 0.66076466
0.00796872, 0.07067539, -0.00830824
0.88573867, 0.26880702, -0.37839898
0.40573692, 0.66381019
-0.0, 0.078655, 0.00617261
0.00219733, 0.78835416, 0.61519212
0.35827702, 0.64438054
0.00101631, 0.07740722, -0.01302494
0.5942564, 0.24866481, -0.76485491
0.42380399, 0.64438054
-0.00654783, 0.0724488, 0.00417917
-0.80068362, 0.36164433, 0.47755364
0.5047487, 0.6703355
0.00654783, 0.07244879, 0.00417919
0.79955441, 0.36100346, 0.47996458
0.36393234, 0.68869239
0.00425497, -0.0168747, 0.0141788
0.34000671, -0.26389354, 0.90261543
0.34591305, 0.82379656
0.00724027, -0.01514636, 0.01132543
0.87206638, -0.03863643, 0.48777732
0.35166478, 0.93582372
0.00654783, 0.07244879, 0.00417919
0.79955441, 0.36100346, 0.47996458
0.54251391, 0.66421402
0.00796872, 0.07067539, -0.00830824
0.88573867, 0.26880702, -0.37839898
0.56181294, 0.72099021
0.00101631, 0.07740722, -0.01302494
0.5942564, 0.24866481, -0.76485491
0.57501614, 0.71412656
-0.00830614, -0.02556672, 0.00343459
-0.70384836, -0.70760214, 0.06176946
0.45144084, 0.64681849
0.00827098, -0.02533464, 0.0057825
0.68251592, -0.68590349, 0.25229651
0.36840427, 0.96333707
-0.00725478, -0.02271876, 0.01083626
-0.59416485, -0.51313823, 0.61937314
0.43371123, 0.65143764
# Number of Faces:
260
# Face Data:
0, 1, 2
0, 3, 1
4, 5, 6
7, 1, 8
7, 8, 9
10, 11, 12
3, 8, 1
5, 13, 14
5, 15, 16
5, 16, 13
5, 4, 17
5, 17, 15
18, 19, 20
18, 4, 19
21, 22, 23
21, 23, 11
21, 24, 25
21, 25, 22
21, 26, 24
27, 28, 29
4, 18, 30
4, 30, 17
18, 31, 32
18, 32, 30
31, 18, 20
31, 20, 33
34, 35, 36
34, 36, 37
35, 34, 11
35, 11, 23
34, 38, 12
34, 12, 11
38, 34, 37
38, 37, 39
27, 8, 28
27, 9, 8
40, 41, 29
27, 29, 41
42, 29, 28
10, 21, 11
42, 8, 43
44, 45, 46
40, 29, 47
45, 33, 46
48, 49, 50
40, 47, 49
40, 49, 51
42, 28, 8
52, 47, 29
21, 10, 26
53, 54, 55
52, 49, 47
45, 31, 33
56, 57, 58
31, 45, 59
31, 59, 32
45, 44, 60
45, 60, 59
56, 44, 57
44, 46, 57
61, 62, 63
61, 63, 54
62, 61, 37
62, 37, 36
42, 64, 29
61, 39, 37
52, 29, 64
3, 43, 8
65, 66, 59
65, 59, 60
66, 67, 32
66, 32, 59
66, 65, 68
69, 62, 36
69, 36, 70
62, 69, 71
62, 71, 63
67, 72, 30
67, 30, 32
72, 73, 17
72, 17, 30
72, 74, 75
72, 75, 73
72, 67, 76
72, 76, 74
77, 35, 23
77, 23, 78
35, 77, 70
35, 70, 36
79, 15, 17
79, 17, 73
15, 79, 80
15, 80, 16
81, 82, 83
81, 83, 84
82, 81, 22
82, 22, 25
81, 78, 23
81, 23, 22
78, 81, 84
85, 86, 87
67, 66, 68
67, 68, 76
88, 70, 89
77, 90, 91
77, 91, 89
69, 88, 71
88, 69, 70
92, 93, 71
94, 95, 65
94, 65, 60
96, 97, 98
95, 99, 100
93, 101, 102
103, 95, 94
103, 94, 104
95, 103, 99
93, 92, 101
71, 93, 105
71, 105, 63
105, 93, 102
105, 102, 106
107, 108, 109
53, 61, 54
110, 111, 109
112, 113, 114
107, 109, 115
85, 116, 117
118, 119, 120
118, 120, 121
119, 118, 122
119, 122, 123
118, 124, 125
118, 125, 122
124, 118, 121
124, 121, 126
127, 128, 129
127, 129, 130
128, 127, 131
128, 131, 132
127, 133, 134
127, 134, 131
133, 127, 130
133, 130, 135
136, 137, 104
136, 104, 94
136, 124, 126
136, 126, 137
136, 138, 125
136, 125, 124
138, 136, 94
138, 94, 60
139, 130, 129
139, 129, 140
139, 141, 135
139, 135, 130
139, 105, 106
139, 106, 141
105, 139, 140
105, 140, 63
44, 56, 138
44, 138, 60
56, 122, 125
56, 125, 138
122, 56, 58
122, 58, 123
48, 51, 49
142, 143, 128
142, 128, 132
143, 140, 129
143, 129, 128
140, 143, 54
140, 54, 63
143, 142, 55
143, 55, 54
48, 50, 144
48, 144, 145
146, 50, 49
61, 53, 39
146, 49, 147
148, 114, 113
149, 150, 151
152, 153, 144
146, 144, 50
146, 154, 144
52, 147, 49
110, 109, 108
155, 98, 97
148, 113, 98
148, 98, 156
152, 150, 153
112, 98, 113
152, 157, 150
152, 144, 154
155, 97, 109
155, 109, 111
110, 108, 158
107, 158, 108
96, 109, 97
96, 115, 109
112, 159, 98
112, 114, 160
96, 98, 159
77, 89, 70
79, 161, 80
85, 87, 116
78, 84, 90
65, 100, 68
77, 78, 90
162, 79, 73
162, 73, 75
65, 95, 100
85, 117, 163
85, 163, 86
92, 71, 88
79, 162, 161
5, 14, 6
1, 7, 164
1, 164, 2
4, 6, 19
149, 145, 144
155, 156, 98
149, 153, 150
148, 165, 114
149, 144, 153
166, 167, 168
169, 170, 171
167, 172, 168
173, 174, 175
176, 175, 177
171, 170, 178
179, 180, 181
182, 183, 184
184, 185, 182
174, 177, 175
186, 187, 188
185, 187, 186
185, 186, 182
173, 175, 189
190, 171, 191
190, 191, 192
172, 167, 193
191, 194, 195
194, 191, 196
197, 198, 199
199, 198, 200
201, 173, 189
173, 201, 174
202, 203, 204
205, 189, 175
206, 172, 207
172, 193, 207
208, 171, 178
209, 181, 180
208, 191, 171
209, 180, 198
191, 208, 210
191, 210, 196
198, 202, 204
198, 204, 209
