# Project Zomboid Skinned Mesh
# File Version:
1.0
# Model Name:
Trimmer
# Vertex Stride Element Count:
3
# Vertex Stride Size (in bytes):
76
# Vertex Stride Data:
# (Int)    Offset
# (String) Type
0
VertexArray
12
NormalArray
24
TextureCoordArray
# Vertex Count:
776
# Vertex Buffer:
0.00307318, 0.03480482, 0.02214636
0.87557602, -0.34156317, 0.34156317
0.75189072, 0.61563098
0.00307318, 0.03480482, -0.018371
0.87557602, -0.34156317, -0.34156317
0.75189072, 0.75562483
0.00307318, 0.04528768, -0.018371
0.87557602, 0.34156317, -0.34156317
0.79527968, 0.75562483
-0.04512851, 0.04528768, -0.02605532
-0.34156317, 0.34156317, -0.87557602
0.67669606, 0.68318474
-0.00461115, 0.04528768, -0.02605532
0.34156317, 0.34156317, -0.87557602
0.67669594, 0.78217536
-0.00461114, 0.03480482, -0.02605532
0.34156317, -0.34156317, -0.87557602
0.72008497, 0.78217539
-0.05281283, 0.03480481, -0.018371
-0.87557602, -0.34156317, -0.34156317
0.64489031, 0.77420938
-0.05281283, 0.03480481, 0.02214636
-0.87557602, -0.34156317, 0.34156317
0.6188097, 0.67764258
-0.05281283, 0.04528768, 0.02214636
-0.87557602, 0.34156317, 0.34156317
0.57648307, 0.68560857
-0.04512851, 0.052972, 0.02214636
-0.34156317, 0.87557602, 0.34156317
0.93952733, 0.80872595
-0.00461115, 0.052972, 0.02214636
0.34156317, 0.87557602, 0.34156317
0.7718243, 0.80872592
-0.00461114, 0.052972, -0.018371
0.34156317, 0.87557602, -0.34156317
0.77182424, 0.9487198
-0.0451285, 0.0271205, -0.018371
-0.34156317, -0.87557602, -0.34156317
0.57231545, 0.80872595
-0.00461114, 0.0271205, -0.018371
0.34156317, -0.87557602, -0.34156317
0.57231545, 0.9487198
-0.00461114, 0.0271205, 0.02214636
0.34156317, -0.87557602, 0.34156317
0.74001849, 0.9487198
-0.00461115, 0.052972, 0.02214636
0.34156317, 0.87557602, 0.34156317
0.82708544, 0.61563098
-0.00461115, 0.04528768, 0.02983068
0.34156317, 0.34156317, 0.87557602
0.79527968, 0.58908045
0.00307318, 0.04528768, 0.02214636
0.87557602, 0.34156317, 0.34156317
0.79527968, 0.61563098
-0.04512851, 0.052972, 0.02214636
-0.34156317, 0.87557602, 0.34156317
0.54050976, 0.67313355
-0.04512851, 0.04528768, 0.02983068
-0.34156317, 0.34156317, 0.87557602
0.56659043, 0.64897984
0.00307318, 0.03480482, 0.02214636
0.87557602, -0.34156317, 0.34156317
0.74001849, 0.97527033
-0.00461115, 0.03480482, 0.02983068
0.34156317, -0.34156317, 0.87557602
0.77182424, 0.9487198
-0.04512851, 0.0271205, 0.02214636
-0.34156317, -0.87557602, 0.34156317
0.64489031, 0.65348881
-0.04512851, 0.03480481, 0.02983068
-0.34156317, -0.34156317, 0.87557602
0.608917, 0.6410138
-0.00461114, 0.052972, -0.018371
0.34156317, 0.87557602, -0.34156317
0.82708544, 0.75562483
-0.00461115, 0.04528768, -0.02605532
0.34156317, 0.34156317, -0.87557602
0.79527968, 0.78217539
-0.05281283, 0.04528768, -0.018371
-0.87557602, 0.34156317, -0.34156317
0.67669606, 0.64563662
-0.04512851, 0.052972, -0.018371
-0.34156317, 0.87557602, -0.34156317
0.64489031, 0.66441065
-0.00461114, 0.03480482, -0.02605532
0.34156317, -0.34156317, -0.87557602
0.54050976, 0.9487198
0.00307318, 0.03480482, -0.018371
0.87557602, -0.34156317, -0.34156317
0.57231545, 0.97527033
-0.05281283, 0.03480481, -0.018371
-0.87557602, -0.34156317, -0.34156317
0.72008502, 0.64563662
-0.04512851, 0.03480481, -0.02605532
-0.34156317, -0.34156317, -0.87557602
0.72008502, 0.68318474
-0.0451285, 0.0271205, -0.018371
-0.34156317, -0.87557602, -0.34156317
0.75189072, 0.66441071
-0.04512851, 0.04528768, 0.02983068
-0.34156317, 0.34156317, 0.87557602
0.93952733, 0.78217542
-0.04512851, 0.03480481, 0.02983068
-0.34156317, -0.34156317, 0.87557602
0.77182424, 0.80872595
-0.00461115, 0.03480482, 0.02983068
0.34156317, -0.34156317, 0.87557602
0.75189072, 0.58908045
-0.05281283, 0.03480481, -0.018371
-0.87557602, -0.34156317, -0.34156317
0.57231551, 0.78217539
-0.04512851, 0.0271205, 0.02214636
-0.34156317, -0.87557602, 0.34156317
0.74001855, 0.80872595
-0.00461115, 0.04528768, -0.02605532
0.34156317, 0.34156317, -0.87557602
0.77182424, 0.97527033
-0.04512851, 0.04528768, -0.02605532
-0.34156317, 0.34156317, -0.87557602
0.93952733, 0.97527033
-0.00461114, 0.03480482, -0.02605532
0.34156317, -0.34156317, -0.87557602
0.75189072, 0.78217536
-0.05281283, 0.04528768, 0.02214636
-0.87557602, 0.34156317, 0.34156317
0.97133309, 0.80872595
-0.04512851, 0.052972, -0.018371
-0.34156317, 0.87557602, -0.34156317
0.93952733, 0.9487198
-0.00461115, 0.03480482, 0.02983068
0.34156317, -0.34156317, 0.87557602
0.58283639, 0.54444706
-0.00461115, 0.04528768, 0.02983068
0.34156317, 0.34156317, 0.87557602
0.54050982, 0.55241299
0.00181477, 0.09408905, -0.05150003
0.69258708, -0.69258708, 0.20154424
0.24294356, 0.15863824
-0.00848406, 0.10438787, -0.02090698
0.47572252, -0.47572252, 0.7397992
0.25553682, 0.19709587
-0.02685975, 0.10438787, -0.02090698
-0.47572252, -0.47572252, 0.7397992
0.27842155, 0.19709587
-0.03715857, 0.09408905, -0.06404825
-0.57734919, -0.57734919, -0.57734919
0.29146782, 0.1430676
0.00181477, 0.09408905, -0.06404825
0.57734919, -0.57734919, -0.57734919
0.24293116, 0.1430676
-0.03715857, 0.13306238, -0.06404825
-0.57734919, 0.57734919, -0.57734919
0.29147729, 0.1430676
0.00181476, 0.13306238, -0.06404825
0.57734919, 0.57734919, -0.57734919
0.29147729, 0.09467053
0.00181477, 0.09408905, -0.06404825
0.57734919, -0.57734919, -0.57734919
0.24293116, 0.09467053
-0.03715858, 0.13306238, -0.05150003
-0.69258708, 0.69258708, 0.20154424
0.33632782, 0.36255151
0.00181476, 0.13306238, -0.05150003
0.69258708, 0.69258708, 0.20154424
0.38460466, 0.36255151
0.00181476, 0.13306238, -0.06404825
0.57734919, 0.57734919, -0.57734919
0.38457456, 0.34697175
0.00181477, 0.09408905, -0.05150003
0.69258708, -0.69258708, 0.20154424
0.38484272, 0.41634893
0.00181477, 0.09408905, -0.06404825
0.57734919, -0.57734919, -0.57734919
0.38484547, 0.40076971
0.00181476, 0.13306238, -0.06404825
0.57734919, 0.57734919, -0.57734919
0.3363004, 0.40076971
-0.03715857, 0.09408905, -0.06404825
-0.57734919, -0.57734919, -0.57734919
0.08998922, 0.16902137
-0.03715857, 0.09408905, -0.05150003
-0.69258708, -0.69258708, 0.20154424
0.08998832, 0.15344322
-0.03715858, 0.13306238, -0.05150003
-0.69258708, 0.69258708, 0.20154424
0.04144159, 0.15344322
-0.02685975, 0.10438787, -0.02090698
-0.47572252, -0.47572252, 0.7397992
0.40773466, 0.35850346
-0.00848406, 0.10438787, -0.02090698
0.47572252, -0.47572252, 0.7397992
0.40773466, 0.33568454
-0.00848406, 0.12276355, -0.02090698
0.47572252, 0.47572252, 0.7397992
0.38484547, 0.33568454
-0.02685975, 0.12276355, -0.02090698
-0.47572252, 0.47572252, 0.7397992
0.34780756, 0.40076971
0.00181476, 0.13306238, -0.05150003
0.69258708, 0.69258708, 0.20154424
0.33629766, 0.41634893
-0.00848406, 0.12276355, -0.02090698
0.47572252, 0.47572252, 0.7397992
0.34923121, 0.45459008
-0.00848406, 0.10438787, -0.02090698
0.47572252, -0.47572252, 0.7397992
0.37211993, 0.45459008
-0.02685975, 0.10438787, -0.02090698
-0.47572252, -0.47572252, 0.7397992
0.07718894, 0.11516786
-0.02685975, 0.12276355, -0.02090698
-0.47572252, 0.47572252, 0.7397992
0.05429944, 0.11516786
0.01103871, 0.18425159, 0.02910588
-0.57734919, 0.57734919, 0.57734919
0.10923189, 0.16902685
0.01103872, 0.07686841, 0.02910588
-0.29340494, -0.78524125, 0.54521316
0.10923192, 0.30237305
0.02936048, 0.09796373, 0.02910588
0.72273934, -0.27002776, 0.63615835
0.1320543, 0.27617735
0.01103872, 0.07686841, -0.02533052
-0.29340494, -0.78524125, -0.54521316
0.31072566, 0.33063793
0.02936049, 0.09796373, -0.02533052
0.72273934, -0.27002776, -0.63615835
0.31118229, 0.30424392
0.02936048, 0.09796373, 0.02910588
0.72273934, -0.27002776, 0.63615835
0.24338779, 0.30424392
0.01103871, 0.18425159, -0.02533052
-0.57734919, 0.57734919, -0.57734919
0.33400467, 0.08256006
0.02936048, 0.18425159, -0.02533052
0.57734919, 0.57734919, -0.57734919
0.31118229, 0.08256006
0.02936049, 0.09796373, -0.02533052
0.72273934, -0.27002776, -0.63615835
0.31118229, 0.1897105
0.01103871, 0.18425159, 0.02910588
-0.57734919, 0.57734919, 0.57734919
0.13192731, 0.101439
0.02936048, 0.18425159, 0.02910588
0.57734919, 0.57734919, 0.57734919
0.10923189, 0.10139537
0.02936048, 0.18425159, -0.02533052
0.57734919, 0.57734919, -0.57734919
0.10923192, 0.16898322
0.02936048, 0.18425159, -0.02533052
0.57734919, 0.57734919, -0.57734919
0.31116328, 0.19709587
0.01103872, 0.07686841, -0.02533052
-0.29340494, -0.78524125, -0.54521316
0.10923189, 0.16902137
0.01103872, 0.07686841, 0.02910588
-0.29340494, -0.78524125, 0.54521316
0.04144159, 0.16902518
0.01103871, 0.18425159, 0.02910588
-0.57734919, 0.57734919, 0.57734919
0.04144159, 0.30237305
-0.06032593, 0.1717955, -0.0373733
-0.88485366, -0.28553116, -0.36805323
0.41583398, 0.22819674
-0.06032594, 0.1717955, 0.04114866
-0.92156744, -0.18436232, 0.34156317
0.41583398, 0.32567918
-0.05934041, 0.17738514, 0.04114866
-0.80294198, 0.48841822, 0.34156317
0.42279366, 0.32570779
-0.05650197, 0.17112127, 0.04503161
-0.39570299, -0.27707756, 0.87557602
0.41054848, 0.07862759
0.02082729, 0.15748721, 0.04503161
0.28696555, -0.49214149, 0.82183295
0.41054854, 0.17613602
0.0218128, 0.16307686, 0.04503161
0.43797112, 0.36432996, 0.82183295
0.41761848, 0.17613614
0.01480231, 0.16431288, -0.02637173
-0.72725606, 0.63722646, 0.25489059
0.42233142, 0.4450103
0.01381679, 0.15872325, -0.02637173
-0.90133363, -0.35010833, 0.25489059
0.42929104, 0.44503891
0.01381679, 0.15872325, 0.03014708
-0.89388716, -0.30597857, -0.32758567
0.42929104, 0.37487257
-0.05717617, 0.16729732, 0.04114866
-0.48841822, -0.80294198, 0.34156317
0.14054307, 0.22857797
-0.05398965, 0.16673549, -0.02864631
0.07553331, -0.99127173, 0.10791345
0.14516249, 0.31518161
-0.05398965, 0.16673549, 0.03791298
-0.07431257, -0.99227881, -0.0990936
0.14452812, 0.23259294
0.02465126, 0.15681301, 0.04114866
0.73384809, -0.57094026, 0.36805323
0.42147991, 0.44967306
0.02465126, 0.15681301, -0.0373733
0.80294198, -0.48841822, -0.34156317
0.42147991, 0.35218453
0.02563678, 0.16240263, -0.0373733
0.92156744, 0.18436232, -0.34156317
0.41450676, 0.35216105
0.01696655, 0.15422507, -0.03413763
-0.26950896, -0.95785391, 0.0990936
0.23326489, 0.32199538
-0.05176827, 0.16634382, -0.0373733
-0.24759667, -0.89071321, -0.38114566
0.14800218, 0.32601035
0.02015308, 0.15366325, -0.0373733
0.18436232, -0.92156744, -0.34156317
0.23724991, 0.32601035
0.02248702, 0.16690083, -0.0373733
0.48841822, 0.80294198, -0.34156317
0.23631281, 0.44936264
-0.04624779, 0.17901959, -0.03413763
0.27350688, 0.92971587, 0.246498
0.31986514, 0.44578147
0.01930049, 0.16746265, -0.03413763
0.07431257, 0.99227881, 0.0990936
0.24018624, 0.44536543
-0.04850595, 0.17547488, 0.03014708
0.90133363, 0.35010833, -0.25489059
0.09633252, 0.15924132
-0.04949147, 0.16988526, 0.03014708
0.72725606, -0.63722646, -0.25489059
0.10330555, 0.15919125
-0.04949147, 0.16988526, -0.02637173
0.73531294, -0.5932188, 0.32758567
0.10255972, 0.08902454
0.00999282, 0.15939747, -0.03025468
-0.33805352, -0.44941556, 0.82686847
0.4224287, 0.16648769
0.01097834, 0.16498709, -0.03025468
-0.16397595, 0.53791922, 0.82686847
0.4294987, 0.16648769
-0.04468197, 0.17480068, -0.03025468
0.40189826, 0.39271218, 0.82717371
0.4294987, 0.09630275
-0.04468198, 0.17480068, 0.03403003
0.33805352, 0.44941556, -0.82686847
0.29629043, 0.1220938
0.01097834, 0.16498709, 0.03403004
-0.24335459, 0.50648516, -0.82717371
0.29629043, 0.19227874
0.00999282, 0.15939747, 0.03403004
-0.40189826, -0.39271218, -0.82717371
0.30336037, 0.19227862
-0.05650197, 0.17112127, -0.04125626
-0.43797112, -0.36432996, -0.82183295
0.36707106, 0.11357129
-0.05551644, 0.17671092, -0.04125626
-0.28696555, 0.49214149, -0.82183295
0.36000112, 0.11357129
0.02181281, 0.16307686, -0.04125626
0.39570299, 0.27707756, -0.87557602
0.36000106, 0.21107972
-0.05484223, 0.18053488, 0.04114866
-0.18436232, 0.92156744, 0.34156317
0.33031234, 0.35236108
-0.05934041, 0.17738514, 0.04114866
-0.80294198, 0.48841822, 0.34156317
0.33629766, 0.352301
-0.05551645, 0.17671092, 0.04503161
-0.27707756, 0.39570299, 0.87557602
0.33164933, 0.34745568
-0.05717617, 0.16729732, 0.04114866
-0.48841822, -0.80294198, 0.34156317
0.41022125, 0.32576913
-0.05650197, 0.17112127, 0.04503161
-0.39570299, -0.27707756, 0.87557602
0.41498253, 0.33060926
0.02082729, 0.15748721, 0.04503161
0.28696555, -0.49214149, 0.82183295
0.23740056, 0.22356939
0.01474516, 0.15461673, 0.04114866
-0.07193213, -0.92168951, 0.38114566
0.22979081, 0.22857797
0.02015308, 0.15366325, 0.03565734
0.21558276, -0.97238076, 0.08917508
0.23655388, 0.23539186
0.0218128, 0.16307686, 0.04503161
0.43797112, 0.36432996, 0.82183295
0.23764977, 0.3469649
0.02563678, 0.16240263, 0.04114866
0.88485366, 0.28553116, 0.36805323
0.23300144, 0.3517617
0.02248702, 0.16690083, 0.03565734
0.53514206, 0.84002197, 0.08917508
0.23631281, 0.35868835
0.01097834, 0.16498709, 0.03403004
-0.24335459, 0.50648516, -0.82717371
0.25081989, 0.3606931
0.01389258, 0.16841614, 0.03791299
0.06091494, 0.96719259, -0.246498
0.24675998, 0.35594225
0.01930049, 0.16746265, 0.03242166
-0.07553331, 0.99127173, -0.10791345
0.24018624, 0.36272597
-0.04468198, 0.17480068, 0.03403003
0.33805352, 0.44941556, -0.82686847
0.23972675, 0.33798993
-0.04850595, 0.17547488, 0.03014708
0.90133363, 0.35010833, -0.25489059
0.23300144, 0.33798993
-0.05165571, 0.17997307, 0.03791298
0.26950896, 0.95785391, -0.0990936
0.23762378, 0.3469649
-0.05165571, 0.17997307, -0.02864631
0.40998566, 0.9056673, 0.10791345
0.08998922, 0.08638966
-0.04850595, 0.17547488, -0.02637173
0.89388716, 0.30597857, 0.32758567
0.09558669, 0.08907461
-0.04468197, 0.17480068, -0.03025468
0.40189826, 0.39271218, 0.82717371
0.09633252, 0.08414948
-0.04943432, 0.17958142, -0.0373733
0.07193213, 0.92168951, -0.38114566
0.32373866, 0.44981909
-0.05551644, 0.17671092, -0.04125626
-0.28696555, 0.49214149, -0.82183295
0.33164933, 0.45459008
-0.05934041, 0.17738514, -0.0373733
-0.73384809, 0.57094026, -0.36805323
0.33629766, 0.44979334
0.02181281, 0.16307686, -0.04125626
0.39570299, 0.27707756, -0.87557602
0.4137086, 0.34743631
0.02248702, 0.16690083, -0.0373733
0.48841822, 0.80294198, -0.34156317
0.40893814, 0.35224116
0.01097834, 0.16498709, -0.03025468
-0.16397595, 0.53791922, 0.82686847
0.25081989, 0.4405086
0.01480231, 0.16431288, -0.02637173
-0.72725606, 0.63722646, 0.25489059
0.24617156, 0.43566328
-0.05650197, 0.17112127, -0.04125626
-0.43797112, -0.36432996, -0.82183295
0.14226452, 0.33063793
-0.05717617, 0.16729732, -0.03188198
-0.53514206, -0.84002197, -0.08917508
0.14123914, 0.31919658
0.01381679, 0.15872325, 0.03014708
-0.89388716, -0.30597857, -0.32758567
0.22884303, 0.24203861
0.01696655, 0.15422507, 0.03242166
-0.40998566, -0.9056673, -0.10791345
0.23263052, 0.2394067
0.01155864, 0.15517855, 0.03791299
-0.27350688, -0.92971587, -0.246498
0.22586745, 0.23259294
0.01381679, 0.15872325, -0.02637173
-0.90133363, -0.35010833, 0.25489059
0.22938171, 0.31216872
0.00999282, 0.15939747, -0.03025468
-0.33805352, -0.44941556, 0.82686847
0.22467354, 0.3169868
-0.0456675, 0.16921104, -0.03025468
0.24335459, -0.50648516, 0.82717371
0.15560421, 0.3169868
-0.04949147, 0.16988526, -0.02637173
0.73531294, -0.5932188, 0.32758567
0.15082201, 0.31216872
0.02082729, 0.15748721, -0.04125626
0.27707756, -0.39570299, -0.87557602
0.23822299, 0.33063793
0.02465126, 0.15681301, -0.0373733
0.80294198, -0.48841822, -0.34156317
0.2429311, 0.32581985
-0.04949147, 0.16988526, 0.03014708
0.72725606, -0.63722646, -0.25489059
0.15028337, 0.24203861
-0.0456675, 0.16921104, 0.03403003
0.16397595, -0.53791922, -0.82686847
0.15499154, 0.23722053
-0.05551645, 0.17671092, 0.04503161
-0.27707756, 0.39570299, 0.87557602
0.41761854, 0.07862771
0.0170791, 0.16785431, 0.04114866
0.24759667, 0.89071321, 0.38114566
0.4224287, 0.16932166
-0.05165571, 0.17997307, -0.02864631
0.40998566, 0.9056673, 0.10791345
0.32643887, 0.43899786
0.01930049, 0.16746265, -0.03413763
0.07431257, 0.99227881, 0.0990936
0.43430886, 0.17613614
-0.04624779, 0.17901959, -0.03413763
0.27350688, 0.92971587, 0.246498
0.43430886, 0.09348285
0.01480231, 0.16431288, 0.03014708
-0.73531294, 0.5932188, -0.32758567
0.24617156, 0.36548996
0.0170791, 0.16785431, 0.04114866
0.24759667, 0.89071321, 0.38114566
0.24288651, 0.35190463
-0.05551645, 0.17671092, 0.04503161
-0.27707756, 0.39570299, 0.87557602
0.4219422, 0.33063793
-0.05484223, 0.18053488, -0.03188198
-0.21558276, 0.97238076, -0.08917508
0.33031234, 0.44303548
-0.05650197, 0.17112127, 0.04503161
-0.39570299, -0.27707756, 0.87557602
0.14144209, 0.22356939
-0.05717617, 0.16729732, -0.03188198
-0.53514206, -0.84002197, -0.08917508
0.41022125, 0.23510396
-0.04858173, 0.16578202, -0.03413763
-0.06091494, -0.96719259, 0.246498
0.15192553, 0.32199538
-0.0456675, 0.16921104, 0.03403003
0.16397595, -0.53791922, -0.82686847
0.30336043, 0.12209368
0.01155864, 0.15517855, 0.03791299
-0.27350688, -0.92971587, -0.246498
0.30822363, 0.19510782
0.02082729, 0.15748721, 0.04503161
0.28696555, -0.49214149, 0.82183295
0.42068174, 0.45459008
0.02563678, 0.16240263, 0.04114866
0.88485366, 0.28553116, 0.36805323
0.41450676, 0.44964957
0.02082729, 0.15748721, -0.04125626
0.27707756, -0.39570299, -0.87557602
0.36707106, 0.21107972
0.02563678, 0.16240263, -0.0373733
0.92156744, 0.18436232, -0.34156317
0.36002758, 0.21590626
0.02248702, 0.16690083, 0.03565734
0.53514206, 0.84002197, 0.08917508
0.40893814, 0.44291186
-0.06032593, 0.1717955, -0.0373733
-0.88485366, -0.28553116, -0.36805323
0.36709759, 0.10875404
-0.05934041, 0.17738514, -0.0373733
-0.73384809, 0.57094026, -0.36805323
0.36002764, 0.10875416
-0.04943432, 0.17958142, -0.0373733
0.07193213, 0.92168951, -0.38114566
0.3551909, 0.12039506
0.02248702, 0.16690083, -0.0373733
0.48841822, 0.80294198, -0.34156317
0.3551909, 0.21108437
-0.05176827, 0.16634382, -0.0373733
-0.24759667, -0.89071321, -0.38114566
0.37193432, 0.12039506
0.01389258, 0.16841614, 0.03791299
0.06091494, 0.96719259, -0.246498
0.29148027, 0.19510794
0.01480231, 0.16431288, 0.03014708
-0.73531294, 0.5932188, -0.32758567
0.2962639, 0.19709587
0.01381679, 0.15872325, 0.03014708
-0.89388716, -0.30597857, -0.32758567
0.30333385, 0.19709587
-0.05165571, 0.17997307, 0.03791298
0.26950896, 0.95785391, -0.0990936
0.09086758, 0.16902137
-0.04949147, 0.16988526, 0.03014708
0.72725606, -0.63722646, -0.25489059
0.30333385, 0.11726725
-0.04850595, 0.17547488, 0.03014708
0.90133363, 0.35010833, -0.25489059
0.2962639, 0.11726725
0.01696655, 0.15422507, 0.03242166
-0.40998566, -0.9056673, -0.10791345
0.43490377, 0.37195885
0.01097834, 0.16498709, -0.03025468
-0.16397595, 0.53791922, 0.82686847
0.42147991, 0.44994032
0.00999282, 0.15939747, -0.03025468
-0.33805352, -0.44941556, 0.82686847
0.42843959, 0.44996893
-0.05165571, 0.17997307, 0.03791298
0.26950896, 0.95785391, -0.0990936
0.32643893, 0.35635829
0.01352997, -0.01190561, -0.00650941
-0.37290567, 0.20676289, -0.90450758
0.15839723, 0.07731497
-0.0111922, -0.01899073, -0.00650941
0.20676289, 0.37290567, -0.90450758
0.15839723, 0.1087712
-0.0111922, -0.01899073, 0.01028476
0.20676289, 0.37290567, 0.90450758
0.17931321, 0.10883772
0.01352997, -0.01190561, 0.01028477
-0.37290567, 0.20676289, 0.90450758
0.43113479, 0.22819674
0.00252021, 0.0265109, 0.01028477
-0.20676289, -0.37290567, 0.90450758
0.43113479, 0.18045676
0.00252021, 0.0265109, -0.00650941
-0.20676289, -0.37290567, -0.90450758
0.41022125, 0.18032026
-0.0111922, -0.01899073, -0.00650941
0.20676289, 0.37290567, -0.90450758
0.13748232, 0.0611279
-0.02220195, 0.0194258, -0.00650941
0.37290567, -0.20676289, -0.90450758
0.13748232, 0.10871303
-0.02220195, 0.0194258, 0.01028476
0.37290567, -0.20676289, 0.90450758
0.15839723, 0.10883772
0.00252021, 0.0265109, 0.01028477
-0.20676289, -0.37290567, 0.90450758
0.20021597, 0.10883772
-0.02220195, 0.0194258, 0.01028476
0.37290567, -0.20676289, 0.90450758
0.20021597, 0.07796204
-0.02220195, 0.0194258, -0.00650941
0.37290567, -0.20676289, -0.90450758
0.17931324, 0.07774842
-0.0111922, -0.01899073, 0.01028476
0.20676289, 0.37290567, 0.90450758
0.33169284, 0.31507409
-0.01651487, -0.03230417, 0.01028476
-0.39594713, -0.71404159, 0.57734919
0.32301888, 0.33063793
0.02509646, -0.02037882, 0.01028477
0.71404159, -0.39594713, 0.57734919
0.37631407, 0.32248223
-0.03376845, 0.02789901, 0.01028476
-0.74999237, -0.04068117, 0.6601764
0.31118229, 0.25376964
-0.02220195, 0.0194258, 0.01028476
0.37290567, -0.20676289, 0.90450758
0.32413974, 0.26602334
0.00784289, 0.03982434, 0.01028477
0.62080753, -0.02163762, 0.78365427
0.36447749, 0.24561405
0.00784289, 0.03982434, -0.00650941
0.62080753, -0.02163762, -0.78365427
0.39722934, 0.10156512
0.01493602, 0.05932774, -0.00650941
0.67793816, 0.47480696, -0.56117433
0.3974708, 0.07727027
0.01493602, 0.05932774, 0.01028477
0.67793816, 0.47480696, 0.56117433
0.37655559, 0.07721281
0.00784289, 0.03982434, 0.01028477
0.62080753, -0.02163762, 0.78365427
0.37631407, 0.10150766
0.02509646, -0.02037882, 0.01028477
0.71404159, -0.39594713, 0.57734919
0.37655559, 0.17607856
0.02509646, -0.02037882, 0.01028477
0.71404159, -0.39594713, 0.57734919
0.06235763, 0.06298542
-0.01651487, -0.03230417, 0.01028476
-0.39594713, -0.71404159, 0.57734919
0.06235763, 0.11495423
-0.01651487, -0.03230417, -0.00650941
-0.39594713, -0.71404159, -0.57734919
0.08326039, 0.11516786
-0.03376845, 0.02789901, -0.00650941
-0.74999237, -0.04068117, -0.6601764
0.33400467, 0.14103174
-0.01651487, -0.03230417, -0.00650941
-0.39594713, -0.71404159, -0.57734919
0.334277, 0.21584523
-0.01651487, -0.03230417, 0.01028476
-0.39594713, -0.71404159, 0.57734919
0.3551909, 0.21590626
-0.03376845, 0.02789901, -0.00650941
-0.74999237, -0.04068117, -0.6601764
0.13748232, 0.18570602
-0.02220195, 0.0194258, -0.00650941
0.37290567, -0.20676289, -0.90450758
0.15043974, 0.17345238
-0.0111922, -0.01899073, -0.00650941
0.20676289, 0.37290567, -0.90450758
0.15799284, 0.12440157
0.02509646, -0.02037882, -0.00650941
0.71404159, -0.39594713, -0.57734919
0.2026141, 0.11699343
0.01352997, -0.01190561, -0.00650941
-0.37290567, 0.20676289, -0.90450758
0.18965665, 0.12924707
-0.02835043, 0.05932773, -0.00650941
-0.52162236, 0.61925107, -0.58684039
0.04144159, 0.11516786
-0.02835043, 0.05932773, 0.01028476
-0.52162236, 0.61925107, 0.58684039
0.06235763, 0.11512756
0.01493602, 0.05932774, 0.01028477
0.67793816, 0.47480696, 0.56117433
0.06235763, 0.06167352
0.00784289, 0.03982434, -0.00650941
0.62080753, -0.02163762, -0.78365427
0.19077748, 0.1938616
-0.02835043, 0.05932773, -0.00650941
-0.52162236, 0.61925107, -0.58684039
0.14912742, 0.22356939
-0.03376845, 0.02789901, 0.01028476
-0.74999237, -0.04068117, 0.6601764
0.35491863, 0.14109266
-0.02835043, 0.05932773, 0.01028476
-0.52162236, 0.61925107, 0.58684039
0.3551909, 0.10208178
-0.02835043, 0.05932773, -0.00650941
-0.52162236, 0.61925107, -0.58684039
0.33427694, 0.10202086
0.01493602, 0.05932774, 0.01028477
0.67793816, 0.47480696, 0.56117433
0.37631407, 0.22270334
-0.02835043, 0.05932773, 0.01028476
-0.52162236, 0.61925107, 0.58684039
0.32282743, 0.21590626
0.00397952, 0.05140652, 0.04104107
0.0, -0.67262793, 0.73995179
0.75569034, 0.23756629
0.01722216, 0.05140652, 0.04104107
0.58967865, -0.53715628, 0.60304576
0.72112334, 0.23756629
0.01496753, 0.09055988, 0.03730156
0.71752065, 0.03555406, 0.69557786
0.7270633, 0.34156704
0.00397952, 0.05140652, -0.03726571
0.0, -0.67262793, -0.73995179
0.80976701, 0.23756629
0.01722216, 0.05140652, -0.03726571
0.58967865, -0.53715628, -0.60304576
0.84432304, 0.23756629
0.01722216, 0.05140652, 0.00188768
0.72713399, -0.68645281, 0.0
0.84432316, 0.13399857
0.00397951, 0.14327198, -0.0297867
-0.94268626, 0.26636556, -0.20090334
0.22468802, 0.39609551
0.00397952, 0.14319845, -0.03646246
-0.7008881, -0.01986755, -0.71297342
0.23300144, 0.3960042
0.00397952, 0.09055988, -0.0335262
-0.02349925, 0.05499435, -0.9981994
0.2293486, 0.33063793
0.01722216, 0.05140652, 0.00188768
0.72713399, -0.68645281, 0.0
0.94671345, 0.13399851
0.01722216, 0.05140652, -0.03726571
0.58967865, -0.53715628, -0.60304576
0.94671345, 0.03043073
0.01496753, 0.09055988, -0.0335262
0.71752065, 0.03555406, -0.69557786
0.84432316, 0.04032236
-0.02999066, 0.05140651, 0.00188768
-0.42783898, -0.90383619, 0.0
0.61890244, 0.48134989
-0.03340376, 0.05557107, 0.02107889
-0.75746942, -0.56965852, 0.31885737
0.66900647, 0.47194803
-0.03340376, 0.05557107, -0.01730354
-0.75746942, -0.56965852, -0.31885737
0.5687983, 0.47194803
-0.03340377, 0.12554871, -0.01730354
-0.76595354, 0.58705407, -0.26194036
0.56879842, 0.28930676
-0.05308981, 0.0936446, -0.01611316
-0.75106055, 0.20447402, -0.6277352
0.57190621, 0.38104135
-0.05308981, 0.0936446, 0.01988851
-0.75106055, 0.20447402, 0.6277352
0.66589868, 0.38104135
-0.02773604, 0.09055988, -0.0335262
-0.57860041, 0.07351909, -0.81225014
0.52644449, 0.37819028
-0.02773604, 0.09055988, 0.03730156
-0.57860041, 0.07351909, 0.81225014
0.71136034, 0.37819028
-0.03340377, 0.12554871, 0.02107889
-0.76595354, 0.58705407, 0.26194036
0.66900647, 0.28930682
-0.02548142, 0.12971327, 0.00188768
-0.44181645, 0.89709157, 0.0
0.61890244, 0.27503061
-0.05308981, 0.05874137, -0.01611316
-0.63377786, -0.52735984, -0.56581318
0.57190621, 0.47213864
-0.05308981, 0.05874137, 0.01988851
-0.63377786, -0.52735984, 0.56581318
0.66589868, 0.4721387
-0.03340376, 0.05557107, 0.02107889
-0.75746942, -0.56965852, 0.31885737
0.67120945, 0.12544572
-0.05308981, 0.05874137, 0.01988851
-0.63377786, -0.52735984, 0.56581318
0.61957586, 0.12859452
-0.05308981, 0.05874137, -0.01611316
-0.63377786, -0.52735984, -0.56581318
0.61957586, 0.22382534
-0.03340376, 0.05557107, -0.01730354
-0.75746942, -0.56965852, -0.31885737
0.61957586, 0.04229921
-0.05308981, 0.05874137, -0.01611316
-0.63377786, -0.52735984, -0.56581318
0.56812871, 0.05081022
-0.05308981, 0.0936446, -0.01611316
-0.75106055, 0.20447402, -0.6277352
0.56812865, 0.14292186
-0.03340376, 0.05557107, 0.02107889
-0.75746942, -0.56965852, 0.31885737
0.56812859, 0.22697413
-0.03340377, 0.12554871, 0.02107889
-0.76595354, 0.58705407, 0.26194036
0.56812859, 0.04229921
-0.05308981, 0.0936446, 0.01988851
-0.75106055, 0.20447402, 0.6277352
0.51668143, 0.12635148
0.01496579, 0.14319845, 0.04023781
0.70085758, -0.01983703, 0.71297342
0.38595042, 0.24063432
0.01496578, 0.19030325, 0.04023781
0.72106081, 0.27442244, 0.63618886
0.37631407, 0.29833388
0.00397951, 0.19030325, 0.04023781
-0.54280221, -0.23279519, 0.80690938
0.38981327, 0.30057442
0.01496753, 0.09055988, 0.03730156
0.71752065, 0.03555406, 0.69557786
0.84432316, 0.2276746
0.01722216, 0.05140652, 0.04104107
0.58967865, -0.53715628, 0.60304576
0.94671345, 0.23756629
0.01496579, 0.14327198, 0.00188768
0.99996948, 0.0, 0.0
0.08972147, 0.38912702
0.01496579, 0.19037682, 0.00188768
0.93359172, 0.35825679, 0.0
0.08972147, 0.33063459
0.01496579, 0.19037682, 0.03356206
0.93322551, 0.35920286, 0.00183111
0.05027452, 0.33062762
0.00397952, 0.05140652, -0.03726571
0.0, -0.67262793, -0.73995179
0.9330337, 0.23756635
0.00397952, 0.09055988, -0.0335262
-0.02349925, 0.05499435, -0.9981994
0.93297899, 0.3415671
0.01496753, 0.09055988, -0.0335262
0.71752065, 0.03555406, -0.69557786
0.96166074, 0.3415671
-0.02773604, 0.09055988, -0.0335262
-0.57860041, 0.07351909, -0.81225014
0.85019243, 0.34156704
-0.02548142, 0.12971327, -0.0297867
-0.51579332, 0.54716635, -0.65919983
0.85602295, 0.44556773
0.00397951, 0.14327198, -0.0297867
-0.94268626, 0.26636556, -0.20090334
0.93297148, 0.48134995
0.00397952, 0.05140652, 0.00188768
0.0, -1.0, 0.0
0.80976701, 0.13399857
0.01722216, 0.05140652, 0.04104107
0.58967865, -0.53715628, 0.60304576
0.84432316, 0.03043085
-0.02999066, 0.05140651, 0.00188768
-0.42783898, -0.90383619, 0.0
0.72112334, 0.13399857
0.00397952, 0.05140652, 0.04104107
0.0, -0.67262793, 0.73995179
0.80976713, 0.03043085
-0.02999066, 0.05140651, -0.03726571
-0.53703421, -0.55021822, -0.63936275
0.72112334, 0.23756629
-0.02548142, 0.12971327, 0.03356206
-0.51576281, 0.54716635, 0.65919983
0.83270097, 0.44556773
-0.02773604, 0.09055988, 0.03730156
-0.57860041, 0.07351909, 0.81225014
0.83853149, 0.34156704
0.00397952, 0.09055988, 0.03730156
-0.02349925, 0.05499435, 0.9981994
0.75574505, 0.34156704
-0.02999067, 0.05140651, 0.04104107
-0.53703421, -0.55021822, 0.63936275
0.84436202, 0.23756629
0.01496753, 0.09055988, -0.0335262
0.71752065, 0.03555406, -0.69557786
0.13382557, 0.45459008
0.01496579, 0.14319845, -0.03646246
0.70085758, -0.01983703, -0.71297342
0.13748232, 0.38922679
0.01496579, 0.14327198, -0.0297867
1.0, 0.0, 0.0
0.12916836, 0.38913399
0.00397951, 0.19037682, -0.0297867
-0.91738641, -0.39790031, 0.00201422
0.22468469, 0.45459008
0.00397951, 0.19030325, -0.03646246
-0.54280221, -0.23279519, -0.80690938
0.2329981, 0.45449877
0.00397952, 0.09055988, 0.03730156
-0.02349925, 0.05499435, 0.9981994
0.14114591, 0.33063793
0.00397951, 0.14319845, 0.04023781
-0.7008881, -0.01986755, 0.71297342
0.13748562, 0.3960042
0.00397951, 0.14327198, 0.03356206
-0.94268626, 0.26636556, 0.20090334
0.14579904, 0.39609551
0.00397952, 0.09055988, -0.0335262
-0.02349925, 0.05499435, -0.9981994
0.23652124, 0.2213285
0.00397952, 0.14319845, -0.03646246
-0.7008881, -0.01986755, -0.71297342
0.22574955, 0.15683055
0.01496579, 0.14319845, -0.03646246
0.70085758, -0.01983703, -0.71297342
0.21225038, 0.15907121
0.00397952, 0.09055988, 0.03730156
-0.02349925, 0.05499435, 0.9981994
0.41022125, 0.17837703
0.01496753, 0.09055988, 0.03730156
0.71752065, 0.03555406, 0.69557786
0.39671996, 0.17613614
0.01496579, 0.14327198, 0.03356206
1.0, 0.0, 0.0
0.05027452, 0.3891201
0.01496579, 0.14319845, 0.04023781
0.70085758, -0.01983703, 0.71297342
0.04196063, 0.38920999
0.01496753, 0.09055988, 0.03730156
0.71752065, 0.03555406, 0.69557786
0.04561743, 0.45457458
0.00397951, 0.19037682, 0.03356206
-0.91738641, -0.39790031, -0.00201422
0.1457957, 0.45459008
0.00397951, 0.19037682, 0.00188768
-0.91784418, -0.39692372, 0.0
0.18524021, 0.45459008
0.00397951, 0.19030325, 0.04023781
-0.54280221, -0.23279519, 0.80690938
0.13748232, 0.45449877
0.00397951, 0.19030325, -0.03646246
-0.54280221, -0.23279519, -0.80690938
0.21611327, 0.09913111
0.01496579, 0.19030325, -0.03646246
0.72106081, 0.27442244, -0.63618886
0.2026141, 0.10137165
0.01496578, 0.19030325, 0.04023781
0.72106081, 0.27442244, 0.63618886
0.04196063, 0.33071744
0.00397951, 0.19037682, 0.00188768
-0.91784418, -0.39692372, 0.0
0.40893814, 0.40699923
-0.01574693, 0.20891838, 0.00188768
-0.98529005, 0.17069003, 0.0
0.38484547, 0.40608752
-0.01574693, 0.20891838, -0.0297867
-0.98489332, 0.17310098, -0.00302133
0.38484553, 0.44539112
0.00397951, 0.19037682, -0.0297867
-0.91738641, -0.39790031, 0.00201422
0.40893814, 0.44630283
-0.01571752, 0.20885096, -0.03646246
-0.81621754, 0.13733329, -0.56114382
0.38488039, 0.45367813
0.01496579, 0.19037682, -0.0297867
0.93322551, 0.35920286, -0.00183111
0.12916839, 0.33064151
-0.00567702, 0.21331102, -0.0297867
0.21051668, 0.97756886, -0.0044557
0.12864858, 0.30238694
-0.00567702, 0.21331102, 0.00188768
0.21167639, 0.97732472, 0.0
0.08920166, 0.30237997
0.00397951, 0.19037682, 0.03356206
-0.91738641, -0.39790031, -0.00201422
0.40893814, 0.36769557
0.00397951, 0.19030325, 0.04023781
-0.54280221, -0.23279519, 0.80690938
0.40893623, 0.35941541
-0.01571752, 0.20885096, 0.04023781
-0.81621754, 0.13733329, 0.56114382
0.38488033, 0.35850346
0.01496753, 0.09055988, 0.00188768
0.99957275, 0.02874844, 0.0
0.08972147, 0.45458233
0.01496579, 0.19030325, -0.03646246
0.72106081, 0.27442244, -0.63618886
0.13748229, 0.33073437
-0.01574693, 0.20891838, 0.03356206
-0.98489332, 0.17310098, 0.00302133
0.3974708, 0.16784596
-0.00567702, 0.21331102, 0.03356206
0.21051668, 0.97756886, 0.0044557
0.41052094, 0.1677711
-0.00567702, 0.21331102, 0.00188768
0.21167639, 0.97732472, 0.0
0.41052094, 0.12844443
-0.01574693, 0.20891838, 0.00188768
-0.98529005, 0.17069003, 0.0
0.3974708, 0.12851918
-0.00567702, 0.21331102, -0.0297867
0.21051668, 0.97756886, -0.0044557
0.41052094, 0.08911777
-0.00564761, 0.2132436, -0.03646246
0.17133091, 0.78179264, -0.5995056
0.41054854, 0.08083081
-0.01571752, 0.20885096, -0.03646246
-0.81621754, 0.13733329, -0.56114382
0.3974984, 0.08090556
-0.01574693, 0.20891838, -0.0297867
-0.98489332, 0.17310098, -0.00302133
0.3974708, 0.08919251
-0.01571752, 0.20885096, 0.04023781
-0.81621754, 0.13733329, 0.56114382
0.3974984, 0.17613614
-0.00564762, 0.2132436, 0.04023781
0.17133091, 0.78179264, 0.5995056
0.41054854, 0.17606127
-0.00567702, 0.21331102, 0.03356206
0.21051668, 0.97756886, 0.0044557
0.04975477, 0.30237305
-0.00564762, 0.2132436, 0.04023781
0.17133091, 0.78179264, 0.5995056
0.04144159, 0.30245495
-0.00564761, 0.2132436, -0.03646246
0.17133091, 0.78179264, -0.5995056
0.13696325, 0.30247182
-0.01574693, 0.20891838, 0.03356206
-0.98489332, 0.17310098, 0.00302133
0.38484547, 0.36678386
-0.00564762, 0.2132436, 0.04023781
0.17133091, 0.78179264, 0.5995056
0.39694944, 0.33063793
-0.01571752, 0.20885096, -0.03646246
-0.81621754, 0.13733329, -0.56114382
0.23652124, 0.07239461
-0.00564761, 0.2132436, -0.03646246
0.17133091, 0.78179264, -0.5995056
0.22324947, 0.0690676
0.00397951, 0.14327198, 0.00188768
-0.84203619, 0.53938413, 0.0
0.18524352, 0.39609551
0.00397951, 0.14327198, 0.00188768
-0.84203619, 0.53938413, 0.0
0.61890244, 0.22697419
0.00397951, 0.14327198, -0.0297867
-0.94268626, 0.26636556, -0.20090334
0.53620756, 0.22697413
-0.02548142, 0.12971327, 0.03356206
-0.51576281, 0.54716635, 0.65919983
0.70159733, 0.27503067
0.00397951, 0.14327198, 0.03356206
-0.94268626, 0.26636556, 0.20090334
0.70159733, 0.22697419
0.02064139, 0.51906276, -0.00589628
0.61073643, 0.17145298, 0.77300334
0.32317019, 0.91744415
0.01817552, 0.54151636, -0.00246064
0.54637289, 0.65681934, -0.51963866
0.33416885, 0.94290821
0.01817577, 0.54116946, 0.00605783
0.55217141, 0.64946443, 0.52275157
0.35209805, 0.94174038
0.02067908, 0.49616471, 0.01049725
0.86782432, 0.27835932, 0.41154209
0.37526298, 0.83608334
0.02063859, 0.52035511, 0.01050869
0.3017365, 0.0003357, 0.95336771
0.37526298, 0.8639103
0.0124404, 0.52034134, 0.01050836
-0.30179754, -0.00064089, 0.95336771
0.39262724, 0.86391024
0.01300699, 0.18211569, -0.00601608
-0.57777643, -0.56965852, -0.58445996
0.32317019, 0.89198022
0.0212052, 0.18212943, -0.00601576
0.57972962, -0.56773585, -0.58442944
0.34053445, 0.89198019
0.02120531, 0.18168826, 0.01034868
0.684286, -0.71913815, 0.1207007
0.34053445, 0.87316476
0.01300699, 0.18211569, -0.00601608
-0.57777643, -0.56965852, -0.58445996
0.27214009, 0.55368704
0.01300711, 0.18167467, 0.01034837
-0.68190557, -0.72139651, 0.12063967
0.23747897, 0.55318606
0.01296663, 0.20586511, 0.01035979
-0.86877042, 0.27542955, 0.41145054
0.23747292, 0.58102334
0.01483363, 0.54151082, -0.00246077
-0.5485397, 0.65498823, -0.51966918
0.3580243, 0.89198022
0.01483389, 0.54116392, 0.0060577
-0.55436873, 0.64763331, 0.52269053
0.3580243, 0.90176316
0.01817577, 0.54116946, 0.00605783
0.55217141, 0.64946443, 0.52275157
0.36510265, 0.90176319
0.02064139, 0.51906276, -0.00589628
0.70574051, 0.34345531, 0.61961728
0.13811648, 0.55467945
0.02063859, 0.52035511, 0.01050869
0.3017365, 0.0003357, 0.95336771
0.10337082, 0.55318564
0.02067908, 0.49616471, 0.01049725
0.86782432, 0.27835932, 0.41154209
0.1033769, 0.58102298
0.0209233, 0.3505961, -0.00595602
0.87435532, -0.27872553, -0.39722893
0.13811651, 0.7485432
0.02092195, 0.35102147, 0.01042867
0.86782432, 0.27835932, 0.41151157
0.10341316, 0.74804717
0.02096243, 0.32683116, 0.01041724
0.86761069, -0.27539903, 0.41398358
0.10341921, 0.77588426
0.01268481, 0.37464908, -0.00594779
-0.85888243, 0.27216408, -0.43382061
0.27213997, 0.77524565
0.01272509, 0.35058236, -0.00595633
-0.87337869, -0.28162479, -0.39732048
0.27213997, 0.74755079
0.01272375, 0.35100803, 0.01042837
-0.86877042, 0.27542955, 0.41148105
0.23743662, 0.74804717
0.01531917, 0.22139023, -0.03009828
-0.56370741, 0.45860165, -0.68691063
0.32317019, 0.59887928
0.01533525, 0.21178059, -0.03009998
-0.55525374, -0.5055086, -0.66039002
0.32316655, 0.58782095
0.01296672, 0.20618252, -0.00600753
-0.87337869, -0.28162479, -0.39732048
0.27214003, 0.58138204
0.01272509, 0.35058236, -0.00595633
-0.87337869, -0.28162479, -0.39732048
0.37526304, 0.80763696
0.0209233, 0.3505961, -0.00595602
0.87435532, -0.27872553, -0.39722893
0.3926273, 0.80763696
0.02096356, 0.32652953, -0.00596455
0.85799736, 0.27506334, -0.43375957
0.3926273, 0.77994342
0.01296672, 0.20618252, -0.00600753
-0.87337869, -0.28162479, -0.39732048
0.37526298, 0.83584033
0.02116493, 0.20619625, -0.00600722
0.87435532, -0.27872553, -0.39722893
0.39262724, 0.83584036
0.0212052, 0.18212943, -0.00601576
0.57972962, -0.56773585, -0.58442944
0.39262724, 0.80814652
0.01244318, 0.51904917, -0.00589659
-0.61131626, 0.16940825, 0.77300334
0.42735577, 0.83840363
0.01483363, 0.54151082, -0.00246077
-0.5485397, 0.65498823, -0.51966918
0.4324978, 0.86428644
0.01817552, 0.54151636, -0.00246064
0.54637289, 0.65681934, -0.51963866
0.43957609, 0.86428653
0.01292645, 0.23024908, -0.00599901
-0.85888243, 0.27216408, -0.43382061
0.4099915, 0.89198022
0.01288617, 0.25431573, -0.00599047
-0.87337869, -0.28162479, -0.39728996
0.4099915, 0.86428653
0.02108438, 0.25432935, -0.00599016
0.8743248, -0.27872553, -0.39722893
0.3926273, 0.86428665
0.02064139, 0.51906276, -0.00589628
0.70574051, 0.34345531, 0.61961728
0.05512315, 0.94290821
0.02063859, 0.52035511, 0.01050869
0.29798272, 0.09820856, 0.94949186
0.05512315, 0.94290821
0.01280563, 0.30244899, -0.0059734
-0.87337869, -0.28162479, -0.39732048
0.34053445, 0.78018583
0.02100384, 0.30246288, -0.00597308
0.87435532, -0.27872553, -0.39722893
0.35789871, 0.78018601
0.02104411, 0.27839619, -0.00598162
0.85799736, 0.27503282, -0.43375957
0.35789871, 0.75249235
0.0124404, 0.52034134, 0.01050836
-0.29834896, 0.09720145, 0.94949186
0.05512315, 0.94290821
0.01531917, 0.22139023, -0.03009828
-0.56370741, 0.45860165, -0.68691063
0.37526304, 0.7522494
0.01876345, 0.22139594, -0.03009814
0.56224251, 0.4604938, -0.68688011
0.38255823, 0.75224937
0.01877953, 0.21178643, -0.03009983
0.55702382, -0.50361645, -0.66032898
0.38255823, 0.74119169
0.02116483, 0.2058787, 0.01036012
0.86782432, 0.27835932, 0.41151157
0.37526304, 0.80777045
0.02112435, 0.23006929, 0.01037153
0.86761069, -0.27539903, 0.41398358
0.37526304, 0.77994327
0.01292615, 0.23005542, 0.01037123
-0.86669517, -0.27829829, 0.41392255
0.35789877, 0.77994348
0.01248346, 0.49498254, -0.00590513
-0.87337869, -0.28162479, -0.39728996
0.40999156, 0.83671336
0.01485199, 0.50058061, -0.02999757
-0.55528426, -0.50547808, -0.6603595
0.41502607, 0.86428653
0.01829627, 0.50058633, -0.02999744
0.55702382, -0.50364697, -0.66032898
0.42232126, 0.86428653
0.02108387, 0.25425974, 0.01038297
0.86782432, 0.27835932, 0.41154209
0.35789877, 0.80801313
0.02104339, 0.27845028, 0.01039439
0.86761069, -0.27539903, 0.41398358
0.35789871, 0.78018601
0.01284519, 0.27843645, 0.01039408
-0.86669517, -0.27829829, 0.41392255
0.34053445, 0.78018616
0.02068166, 0.49499601, -0.00590482
0.8743248, -0.27872553, -0.39725944
0.13811651, 0.58237445
0.01829627, 0.50058633, -0.02999744
0.55702382, -0.50364697, -0.66032898
0.18914297, 0.5759353
0.01828018, 0.51019609, -0.02999573
0.56221199, 0.4604938, -0.68688011
0.18914658, 0.56487674
0.02100291, 0.30264074, 0.01040583
0.86782432, 0.27835932, 0.41154209
0.3926273, 0.89198016
0.02096243, 0.32683116, 0.01041724
0.86761069, -0.27539903, 0.41398358
0.3926273, 0.86415316
0.01276423, 0.32681742, 0.01041694
-0.86669517, -0.27829829, 0.41392255
0.37526304, 0.86415319
0.01244318, 0.51904917, -0.00589659
-0.70693076, 0.34113589, 0.61952573
0.27213991, 0.94141476
0.01248346, 0.49498254, -0.00590513
-0.87337869, -0.28162479, -0.39728996
0.27213997, 0.91371982
0.01248087, 0.49615097, 0.01049694
-0.86877042, 0.27542955, 0.41145054
0.23740038, 0.915071
0.01252373, 0.47091582, -0.00591367
-0.85888243, 0.27216408, -0.43382061
0.27213997, 0.88602503
0.01252135, 0.4719604, 0.01048549
-0.86669517, -0.27829829, 0.41392255
0.23740646, 0.8872336
0.012564, 0.44684917, -0.00592219
-0.87337869, -0.28162479, -0.39728996
0.27214003, 0.85833015
0.01256183, 0.44776994, 0.01047408
-0.86877042, 0.27542955, 0.41148105
0.23741245, 0.85939638
0.01260427, 0.4227823, -0.00593073
-0.85888243, 0.27216408, -0.43382061
0.27214003, 0.83063515
0.01260231, 0.42357937, 0.01046265
-0.86669517, -0.27829829, 0.41392255
0.2374185, 0.83155899
0.01264455, 0.39871565, -0.00593928
-0.87337869, -0.28162479, -0.39732048
0.27214003, 0.80294029
0.01264279, 0.39938891, 0.01045123
-0.86877042, 0.27542955, 0.41148105
0.23742455, 0.80372168
0.01268327, 0.37519836, 0.01043978
-0.86669517, -0.27829829, 0.41392255
0.23743066, 0.77588426
0.0212052, 0.18212943, -0.00601576
0.57972962, -0.56773585, -0.58442944
0.13811657, 0.94240712
0.02116493, 0.20619625, -0.00600722
0.87435532, -0.27872553, -0.39722893
0.13811654, 0.91471212
0.02116483, 0.2058787, 0.01036012
0.86782432, 0.27835932, 0.41151157
0.1034494, 0.91507094
0.02112466, 0.2302628, -0.00599869
0.85799736, 0.27506334, -0.43375957
0.13811654, 0.88701741
0.02112435, 0.23006929, 0.01037153
0.86761069, -0.27539903, 0.41398358
0.10344338, 0.88723354
0.02108438, 0.25432935, -0.00599016
0.8743248, -0.27872553, -0.39722893
0.13811654, 0.85932271
0.02108387, 0.25425974, 0.01038297
0.86782432, 0.27835932, 0.41154209
0.1034373, 0.85939623
0.02104411, 0.27839619, -0.00598162
0.85799736, 0.27503282, -0.43375957
0.13811654, 0.83162768
0.02104339, 0.27845028, 0.01039439
0.86761069, -0.27539903, 0.41398358
0.10343128, 0.83155887
0.02100384, 0.30246288, -0.00597308
0.87435532, -0.27872553, -0.39722893
0.13811651, 0.80393283
0.02100291, 0.30264074, 0.01040583
0.86782432, 0.27835932, 0.41154209
0.1034252, 0.80372153
0.02096356, 0.32652953, -0.00596455
0.85799736, 0.27506334, -0.43375957
0.13811651, 0.77623798
0.02088302, 0.37466267, -0.00594749
0.85799736, 0.27506334, -0.43375957
0.13811651, 0.72084856
0.02088148, 0.37521204, 0.0104401
0.86761069, -0.27539903, 0.41398358
0.10340711, 0.72020978
0.02084275, 0.3987295, -0.00593895
0.87435532, -0.27872553, -0.39722893
0.13811651, 0.69315356
0.02084099, 0.3994025, 0.01045153
0.86782432, 0.27835932, 0.41151157
0.10340106, 0.69237244
0.02080248, 0.42279619, -0.00593041
0.85799736, 0.27506334, -0.43375957
0.13811648, 0.66545862
0.02080051, 0.4235931, 0.01046296
0.86761069, -0.27539903, 0.41398358
0.10339499, 0.66453505
0.0207622, 0.44686276, -0.00592189
0.8743248, -0.27872553, -0.39722893
0.13811648, 0.63776392
0.02076003, 0.44778353, 0.01047438
0.86782432, 0.27835932, 0.41151157
0.10338897, 0.63669783
0.02072193, 0.47092944, -0.00591334
0.85799736, 0.27503282, -0.43375957
0.13811648, 0.6100691
0.02071956, 0.4719741, 0.01048582
0.86761069, -0.27539903, 0.41398358
0.10338295, 0.60886043
0.01276536, 0.32651567, -0.00596486
-0.85888243, 0.27216408, -0.43382061
0.27213997, 0.7198559
0.01276423, 0.32681742, 0.01041694
-0.86669517, -0.27829829, 0.41392255
0.23744267, 0.72020978
0.01280563, 0.30244899, -0.0059734
-0.87337869, -0.28162479, -0.39732048
0.27214003, 0.69216108
0.01280471, 0.302627, 0.0104055
-0.86877042, 0.27542955, 0.41145054
0.23744875, 0.6923725
0.01284591, 0.2783823, -0.00598194
-0.85888243, 0.27216408, -0.43382061
0.27214003, 0.6644662
0.01284519, 0.27843645, 0.01039408
-0.86669517, -0.27829829, 0.41392255
0.23745477, 0.66453511
0.01288617, 0.25431573, -0.00599047
-0.87337869, -0.28162479, -0.39728996
0.27214009, 0.6367715
0.01288567, 0.254246, 0.01038265
-0.86877042, 0.27542955, 0.41145054
0.23746085, 0.63669783
0.01292645, 0.23024908, -0.00599901
-0.85888243, 0.27216408, -0.43382061
0.27214009, 0.60907668
0.01292615, 0.23005542, 0.01037123
-0.86669517, -0.27829829, 0.41392255
0.23746687, 0.60886043
0.02088148, 0.37521204, 0.0104401
0.86761069, -0.27539903, 0.41398358
0.34053439, 0.76281588
0.01268327, 0.37519836, 0.01043978
-0.86669517, -0.27829829, 0.41392255
0.32317019, 0.76281588
0.01272375, 0.35100803, 0.01042837
-0.86877042, 0.27542955, 0.41148105
0.32317019, 0.79064269
0.01828018, 0.51019609, -0.02999573
0.56221199, 0.4604938, -0.68688011
0.3629331, 0.83584036
0.01483591, 0.51019025, -0.02999588
-0.56370741, 0.45860165, -0.68691063
0.37022829, 0.83584036
0.01244318, 0.51904917, -0.00589659
-0.70693076, 0.34113589, 0.61952573
0.37526292, 0.80777045
0.02080051, 0.4235931, 0.01046296
0.86761069, -0.27539903, 0.41398358
0.35802442, 0.94290821
0.01260231, 0.42357937, 0.01046265
-0.86669517, -0.27829829, 0.41392255
0.37538868, 0.94290815
0.01264279, 0.39938891, 0.01045123
-0.86877042, 0.27542955, 0.41148105
0.37538868, 0.91508122
0.01483591, 0.51019025, -0.02999588
-0.56370741, 0.45860165, -0.68691063
0.32317013, 0.93121706
0.01485199, 0.50058061, -0.02999757
-0.55528426, -0.50547808, -0.6603595
0.32316643, 0.92015882
0.02071956, 0.4719741, 0.01048582
0.86761069, -0.27539903, 0.41398358
0.35789877, 0.80801328
0.01252135, 0.4719604, 0.01048549
-0.86669517, -0.27829829, 0.41392255
0.34053445, 0.80801319
0.01256183, 0.44776994, 0.01047408
-0.86877042, 0.27542955, 0.41148105
0.34053451, 0.83584015
0.01483591, 0.51019025, -0.02999588
-0.56370741, 0.45860165, -0.68691063
0.3651939, 0.74119157
0.01828018, 0.51019609, -0.02999573
0.56221199, 0.4604938, -0.68688011
0.35789877, 0.74119145
0.01829627, 0.50058633, -0.02999744
0.55702382, -0.50364697, -0.66032898
0.35789877, 0.75224946
0.01244318, 0.51904917, -0.00589659
-0.61131626, 0.16940825, 0.77300334
0.05512315, 0.94290821
0.01264455, 0.39871565, -0.00593928
-0.87337869, -0.28162479, -0.39732048
0.37526304, 0.75224961
0.02084275, 0.3987295, -0.00593895
0.87435532, -0.27872553, -0.39722893
0.35789877, 0.75224943
0.02088302, 0.37466267, -0.00594749
0.85799736, 0.27506334, -0.43375957
0.35789877, 0.77994327
0.012564, 0.44684917, -0.00592219
-0.87337869, -0.28162479, -0.39728996
0.39275295, 0.91521434
0.0207622, 0.44686276, -0.00592189
0.8743248, -0.27872553, -0.39722893
0.37538868, 0.91521446
0.02080248, 0.42279619, -0.00593041
0.85799736, 0.27506334, -0.43375957
0.37538868, 0.94290803
0.0124404, 0.52034134, 0.01050836
-0.29834896, 0.09720145, 0.94949186
0.42748147, 0.89243962
0.02063859, 0.52035511, 0.01050869
0.29798272, 0.09820856, 0.94949186
0.41011721, 0.89243962
0.01817577, 0.54116946, 0.00605783
0.55217141, 0.64946443, 0.52275157
0.41526002, 0.91652624
0.01252373, 0.47091582, -0.00591367
-0.85888243, 0.27216408, -0.43382061
0.3926273, 0.77994315
0.01248346, 0.49498254, -0.00590513
-0.87337869, -0.28162479, -0.39728996
0.3926273, 0.75224943
0.02068166, 0.49499601, -0.00590482
0.8743248, -0.27872553, -0.39725944
0.37526304, 0.75224976
0.0185546, 0.34476417, 0.03287795
0.55699331, 0.49855036, 0.66420484
0.40179551, 0.90198438
0.01511033, 0.34475842, 0.03287783
-0.55870235, 0.49665824, 0.66417432
0.39450032, 0.90198426
0.01512935, 0.33338213, 0.03320104
-0.55488753, -0.4780114, 0.68083745
0.39450032, 0.91508098
0.0185546, 0.34476417, 0.03287795
0.55699331, 0.49855036, 0.66420484
0.05585247, 0.75522305
0.01857362, 0.33338785, 0.03320115
0.55644399, -0.4761498, 0.68086797
0.05515939, 0.76831429
0.01511033, 0.34475842, 0.03287783
-0.55870235, 0.49665824, 0.66417432
0.43239045, 0.78470324
0.0185546, 0.34476417, 0.03287795
0.55699331, 0.49855036, 0.66420484
0.43968558, 0.78470324
0.02092195, 0.35102147, 0.01042867
0.86782432, 0.27835932, 0.41151157
0.44472021, 0.75913467
0.01512935, 0.33338213, 0.03320104
-0.55488753, -0.4780114, 0.68083745
0.18918291, 0.72777981
0.01511033, 0.34475842, 0.03287783
-0.55870235, 0.49665824, 0.66417432
0.18987602, 0.74087107
0.01857362, 0.33338785, 0.03320115
0.55644399, -0.4761498, 0.68086797
0.41515183, 0.94290821
0.01512935, 0.33338213, 0.03320104
-0.55488753, -0.4780114, 0.68083745
0.42244703, 0.94290821
0.01276423, 0.32681742, 0.01041694
-0.86669517, -0.27829829, 0.41392255
0.42748147, 0.9165263
0.01879747, 0.19962136, 0.03280939
0.55699331, 0.49851984, 0.66420484
0.3726148, 0.9019842
0.01535319, 0.19961566, 0.03280925
-0.55870235, 0.49668875, 0.66417432
0.36531961, 0.90198414
0.01537223, 0.18823922, 0.03313246
-0.55491805, -0.4780114, 0.68083745
0.36531961, 0.91508101
0.01879747, 0.19962136, 0.03280939
0.55699331, 0.49851984, 0.66420484
0.05588874, 0.92224686
0.01881649, 0.18824492, 0.03313258
0.55644399, -0.4761498, 0.68086797
0.05519569, 0.93533824
0.02120531, 0.18168826, 0.01034868
0.684286, -0.71913815, 0.1207007
0.10345545, 0.94290821
0.01535319, 0.19961566, 0.03280925
-0.55870235, 0.49668875, 0.66417432
0.43981111, 0.91733967
0.01879747, 0.19962136, 0.03280939
0.55699331, 0.49851984, 0.66420484
0.43251592, 0.91733967
0.02116483, 0.2058787, 0.01036012
0.86782432, 0.27835932, 0.41151157
0.42748147, 0.94290821
0.01537223, 0.18823922, 0.03313246
-0.55491805, -0.4780114, 0.68083745
0.18921921, 0.56075597
0.01535319, 0.19961566, 0.03280925
-0.55870235, 0.49668875, 0.66417432
0.18991229, 0.57384735
0.01881649, 0.18824492, 0.03313258
0.55644399, -0.4761498, 0.68086797
0.33549982, 0.84678288
0.01537223, 0.18823922, 0.03313246
-0.55491805, -0.4780114, 0.68083745
0.32820469, 0.84678285
0.01300711, 0.18167467, 0.01034837
-0.68190557, -0.72139651, 0.12063967
0.32317019, 0.87316476
0.01871652, 0.24800211, 0.03283224
0.55699331, 0.49851984, 0.66420484
0.4090907, 0.90198453
0.01527224, 0.24799654, 0.03283211
-0.55867183, 0.49668875, 0.66417432
0.40179551, 0.90198429
0.01529126, 0.23662023, 0.03315531
-0.55491805, -0.4780114, 0.68083745
0.40179551, 0.91508101
0.01871652, 0.24800211, 0.03283224
0.55699331, 0.49851984, 0.66420484
0.05587667, 0.86657248
0.01873554, 0.23662595, 0.03315543
0.55644399, -0.4761498, 0.68086797
0.05518359, 0.87966354
0.01527224, 0.24799654, 0.03283211
-0.55867183, 0.49668875, 0.66417432
0.43239057, 0.81027181
0.01871652, 0.24800211, 0.03283224
0.55699331, 0.49851984, 0.66420484
0.43968576, 0.81027178
0.02108387, 0.25425974, 0.01038297
0.86782432, 0.27835932, 0.41154209
0.44472021, 0.78470324
0.01529126, 0.23662023, 0.03315531
-0.55491805, -0.4780114, 0.68083745
0.18920711, 0.61643064
0.01527224, 0.24799654, 0.03283211
-0.55867183, 0.49668875, 0.66417432
0.18990019, 0.62952185
0.01873554, 0.23662595, 0.03315543
0.55644399, -0.4761498, 0.68086797
0.32820475, 0.76281585
0.01529126, 0.23662023, 0.03315531
-0.55491805, -0.4780114, 0.68083745
0.33549988, 0.76281588
0.01292615, 0.23005542, 0.01037123
-0.86669517, -0.27829829, 0.41392255
0.34053439, 0.73643398
0.01865458, 0.28500682, 0.03317829
0.55644399, -0.4761498, 0.68086797
0.38720512, 0.91508107
0.01863555, 0.29638326, 0.03285509
0.55696279, 0.49855036, 0.66420484
0.38720512, 0.9019842
0.01519128, 0.29637742, 0.03285497
-0.55870235, 0.49665824, 0.66417432
0.37990993, 0.90198429
0.01863555, 0.29638326, 0.03285509
0.55696279, 0.49855036, 0.66420484
0.05586457, 0.81089766
0.01865458, 0.28500682, 0.03317829
0.55644399, -0.4761498, 0.68086797
0.05517149, 0.82398899
0.01280471, 0.302627, 0.0104055
-0.86877042, 0.27542955, 0.41145054
0.44472021, 0.75913467
0.01519128, 0.29637742, 0.03285497
-0.55870235, 0.49665824, 0.66417432
0.43968564, 0.73356611
0.01863555, 0.29638326, 0.03285509
0.55696279, 0.49855036, 0.66420484
0.43239045, 0.73356611
0.01521031, 0.2850011, 0.03317817
-0.55491805, -0.4780114, 0.68083745
0.18919504, 0.67210513
0.01519128, 0.29637742, 0.03285497
-0.55870235, 0.49665824, 0.66417432
0.18988812, 0.68519634
0.01865458, 0.28500682, 0.03317829
0.55644399, -0.4761498, 0.68086797
0.41502613, 0.80763696
0.01521031, 0.2850011, 0.03317817
-0.55491805, -0.4780114, 0.68083745
0.42232126, 0.80763696
0.01284519, 0.27843645, 0.01039408
-0.86669517, -0.27829829, 0.41392255
0.42735589, 0.78125508
0.01847364, 0.39314502, 0.0329008
0.55699331, 0.49851984, 0.66420484
0.39450032, 0.90198438
0.01502936, 0.39313945, 0.03290068
-0.55867183, 0.49668875, 0.66417432
0.38720518, 0.90198423
0.01504839, 0.38176301, 0.03322388
-0.55488753, -0.4780114, 0.68083745
0.38720518, 0.91508107
0.01847364, 0.39314502, 0.0329008
0.55699331, 0.49851984, 0.66420484
0.05584043, 0.69954854
0.01849266, 0.38176885, 0.033224
0.55644399, -0.4761498, 0.68086797
0.05514732, 0.71263957
0.01502936, 0.39313945, 0.03290068
-0.55867183, 0.49668875, 0.66417432
0.41502607, 0.75368185
0.01847364, 0.39314502, 0.0329008
0.55699331, 0.49851984, 0.66420484
0.42232126, 0.75368185
0.02084099, 0.3994025, 0.01045153
0.86782432, 0.27835932, 0.41151157
0.42735583, 0.72811329
0.01504839, 0.38176301, 0.03322388
-0.55488753, -0.4780114, 0.68083745
0.18917081, 0.78345434
0.01502936, 0.39313945, 0.03290068
-0.55867183, 0.49668875, 0.66417432
0.18986395, 0.79654567
0.02088148, 0.37521204, 0.0104401
0.86761069, -0.27539903, 0.41398358
0.40999156, 0.75368185
0.01849266, 0.38176885, 0.033224
0.55644399, -0.4761498, 0.68086797
0.41502607, 0.78006376
0.01504839, 0.38176301, 0.03322388
-0.55488753, -0.4780114, 0.68083745
0.4223212, 0.78006376
0.0184117, 0.43014973, 0.03324687
0.55644399, -0.4761498, 0.68086797
0.3726148, 0.9019842
0.01839268, 0.44152617, 0.03292367
0.55696279, 0.49855036, 0.66420484
0.3726148, 0.91508107
0.01494841, 0.44152036, 0.03292353
-0.55870235, 0.49665824, 0.66417432
0.37990993, 0.91508101
0.01839268, 0.44152617, 0.03292367
0.55696279, 0.49855036, 0.66420484
0.05582833, 0.64387369
0.0184117, 0.43014973, 0.03324687
0.55644399, -0.4761498, 0.68086797
0.05513522, 0.65696502
0.01494841, 0.44152036, 0.03292353
-0.55870235, 0.49665824, 0.66417432
0.43239051, 0.83584036
0.01839268, 0.44152617, 0.03292367
0.55696279, 0.49855036, 0.66420484
0.4396857, 0.83584036
0.02076003, 0.44778353, 0.01047438
0.86782432, 0.27835932, 0.41151157
0.44472021, 0.81027178
0.01496743, 0.43014404, 0.03324672
-0.55491805, -0.4780114, 0.68083745
0.18915883, 0.8391289
0.01494841, 0.44152036, 0.03292353
-0.55870235, 0.49665824, 0.66417432
0.18985182, 0.85222028
0.0184117, 0.43014973, 0.03324687
0.55644399, -0.4761498, 0.68086797
0.43239039, 0.89198022
0.01496743, 0.43014404, 0.03324672
-0.55491805, -0.4780114, 0.68083745
0.43968552, 0.89198016
0.01260231, 0.42357937, 0.01046265
-0.86669517, -0.27829829, 0.41392255
0.44471997, 0.86559828
0.01833075, 0.47853079, 0.03326971
0.55644399, -0.4761498, 0.68086797
0.35802442, 0.90198426
0.01831171, 0.48990721, 0.03294652
0.55696279, 0.49855036, 0.66420484
0.35802442, 0.91508107
0.01486744, 0.48990136, 0.03294639
-0.55870235, 0.49665824, 0.66417432
0.36531961, 0.91508095
0.01831171, 0.48990721, 0.03294652
0.55696279, 0.49855036, 0.66420484
0.05581623, 0.58819896
0.01833075, 0.47853079, 0.03326971
0.55644399, -0.4761498, 0.68086797
0.05512315, 0.6012904
0.01248087, 0.49615097, 0.01049694
-0.86877042, 0.27542955, 0.41145054
0.34053445, 0.72692358
0.01486744, 0.48990136, 0.03294639
-0.55870235, 0.49665824, 0.66417432
0.34556907, 0.75249214
0.01831171, 0.48990721, 0.03294652
0.55696279, 0.49855036, 0.66420484
0.35286421, 0.75249214
0.01488647, 0.47852492, 0.03326958
-0.55488753, -0.4780114, 0.68083745
0.18914667, 0.89480351
0.01486744, 0.48990136, 0.03294639
-0.55870235, 0.49665824, 0.66417432
0.18983978, 0.90789489
0.02071956, 0.4719741, 0.01048582
0.86761069, -0.27539903, 0.41398358
0.40999156, 0.80945845
0.01833075, 0.47853079, 0.03326971
0.55644399, -0.4761498, 0.68086797
0.41502607, 0.83584036
0.01488647, 0.47852492, 0.03326958
-0.55488753, -0.4780114, 0.68083745
0.42232126, 0.83584036
0.02112466, 0.2302628, -0.00599869
0.85799736, 0.27506334, -0.43375957
0.35789877, 0.8639103
0.01876345, 0.22139594, -0.03009814
0.56224251, 0.4604938, -0.68688011
0.36293328, 0.89198022
0.01531917, 0.22139023, -0.03009828
-0.56370741, 0.45860165, -0.68691063
0.37022841, 0.89198022
0.01877953, 0.21178643, -0.03009983
0.55702382, -0.50361645, -0.66032898
0.18914306, 0.90827315
0.01876345, 0.22139594, -0.03009814
0.56224251, 0.4604938, -0.68688011
0.18914664, 0.89721493
0.01296672, 0.20618252, -0.00600753
-0.87337869, -0.28162479, -0.39732048
0.3926273, 0.80826716
0.01533525, 0.21178059, -0.03009998
-0.55525374, -0.5055086, -0.66039002
0.39766186, 0.83584036
0.01877953, 0.21178643, -0.03009983
0.55702382, -0.50361645, -0.66032898
0.404957, 0.83584033
0.01525472, 0.25991395, -0.03008291
-0.55528426, -0.50547808, -0.66039002
0.43477672, 0.90349732
0.01523863, 0.26952347, -0.03008122
-0.56370741, 0.45863217, -0.68691063
0.43477666, 0.89243962
0.01868291, 0.26952916, -0.03008107
0.56224251, 0.4604938, -0.68688011
0.42748147, 0.89243965
0.01523863, 0.26952347, -0.03008122
-0.56370741, 0.45863217, -0.68691063
0.32317013, 0.6542688
0.01525472, 0.25991395, -0.03008291
-0.55528426, -0.50547808, -0.66039002
0.32316655, 0.64321065
0.01868291, 0.26952916, -0.03008107
0.56224251, 0.4604938, -0.68688011
0.32820469, 0.81871293
0.01523863, 0.26952347, -0.03008122
-0.56370741, 0.45863217, -0.68691063
0.33549982, 0.81871293
0.01284591, 0.2783823, -0.00598194
-0.85888243, 0.27216408, -0.43382061
0.34053445, 0.79064302
0.01869899, 0.25991967, -0.03008278
0.55702382, -0.50364697, -0.66032898
0.18914306, 0.85288353
0.01868291, 0.26952916, -0.03008107
0.56224251, 0.4604938, -0.68688011
0.18914664, 0.84182538
0.01288617, 0.25431573, -0.00599047
-0.87337869, -0.28162479, -0.39728996
0.40999156, 0.86440699
0.01525472, 0.25991395, -0.03008291
-0.55528426, -0.50547808, -0.66039002
0.41502613, 0.89198022
0.01869899, 0.25991967, -0.03008278
0.55702382, -0.50364697, -0.66032898
0.42232138, 0.89198022
0.01515809, 0.31765699, -0.03006414
-0.56370741, 0.45863217, -0.68691063
0.39992249, 0.74143255
0.01860237, 0.31766269, -0.03006401
0.56224251, 0.4604938, -0.68688011
0.3926273, 0.74143261
0.01861844, 0.30805305, -0.0300657
0.55702382, -0.50361645, -0.66032898
0.3926273, 0.75249048
0.01515809, 0.31765699, -0.03006414
-0.56370741, 0.45863217, -0.68691063
0.32317013, 0.70965862
0.01517417, 0.30804721, -0.03006585
-0.55525374, -0.5055086, -0.66039002
0.32316655, 0.69860011
0.02096356, 0.32652953, -0.00596455
0.85799736, 0.27506334, -0.43375957
0.34053445, 0.83584036
0.01860237, 0.31766269, -0.03006401
0.56224251, 0.4604938, -0.68688011
0.34556884, 0.8639103
0.01515809, 0.31765699, -0.03006414
-0.56370741, 0.45863217, -0.68691063
0.35286403, 0.8639103
0.01861844, 0.30805305, -0.0300657
0.55702382, -0.50361645, -0.66032898
0.189143, 0.79749383
0.01860237, 0.31766269, -0.03006401
0.56224251, 0.4604938, -0.68688011
0.18914664, 0.78643547
0.01517417, 0.30804721, -0.03006585
-0.55525374, -0.5055086, -0.66039002
0.39766175, 0.80763696
0.01861844, 0.30805305, -0.0300657
0.55702382, -0.50361645, -0.66032898
0.40495694, 0.80763696
0.02100384, 0.30246288, -0.00597308
0.87435532, -0.27872553, -0.39722893
0.40999156, 0.78006376
0.01509362, 0.35618046, -0.03004878
-0.55525374, -0.5055086, -0.66039002
0.3651939, 0.74119145
0.01507754, 0.36579025, -0.03004707
-0.56370741, 0.45863217, -0.68691063
0.3651939, 0.75224946
0.01852182, 0.36579591, -0.03004693
0.56224251, 0.4604938, -0.68688011
0.37248909, 0.7522494
0.01507754, 0.36579025, -0.03004707
-0.56370741, 0.45863217, -0.68691063
0.32317007, 0.76504819
0.01509362, 0.35618046, -0.03004878
-0.55525374, -0.5055086, -0.66039002
0.32316649, 0.75398971
0.02088302, 0.37466267, -0.00594749
0.85799736, 0.27506334, -0.43375957
0.35789871, 0.89198016
0.01852182, 0.36579591, -0.03004693
0.56224251, 0.4604938, -0.68688011
0.35286421, 0.8639103
0.01507754, 0.36579025, -0.03004707
-0.56370741, 0.45863217, -0.68691063
0.34556907, 0.8639103
0.01853789, 0.35618627, -0.03004865
0.55702382, -0.50361645, -0.66032898
0.18914303, 0.74210429
0.01852182, 0.36579591, -0.03004693
0.56224251, 0.4604938, -0.68688011
0.18914658, 0.7310459
0.01509362, 0.35618046, -0.03004878
-0.55525374, -0.5055086, -0.66039002
0.39778757, 0.94290821
0.01853789, 0.35618627, -0.03004865
0.55702382, -0.50361645, -0.66032898
0.40508264, 0.94290821
0.0209233, 0.3505961, -0.00595602
0.87435532, -0.27872553, -0.39722893
0.41011721, 0.91533504
0.014997, 0.4139235, -0.03003001
-0.56370741, 0.45860165, -0.68691063
0.38255823, 0.75224937
0.01844127, 0.41392931, -0.03002987
0.56221199, 0.4604938, -0.68688011
0.38985342, 0.7522494
0.01845735, 0.40431967, -0.03003157
0.55702382, -0.50364697, -0.66032898
0.38985342, 0.74119163
0.014997, 0.4139235, -0.03003001
-0.56370741, 0.45860165, -0.68691063
0.32317007, 0.82043774
0.01501308, 0.40431395, -0.03003172
-0.55528426, -0.50547808, -0.66039002
0.32316649, 0.80937956
0.01844127, 0.41392931, -0.03002987
0.56221199, 0.4604938, -0.68688011
0.36293328, 0.86391024
0.014997, 0.4139235, -0.03003001
-0.56370741, 0.45860165, -0.68691063
0.37022847, 0.8639103
0.01260427, 0.4227823, -0.00593073
-0.85888243, 0.27216408, -0.43382061
0.37526298, 0.83584036
0.01845735, 0.40431967, -0.03003157
0.55702382, -0.50364697, -0.66032898
0.189143, 0.68671453
0.01844127, 0.41392931, -0.03002987
0.56221199, 0.4604938, -0.68688011
0.18914661, 0.67565626
0.01264455, 0.39871565, -0.00593928
-0.87337869, -0.28162479, -0.39732048
0.3926273, 0.75249057
0.01501308, 0.40431395, -0.03003172
-0.55528426, -0.50547808, -0.66039002
0.39766169, 0.78006376
0.01845735, 0.40431967, -0.03003157
0.55702382, -0.50364697, -0.66032898
0.40495694, 0.78006376
0.01493254, 0.45244732, -0.03001463
-0.55528426, -0.50547808, -0.66039002
0.39992243, 0.74143273
0.01491645, 0.46205696, -0.03001294
-0.56370741, 0.45863217, -0.68691063
0.39992249, 0.75249057
0.01836072, 0.46206257, -0.03001282
0.56224251, 0.4604938, -0.68688011
0.40721762, 0.75249036
0.01491645, 0.46205696, -0.03001294
-0.56370741, 0.45863217, -0.68691063
0.32317007, 0.87582754
0.01493254, 0.45244732, -0.03001463
-0.55528426, -0.50547808, -0.66039002
0.32316643, 0.86476924
0.02072193, 0.47092944, -0.00591334
0.85799736, 0.27503282, -0.43375957
0.32317019, 0.81871293
0.01836072, 0.46206257, -0.03001282
0.56224251, 0.4604938, -0.68688011
0.32820469, 0.84678285
0.01491645, 0.46205696, -0.03001294
-0.56370741, 0.45863217, -0.68691063
0.33549982, 0.84678285
0.01837681, 0.45245293, -0.0300145
0.55699331, -0.50364697, -0.66032898
0.18914297, 0.63132495
0.01836072, 0.46206257, -0.03001282
0.56224251, 0.4604938, -0.68688011
0.18914661, 0.62026662
0.012564, 0.44684917, -0.00592219
-0.87337869, -0.28162479, -0.39728996
0.3926273, 0.83657996
0.01493254, 0.45244732, -0.03001463
-0.55528426, -0.50547808, -0.66039002
0.39766186, 0.86415316
0.01837681, 0.45245293, -0.0300145
0.55699331, -0.50364697, -0.66032898
0.40495706, 0.86415313
0.01244318, 0.51904917, -0.00589659
-0.61131626, 0.16940825, 0.77300334
0.3580243, 0.89198022
0.0124404, 0.52034134, 0.01050836
-0.29834896, 0.09720145, 0.94949186
0.32317019, 0.89198025
0.01483389, 0.54116392, 0.0060577
-0.55436873, 0.64763331, 0.52269053
0.32909721, 0.91627638
-0.05281283, 0.04528768, -0.018371
-0.87557602, 0.34156317, -0.34156317
0.60256368, 0.78217539
-0.00461115, 0.04528768, 0.02983068
0.34156317, 0.34156317, 0.87557602
0.7718243, 0.78217539
-0.05281283, 0.03480481, 0.02214636
-0.87557602, -0.34156317, 0.34156317
0.74001855, 0.78217539
-0.04512851, 0.03480481, -0.02605532
-0.34156317, -0.34156317, -0.87557602
0.54050976, 0.80872595
-0.05281283, 0.04528768, -0.018371
-0.87557602, 0.34156317, -0.34156317
0.97133309, 0.9487198
-0.03715857, 0.09408905, -0.05150003
-0.69258708, -0.69258708, 0.20154424
0.29148027, 0.15863824
-0.03715857, 0.09408905, -0.06404825
-0.57734919, -0.57734919, -0.57734919
0.24293116, 0.1430676
-0.03715857, 0.13306238, -0.06404825
-0.57734919, 0.57734919, -0.57734919
0.33629766, 0.34697175
-0.03715857, 0.13306238, -0.06404825
-0.57734919, 0.57734919, -0.57734919
0.04144248, 0.16902137
-0.02685975, 0.12276355, -0.02090698
-0.47572252, 0.47572252, 0.7397992
0.38484547, 0.35850346
-0.00848406, 0.12276355, -0.02090698
0.47572252, 0.47572252, 0.7397992
0.37056985, 0.40076971
0.02936048, 0.18425159, 0.02910588
0.57734919, 0.57734919, 0.57734919
0.1320543, 0.16902685
0.01103872, 0.07686841, 0.02910588
-0.29340494, -0.78524125, 0.54521316
0.24293116, 0.33063793
0.01103872, 0.07686841, -0.02533052
-0.29340494, -0.78524125, -0.54521316
0.33400467, 0.21590626
0.01103871, 0.18425159, -0.02533052
-0.57734919, 0.57734919, -0.57734919
0.13192731, 0.16902685
0.02936048, 0.18425159, 0.02910588
0.57734919, 0.57734919, 0.57734919
0.24336877, 0.19709587
0.01103871, 0.18425159, -0.02533052
-0.57734919, 0.57734919, -0.57734919
0.10923189, 0.30236924
-0.05934041, 0.17738514, -0.0373733
-0.73384809, 0.57094026, -0.36805323
0.42279366, 0.22822535
0.01480231, 0.16431288, 0.03014708
-0.73531294, 0.5932188, -0.32758567
0.42233142, 0.37484396
-0.0456675, 0.16921104, -0.03025468
0.24335459, -0.50648516, 0.82717371
0.4224287, 0.09630275
0.02465126, 0.15681301, 0.04114866
0.73384809, -0.57094026, 0.36805323
0.24218276, 0.22838748
-0.04624779, 0.17901959, -0.03413763
0.27350688, 0.92971587, 0.246498
0.09104401, 0.0794245
-0.06032593, 0.1717955, -0.0373733
-0.88485366, -0.28553116, -0.36805323
0.13748232, 0.32581985
0.00999282, 0.15939747, 0.03403004
-0.40189826, -0.39271218, -0.82717371
0.22406083, 0.23722053
-0.05484223, 0.18053488, 0.04114866
-0.18436232, 0.92156744, 0.34156317
0.4224287, 0.07863235
-0.05398965, 0.16673549, 0.03791298
-0.07431257, -0.99227881, -0.0990936
0.30822363, 0.11245465
0.0218128, 0.16307686, 0.04503161
0.43797112, 0.36432996, 0.82183295
0.4137086, 0.4545666
0.02465126, 0.15681301, -0.0373733
0.80294198, -0.48841822, -0.34156317
0.36709759, 0.21590614
0.02015308, 0.15366325, -0.0373733
0.18436232, -0.92156744, -0.34156317
0.37193426, 0.21108425
-0.05165571, 0.17997307, 0.03791298
0.26950896, 0.95785391, -0.0990936
0.29148027, 0.11245477
-0.0456675, 0.16921104, -0.03025468
0.24335459, -0.50648516, 0.82717371
0.10330555, 0.08409941
0.01696655, 0.15422507, -0.03413763
-0.26950896, -0.95785391, 0.0990936
0.43490377, 0.45459008
0.01352997, -0.01190561, 0.01028477
-0.37290567, 0.20676289, 0.90450758
0.17931324, 0.07738161
0.01352997, -0.01190561, -0.00650941
-0.37290567, 0.20676289, -0.90450758
0.41022125, 0.22806013
-0.0111922, -0.01899073, 0.01028476
0.20676289, 0.37290567, 0.90450758
0.15839723, 0.06125271
0.00252021, 0.0265109, -0.00650941
-0.20676289, -0.37290567, -0.90450758
0.17931324, 0.1086241
0.00252021, 0.0265109, 0.01028477
-0.20676289, -0.37290567, 0.90450758
0.35580352, 0.2611779
0.01352997, -0.01190561, 0.01028477
-0.37290567, 0.20676289, 0.90450758
0.36335662, 0.31022865
0.02509646, -0.02037882, -0.00650941
0.71404159, -0.39594713, -0.57734919
0.3974708, 0.17613614
0.02509646, -0.02037882, -0.00650941
0.71404159, -0.39594713, -0.57734919
0.08326039, 0.06319904
-0.01651487, -0.03230417, -0.00650941
-0.39594713, -0.71404159, -0.57734919
0.1493189, 0.10883772
0.00252021, 0.0265109, -0.00650941
-0.20676289, -0.37290567, -0.90450758
0.18210354, 0.17829776
0.01493602, 0.05932774, -0.00650941
0.67793816, 0.47480696, -0.56117433
0.04144159, 0.06171381
0.01493602, 0.05932774, -0.00650941
0.67793816, 0.47480696, -0.56117433
0.20261407, 0.21677232
0.01496753, 0.09055988, 0.00188768
0.99957275, 0.02874844, 0.0
0.84432316, 0.13399851
-0.02999066, 0.05140651, -0.03726571
-0.53703421, -0.55021822, -0.63936275
0.51668143, 0.48134989
-0.02999067, 0.05140651, 0.04104107
-0.53703421, -0.55021822, 0.63936275
0.72112334, 0.48134995
-0.02548142, 0.12971327, -0.0297867
-0.51579332, 0.54716635, -0.65919983
0.53620756, 0.27503061
-0.03340376, 0.05557107, -0.01730354
-0.75746942, -0.56965852, -0.31885737
0.67120945, 0.22697413
-0.03340377, 0.12554871, -0.01730354
-0.76595354, 0.58705407, -0.26194036
0.6195758, 0.22697413
-0.05308981, 0.05874137, 0.01988851
-0.63377786, -0.52735984, 0.56581318
0.51668143, 0.21846312
0.00397951, 0.14319845, 0.04023781
-0.7008881, -0.01986755, 0.71297342
0.39944956, 0.24287498
0.01722216, 0.05140652, -0.03726571
0.58967865, -0.53715628, -0.60304576
0.96760058, 0.23756641
-0.02999066, 0.05140651, -0.03726571
-0.53703421, -0.55021822, -0.63936275
0.84436202, 0.23756635
-0.02999067, 0.05140651, 0.04104107
-0.53703421, -0.55021822, 0.63936275
0.7211234, 0.03043085
0.00397951, 0.14327198, 0.03356206
-0.94268626, 0.26636556, 0.20090334
0.75575244, 0.48134995
0.01496753, 0.09055988, -0.0335262
0.71752065, 0.03555406, -0.69557786
0.22301996, 0.22356939
0.00397951, 0.19030325, -0.03646246
-0.54280221, -0.23279519, -0.80690938
0.40893623, 0.45459008
-0.01571752, 0.20885096, 0.04023781
-0.81621754, 0.13733329, 0.56114382
0.41022125, 0.32731092
0.02063859, 0.52035511, 0.01050869
0.29798272, 0.09820856, 0.94949186
0.35802442, 0.91744415
0.01248087, 0.49615097, 0.01049694
-0.86877042, 0.27542955, 0.41145054
0.39262724, 0.83608331
0.01817552, 0.54151636, -0.00246064
0.54637289, 0.65681934, -0.51963866
0.36510265, 0.89198022
0.01276536, 0.32651567, -0.00596486
-0.85888243, 0.27216408, -0.43382061
0.37526304, 0.77994327
0.01300699, 0.18211569, -0.00601608
-0.57777643, -0.56965852, -0.58445996
0.37526298, 0.80814649
0.02064139, 0.51906276, -0.00589628
0.61073643, 0.17145298, 0.77300334
0.44472003, 0.83840363
0.02112466, 0.2302628, -0.00599869
0.85799736, 0.27506334, -0.43375957
0.3926273, 0.89198022
0.01284591, 0.2783823, -0.00598194
-0.85888243, 0.27216408, -0.43382061
0.34053451, 0.75249214
0.01533525, 0.21178059, -0.03009998
-0.55525374, -0.5055086, -0.66039002
0.37526304, 0.74119157
0.01296663, 0.20586511, 0.01035979
-0.86877042, 0.27542955, 0.41145054
0.35789877, 0.8077703
0.02068166, 0.49499601, -0.00590482
0.8743248, -0.27872553, -0.39725944
0.42735577, 0.83671336
0.01288567, 0.254246, 0.01038265
-0.86877042, 0.27542955, 0.41145054
0.34053445, 0.80801319
0.01280471, 0.302627, 0.0104055
-0.86877042, 0.27542955, 0.41145054
0.37526304, 0.89198022
0.0124404, 0.52034134, 0.01050836
-0.30179754, -0.00064089, 0.95336771
0.23739433, 0.94290821
0.02092195, 0.35102147, 0.01042867
0.86782432, 0.27835932, 0.41151157
0.34053439, 0.79064302
0.02064139, 0.51906276, -0.00589628
0.70574051, 0.34345531, 0.61961728
0.35789877, 0.80777045
0.02084099, 0.3994025, 0.01045153
0.86782432, 0.27835932, 0.41151157
0.35802442, 0.91508107
0.02076003, 0.44778353, 0.01047438
0.86782432, 0.27835932, 0.41151157
0.35789877, 0.83584036
0.01485199, 0.50058061, -0.02999757
-0.55528426, -0.50547808, -0.6603595
0.3651939, 0.7522494
0.01268481, 0.37464908, -0.00594779
-0.85888243, 0.27216408, -0.43382061
0.37526304, 0.77994309
0.01260427, 0.4227823, -0.00593073
-0.85888243, 0.27216408, -0.43382061
0.39275295, 0.94290821
0.01483389, 0.54116392, 0.0060577
-0.55436873, 0.64763331, 0.52269053
0.42233831, 0.9165263
0.02072193, 0.47092944, -0.00591334
0.85799736, 0.27503282, -0.43375957
0.37526304, 0.77994327
0.01857362, 0.33338785, 0.03320115
0.55644399, -0.4761498, 0.68086797
0.40179551, 0.91508107
0.01272375, 0.35100803, 0.01042837
-0.86877042, 0.27542955, 0.41148105
0.42735589, 0.75913467
0.02096243, 0.32683116, 0.01041724
0.86761069, -0.27539903, 0.41398358
0.41011721, 0.9165263
0.01881649, 0.18824492, 0.03313258
0.55644399, -0.4761498, 0.68086797
0.3726148, 0.91508107
0.01296663, 0.20586511, 0.01035979
-0.86877042, 0.27542955, 0.41145054
0.44484574, 0.94290821
0.01873554, 0.23662595, 0.03315543
0.55644399, -0.4761498, 0.68086797
0.4090907, 0.91508107
0.01288567, 0.254246, 0.01038265
-0.86877042, 0.27542955, 0.41145054
0.42735589, 0.78470324
0.02112435, 0.23006929, 0.01037153
0.86761069, -0.27539903, 0.41398358
0.32317019, 0.73643398
0.01521031, 0.2850011, 0.03317817
-0.55491805, -0.4780114, 0.68083745
0.37990999, 0.91508101
0.02100291, 0.30264074, 0.01040583
0.86782432, 0.27835932, 0.41154209
0.42735589, 0.75913464
0.02104339, 0.27845028, 0.01039439
0.86761069, -0.27539903, 0.41398358
0.40999156, 0.78125508
0.01849266, 0.38176885, 0.033224
0.55644399, -0.4761498, 0.68086797
0.39450032, 0.91508095
0.01264279, 0.39938891, 0.01045123
-0.86877042, 0.27542955, 0.41148105
0.40999156, 0.72811329
0.01268327, 0.37519836, 0.01043978
-0.86669517, -0.27829829, 0.41392255
0.42735583, 0.75368185
0.01496743, 0.43014404, 0.03324672
-0.55491805, -0.4780114, 0.68083745
0.37990993, 0.90198429
0.01256183, 0.44776994, 0.01047408
-0.86877042, 0.27542955, 0.41148105
0.42735589, 0.81027178
0.02080051, 0.4235931, 0.01046296
0.86761069, -0.27539903, 0.41398358
0.42735583, 0.86559828
0.01488647, 0.47852492, 0.03326958
-0.55488753, -0.4780114, 0.68083745
0.36531961, 0.90198408
0.02067908, 0.49616471, 0.01049725
0.86782432, 0.27835932, 0.41154209
0.35789871, 0.72692358
0.01252135, 0.4719604, 0.01048549
-0.86669517, -0.27829829, 0.41392255
0.42735589, 0.80945845
0.01292645, 0.23024908, -0.00599901
-0.85888243, 0.27216408, -0.43382061
0.37526304, 0.8639103
0.02116493, 0.20619625, -0.00600722
0.87435532, -0.27872553, -0.39722893
0.40999156, 0.80826716
0.01869899, 0.25991967, -0.03008278
0.55702382, -0.50364697, -0.66032898
0.42748153, 0.90349735
0.02104411, 0.27839619, -0.00598162
0.85799736, 0.27503282, -0.43375957
0.32317019, 0.79064302
0.02108438, 0.25432935, -0.00599016
0.8743248, -0.27872553, -0.39722893
0.42735583, 0.86440702
0.01517417, 0.30804721, -0.03006585
-0.55525374, -0.5055086, -0.66039002
0.39992249, 0.75249057
0.01276536, 0.32651567, -0.00596486
-0.85888243, 0.27216408, -0.43382061
0.35789871, 0.83584036
0.01280563, 0.30244899, -0.0059734
-0.87337869, -0.28162479, -0.39732048
0.3926273, 0.78006376
0.01853789, 0.35618627, -0.03004865
0.55702382, -0.50361645, -0.66032898
0.37248909, 0.74119157
0.01268481, 0.37464908, -0.00594779
-0.85888243, 0.27216408, -0.43382061
0.34053445, 0.89198022
0.01272509, 0.35058236, -0.00595633
-0.87337869, -0.28162479, -0.39732048
0.39275295, 0.91533504
0.01501308, 0.40431395, -0.03003172
-0.55528426, -0.50547808, -0.66039002
0.38255823, 0.74119169
0.02080248, 0.42279619, -0.00593041
0.85799736, 0.27506334, -0.43375957
0.35789877, 0.83584036
0.02084275, 0.3987295, -0.00593895
0.87435532, -0.27872553, -0.39722893
0.40999156, 0.75249059
0.01837681, 0.45245293, -0.0300145
0.55699331, -0.50364697, -0.66032898
0.40721762, 0.74143255
0.01252373, 0.47091582, -0.00591367
-0.85888243, 0.27216408, -0.43382061
0.34053445, 0.81871293
0.0207622, 0.44686276, -0.00592189
0.8743248, -0.27872553, -0.39722893
0.40999156, 0.83657996
0.01483363, 0.54151082, -0.00246077
-0.5485397, 0.65498823, -0.51966918
0.34702629, 0.91744415
# Number of Faces:
582
# Face Data:
0, 1, 2
3, 4, 5
6, 7, 8
9, 10, 11
12, 13, 14
15, 16, 17
18, 8, 19
14, 20, 21
7, 22, 23
24, 2, 25
26, 27, 3
28, 29, 13
30, 31, 32
10, 9, 33
7, 23, 19
14, 21, 34
17, 16, 35
36, 12, 37
28, 13, 12
20, 14, 13
26, 3, 31
11, 38, 39
1, 40, 25
41, 9, 42
2, 24, 15
23, 43, 44
45, 46, 47
48, 49, 45
50, 51, 52
53, 54, 55
56, 57, 58
59, 60, 61
62, 63, 64
54, 53, 65
66, 67, 68
60, 69, 70
71, 72, 73
74, 75, 76
77, 78, 79
80, 81, 82
76, 75, 83
84, 85, 86
87, 88, 89
90, 91, 92
93, 94, 95
96, 97, 98
99, 100, 101
102, 103, 104
105, 106, 107
108, 109, 110
111, 112, 113
114, 115, 116
117, 118, 119
120, 121, 122
88, 123, 124
125, 126, 127
128, 129, 130
131, 132, 133
134, 135, 136
137, 138, 139
140, 141, 142
143, 144, 101
145, 146, 107
147, 103, 148
149, 150, 151
152, 153, 102
154, 155, 97
104, 156, 157
158, 159, 98
160, 92, 161
162, 106, 140
112, 163, 164
146, 165, 133
166, 130, 133
167, 89, 88
168, 142, 121
169, 96, 126
88, 87, 170
171, 97, 148
158, 98, 97
172, 116, 173
150, 127, 126
174, 99, 175
127, 104, 157
176, 119, 177
178, 175, 101
179, 180, 118
181, 182, 119
183, 117, 176
184, 115, 114
185, 186, 116
137, 187, 108
172, 188, 189
139, 138, 110
190, 95, 94
171, 102, 153
93, 191, 192
193, 168, 120
194, 195, 196
197, 198, 199
200, 201, 202
203, 204, 205
206, 207, 208
209, 210, 211
212, 213, 214
212, 215, 216
217, 218, 219
220, 221, 222
223, 224, 225
226, 225, 227
228, 229, 230
231, 223, 232
233, 234, 235
211, 236, 237
238, 239, 240
241, 242, 243
244, 245, 246
247, 248, 249
250, 251, 252
253, 254, 255
256, 252, 253
257, 258, 251
259, 253, 258
260, 261, 255
262, 263, 264
265, 266, 267
268, 269, 270
271, 272, 273
274, 275, 247
276, 277, 278
279, 280, 281
282, 280, 279
283, 284, 280
285, 243, 286
287, 285, 288
289, 241, 285
290, 291, 292
291, 293, 238
294, 295, 296
244, 297, 298
299, 300, 301
302, 303, 304
305, 306, 271
307, 308, 309
301, 310, 311
301, 300, 312
303, 313, 314
307, 278, 315
316, 317, 318
319, 318, 320
321, 322, 323
324, 325, 326
296, 321, 277
307, 309, 327
296, 295, 328
327, 294, 296
329, 330, 331
332, 331, 333
334, 335, 336
337, 338, 330
278, 339, 340
321, 328, 341
324, 342, 317
277, 323, 339
273, 272, 343
313, 344, 345
346, 311, 297
259, 347, 348
259, 349, 350
351, 352, 353
354, 355, 356
357, 358, 359
360, 361, 362
363, 364, 365
366, 367, 368
369, 370, 371
372, 373, 374
375, 376, 377
378, 379, 380
381, 382, 383
384, 385, 386
387, 388, 389
390, 390, 391
392, 393, 394
391, 391, 395
396, 397, 398
399, 400, 401
402, 403, 404
405, 406, 407
408, 409, 410
411, 412, 413
414, 415, 416
415, 417, 418
417, 419, 420
419, 421, 422
421, 423, 424
423, 372, 425
426, 427, 428
427, 429, 430
429, 431, 432
431, 433, 434
435, 436, 434
437, 371, 436
438, 439, 370
440, 441, 439
442, 443, 441
444, 445, 443
446, 447, 445
408, 368, 447
373, 448, 449
448, 450, 451
450, 452, 453
454, 455, 453
456, 457, 455
377, 362, 457
458, 459, 460
461, 462, 463
464, 465, 466
467, 468, 415
469, 470, 471
472, 473, 474
395, 395, 475
476, 477, 478
475, 475, 390
479, 480, 481
482, 483, 484
485, 486, 487
488, 489, 490
491, 492, 371
493, 494, 495
449, 496, 497
498, 499, 500
501, 502, 503
504, 505, 506
507, 508, 509
361, 510, 511
512, 513, 514
515, 516, 517
518, 519, 430
520, 521, 522
457, 523, 524
525, 526, 527
528, 529, 530
531, 532, 434
533, 534, 535
453, 536, 537
538, 539, 540
541, 542, 543
544, 545, 439
546, 547, 548
425, 549, 550
551, 552, 553
554, 555, 556
557, 558, 443
559, 560, 561
422, 562, 563
564, 565, 566
567, 568, 569
570, 571, 447
572, 573, 574
418, 575, 576
577, 578, 579
580, 581, 582
427, 583, 584
585, 586, 587
588, 589, 590
591, 592, 454
593, 594, 595
431, 596, 597
598, 599, 600
601, 602, 603
604, 605, 450
606, 607, 608
435, 609, 610
611, 612, 613
614, 615, 616
617, 618, 373
619, 620, 621
369, 622, 623
624, 625, 626
627, 628, 629
630, 631, 423
632, 633, 634
440, 635, 636
637, 638, 639
640, 641, 642
643, 644, 419
645, 646, 647
444, 648, 649
650, 651, 652
653, 654, 655
17, 0, 2
31, 3, 5
656, 6, 8
42, 9, 11
37, 12, 14
657, 10, 33
8, 7, 19
37, 14, 34
0, 17, 35
658, 36, 37
659, 28, 12
29, 20, 13
30, 26, 31
42, 11, 39
2, 1, 25
660, 41, 42
17, 2, 15
19, 23, 44
661, 45, 47
661, 48, 45
662, 50, 52
663, 53, 55
66, 56, 58
664, 59, 61
665, 62, 64
666, 54, 65
56, 66, 68
61, 60, 70
667, 71, 73
668, 74, 76
669, 77, 79
670, 80, 82
671, 76, 83
672, 84, 86
673, 87, 89
160, 90, 92
674, 93, 95
151, 126, 96
96, 148, 97
98, 151, 96
175, 99, 101
104, 127, 102
102, 171, 103
127, 150, 102
133, 130, 105
105, 140, 106
107, 133, 105
138, 108, 110
675, 111, 113
172, 114, 116
176, 117, 119
676, 125, 127
166, 128, 130
165, 131, 133
677, 137, 139
168, 140, 142
678, 147, 148
679, 149, 151
171, 154, 97
680, 160, 161
168, 162, 140
113, 112, 164
107, 146, 133
132, 166, 133
124, 167, 88
120, 168, 121
125, 169, 126
123, 88, 170
103, 171, 148
155, 158, 97
681, 172, 173
151, 150, 126
682, 174, 175
676, 127, 157
683, 176, 177
144, 178, 101
117, 179, 118
118, 181, 119
684, 183, 176
685, 184, 114
115, 185, 116
138, 137, 108
114, 172, 189
686, 139, 110
687, 190, 94
154, 171, 153
94, 93, 192
120, 166, 132
193, 162, 168
120, 132, 193
688, 194, 196
689, 197, 199
690, 200, 202
691, 203, 205
208, 211, 692
693, 206, 208
208, 692, 693
209, 207, 206
692, 211, 210
209, 206, 210
215, 212, 214
694, 212, 216
695, 217, 219
233, 220, 222
223, 231, 224
225, 696, 223
231, 697, 224
697, 231, 226
226, 696, 225
227, 697, 226
698, 228, 230
699, 231, 232
220, 233, 235
209, 211, 237
292, 238, 240
285, 241, 243
700, 247, 249
252, 701, 250
250, 702, 251
258, 253, 255
253, 703, 256
256, 701, 252
251, 702, 257
257, 349, 258
258, 349, 259
259, 703, 253
254, 260, 255
704, 262, 264
705, 265, 267
706, 268, 270
707, 271, 273
700, 274, 247
307, 276, 278
708, 279, 281
709, 282, 279
282, 283, 280
288, 285, 286
710, 287, 288
287, 289, 285
711, 290, 292
292, 291, 238
245, 244, 298
712, 302, 304
707, 305, 271
346, 301, 311
310, 301, 312
304, 303, 314
308, 307, 315
319, 316, 318
713, 319, 320
277, 321, 323
342, 324, 326
276, 296, 277
276, 307, 327
321, 296, 328
276, 327, 296
332, 329, 331
336, 332, 333
333, 334, 336
329, 337, 330
315, 278, 340
322, 321, 341
316, 324, 317
278, 277, 339
714, 273, 343
314, 313, 345
244, 346, 297
703, 259, 348
347, 259, 350
715, 351, 353
716, 354, 356
514, 357, 359
377, 360, 362
717, 363, 365
408, 366, 368
437, 369, 371
425, 372, 374
456, 375, 377
718, 378, 380
719, 381, 383
720, 384, 386
721, 387, 389
391, 390, 391
722, 392, 394
395, 391, 395
723, 396, 398
724, 399, 401
725, 402, 404
726, 405, 407
366, 408, 410
727, 411, 413
728, 414, 416
416, 415, 418
418, 417, 420
420, 419, 422
422, 421, 424
424, 423, 425
506, 426, 428
428, 427, 430
430, 429, 432
432, 431, 434
433, 435, 434
435, 437, 436
369, 438, 370
438, 440, 439
440, 442, 441
442, 444, 443
444, 446, 445
446, 408, 447
374, 373, 449
449, 448, 451
451, 450, 453
452, 454, 453
454, 456, 455
456, 377, 457
729, 458, 460
730, 461, 463
731, 464, 466
414, 467, 415
732, 469, 471
733, 472, 474
475, 395, 475
734, 476, 478
390, 475, 390
735, 479, 481
736, 482, 484
737, 485, 487
738, 488, 490
370, 491, 371
739, 493, 495
374, 449, 497
740, 498, 500
741, 501, 503
428, 504, 506
742, 507, 509
362, 361, 511
359, 512, 514
743, 515, 517
432, 518, 430
744, 520, 522
455, 457, 524
745, 525, 527
746, 528, 530
436, 531, 434
747, 533, 535
451, 453, 537
748, 538, 540
749, 541, 543
441, 544, 439
750, 546, 548
424, 425, 550
751, 551, 553
752, 554, 556
445, 557, 443
753, 559, 561
420, 422, 563
754, 564, 566
755, 567, 569
368, 570, 447
756, 572, 574
416, 418, 576
757, 577, 579
758, 580, 582
429, 427, 584
759, 585, 587
760, 588, 590
452, 591, 454
761, 593, 595
433, 431, 597
762, 598, 600
763, 601, 603
448, 604, 450
764, 606, 608
437, 435, 610
765, 611, 613
766, 614, 616
372, 617, 373
767, 619, 621
438, 369, 623
768, 624, 626
769, 627, 629
421, 630, 423
770, 632, 634
442, 440, 636
771, 637, 639
772, 640, 642
417, 643, 419
773, 645, 647
446, 444, 649
774, 650, 652
775, 653, 655
