# Project Zomboid Skinned Mesh
# File Version:
1.0
# Model Name:
KingdomStaff_Cube.000
# Vertex Stride Element Count:
3
# Vertex Stride Size (in bytes):
76
# Vertex Stride Data:
# (Int)    Offset
# (String) Type
0
VertexArray
12
NormalArray
24
TextureCoordArray
# Vertex Count:
158
# Vertex Buffer:
-0.00759178, 0.12421367, 0.00601254
-0.9040193, 0.01895199, 0.42701498
0.38506424, 0.49980247
1.1e-07, 0.12421367, 0.01202522
0.00106815, -0.04437391, 0.99899286
0.38506424, 0.49512994
2e-08, 0.23709151, -0.03659193
3.052e-05, 0.21994689, 0.97549361
0.5240109, 0.49512994
1.1e-07, 0.12422428, -0.01199727
0.0, -0.04559465, -0.99893183
0.3850773, 0.49512994
-0.00757413, 0.12422428, -0.00599862
-0.90356153, 0.01828059, -0.42802209
0.3850773, 0.49979156
-0.00766534, 0.23709151, -0.05480428
-0.87469101, -0.10702841, -0.47264016
0.5240109, 0.49984777
0.01898894, -0.10052806, -0.01970604
0.57734919, 0.57734919, -0.57734919
0.57860297, 0.1225965
-0.01908651, -0.10052806, -0.01970604
-0.57734919, 0.57734919, -0.57734919
0.57860297, 0.13211542
-0.01908651, -0.10052806, 0.0203652
-0.57734919, 0.57734919, 0.57734919
0.5585674, 0.13211542
-0.00766534, -0.10861582, -0.00607077
-0.70570999, -0.62080753, -0.34134954
0.23963645, 0.49984777
2e-08, -0.10861582, -0.01214156
0.0, -0.59022796, -0.80721456
0.24710932, 0.49512994
0.00766538, -0.10861582, -0.00607077
0.70574051, -0.62077701, -0.34134954
0.23963645, 0.49041212
0.00766538, -0.10861582, 0.00607079
0.70574051, -0.62080753, 0.34131902
0.22469087, 0.49041212
2e-08, -0.10861582, 0.01214158
0.0, -0.590289, 0.80715352
0.21721806, 0.49512994
-0.00766534, -0.10861582, 0.00607079
-0.70570999, -0.62080753, 0.34131902
0.22469087, 0.49984777
0.00766538, -0.10861582, 0.00607079
0.70574051, -0.62080753, 0.34131902
0.22469087, 0.56198016
0.00766538, -0.10861582, -0.00607077
0.70574051, -0.62077701, -0.34134954
0.23963645, 0.56198016
0.00757436, 0.12422428, -0.00599862
0.90386671, 0.01831111, -0.42738122
0.23954764, 0.41867322
0.00766538, -0.10861582, 0.00607079
0.70574051, -0.62080753, 0.34131902
0.09846334, 0.49041212
0.00757436, 0.12422428, 0.00599865
0.90417188, 0.01889096, 0.4267098
0.3850773, 0.49046814
-0.00766534, -0.10861582, 0.00607079
-0.70570999, -0.62080753, 0.34131902
0.09846334, 0.49984777
2e-08, -0.10861582, 0.01214158
0.0, -0.590289, 0.80715352
0.09846334, 0.49512994
-0.00766534, -0.10861582, -0.00607077
-0.70570999, -0.62080753, -0.34134954
0.23963645, 0.56198016
-0.00766534, -0.10861582, 0.00607079
-0.70570999, -0.62080753, 0.34131902
0.22469087, 0.56198016
-0.00759178, 0.12421367, 0.00601254
-0.9040193, 0.01895199, 0.42701498
0.22476254, 0.41867965
2e-08, -0.10861582, -0.01214156
0.0, -0.59022796, -0.80721456
0.09846334, 0.49512994
-0.00766534, -0.10861582, -0.00607077
-0.70570999, -0.62080753, -0.34134954
0.09846334, 0.49984777
0.00766538, -0.10861582, -0.00607077
0.70574051, -0.62077701, -0.34134954
0.09846334, 0.49041212
1.2e-07, 0.3130675, 0.04842342
0.0, 0.0, 1.0
0.61753327, 0.49512994
-0.00757412, 0.30706885, 0.04842342
-3.052e-05, -6.104e-05, 1.0
0.61014926, 0.49979156
0.00757436, 0.30706885, 0.04842342
0.0, 0.0, 1.0
0.61014926, 0.49046814
0.00757436, 0.29507157, 0.04842342
-6.104e-05, -9.156e-05, 1.0
0.59538132, 0.49046814
-0.00759178, 0.29505768, 0.04842156
-0.00012207, -0.00015259, 0.99996948
0.59536415, 0.49980247
1.2e-07, 0.28904501, 0.04842156
-0.00012207, -0.00015259, 0.99996948
0.58796287, 0.49512994
-0.00766534, 0.30714101, -0.0484234
-0.70586258, 0.34150213, -0.62056339
0.61023819, 0.49984777
2e-08, 0.31321177, -0.0484234
0.0, 0.80742818, -0.58992279
0.61771095, 0.49512994
0.00766538, 0.30714101, -0.0484234
0.7058931, 0.34147161, -0.62053287
0.61023819, 0.49041212
0.00766538, 0.29499942, -0.0484234
0.7058931, -0.34141058, -0.62056339
0.59529239, 0.49041212
2e-08, 0.28892866, -0.0484234
0.0, -0.80736715, -0.59001434
0.58781964, 0.49512994
-0.00766534, 0.29499942, -0.0484234
-0.70583206, -0.34144109, -0.62062442
0.59529239, 0.49984777
0.00766538, 0.29499942, -0.0484234
0.7058931, -0.34141058, -0.62056339
0.2917704, 0.31356561
0.00766538, 0.30714101, -0.0484234
0.7058931, 0.34147161, -0.62053287
0.2917704, 0.30609268
0.00757436, 0.30706885, 0.04842342
0.90026551, 0.43531603, 0.0011597
0.17255704, 0.30613714
0.00766538, 0.29499942, -0.0484234
0.7058931, -0.34141058, -0.62056339
0.2917704, 0.49041212
0.00757436, 0.29507157, 0.04842342
0.9007538, -0.4342784, 0.0011597
0.17255704, 0.49046814
1.2e-07, 0.28904501, 0.04842156
0.00109867, -0.99996948, 0.0013123
0.17255931, 0.49512994
-0.00766534, 0.29499942, -0.0484234
-0.70583206, -0.34144109, -0.62062442
0.2917704, 0.49984777
2e-08, 0.28892866, -0.0484234
0.0, -0.80736715, -0.59001434
0.2917704, 0.49512994
-0.00766534, 0.30714101, -0.0484234
-0.70586258, 0.34150213, -0.62056339
0.2917704, 0.30609268
-0.00766534, 0.29499942, -0.0484234
-0.70583206, -0.34144109, -0.62062442
0.2917704, 0.31356561
-0.00759178, 0.29505768, 0.04842156
-0.90054017, -0.43470564, 0.00103763
0.17255931, 0.31352967
1.2e-07, 0.3130675, 0.04842342
0.0, 0.99996948, 0.00146489
0.17255704, 0.49512994
2e-08, 0.31321177, -0.0484234
0.0, 0.80742818, -0.58992279
0.2917704, 0.49512994
-0.00766534, 0.30714101, -0.0484234
-0.70586258, 0.34150213, -0.62056339
0.2917704, 0.49984777
0.00766538, 0.30714101, -0.0484234
0.7058931, 0.34147161, -0.62053287
0.2917704, 0.49041212
0.01898894, 0.53589362, 0.07719415
0.57734919, 0.57734919, 0.57734919
0.68291736, 0.12135637
-0.0190865, 0.53589362, 0.07719415
-0.57734919, 0.57734919, 0.57734919
0.68291736, 0.13087523
-0.0190865, 0.51557106, 0.07719415
-0.57734919, -0.57734919, 0.57734919
0.67275608, 0.13087523
0.01898894, 0.53589362, -0.07802489
0.57734919, 0.57734919, -0.57734919
0.6077624, 0.1225965
-0.01908651, 0.53589362, -0.07802489
-0.57734919, 0.57734919, -0.57734919
0.6077624, 0.13211542
-0.0190865, 0.53589362, 0.07719415
-0.57734919, 0.57734919, 0.57734919
0.53015292, 0.13211542
0.01898894, 0.51557106, -0.07802489
0.57734919, -0.57734919, -0.57734919
0.67275608, 0.12135637
-0.01908651, 0.51557106, -0.07802489
-0.57734919, -0.57734919, -0.57734919
0.67275608, 0.13087523
-0.01908651, 0.53589362, -0.07802489
-0.57734919, 0.57734919, -0.57734919
0.68291736, 0.13087523
0.01898894, 0.51557106, 0.07719415
0.57734919, -0.57734919, 0.57734919
0.53015292, 0.1225965
-0.0190865, 0.51557106, 0.07719415
-0.57734919, -0.57734919, 0.57734919
0.53015292, 0.13211542
-0.01908651, 0.51557106, -0.07802489
-0.57734919, -0.57734919, -0.57734919
0.6077624, 0.13211542
-0.0190865, 0.53589362, 0.07719415
-0.57734919, 0.57734919, 0.57734919
0.41845292, 0.12530744
-0.01908651, 0.53589362, -0.07802489
-0.57734919, 0.57734919, -0.57734919
0.49606243, 0.12530744
-0.01908651, 0.51557106, -0.07802489
-0.57734919, -0.57734919, -0.57734919
0.49606243, 0.13038802
0.01898894, 0.53589362, -0.07802489
0.57734919, 0.57734919, -0.57734919
0.49606243, 0.12530744
0.01898894, 0.53589362, 0.07719415
0.57734919, 0.57734919, 0.57734919
0.41845292, 0.12530744
0.01898894, 0.51557106, 0.07719415
0.57734919, -0.57734919, 0.57734919
0.41845292, 0.13038802
1.2e-07, 0.51958346, 0.03650744
0.0, 1.0, 0.0
0.18722497, 0.49512994
-0.00757413, 0.51958346, 0.04250609
-0.00027467, 0.99996948, 0.0003357
0.17984094, 0.49979156
0.00757436, 0.51958346, 0.04250609
0.0, 1.0, 0.0
0.17984094, 0.49046814
0.00757436, 0.51958346, 0.05450336
-0.00039674, 0.99996948, 0.00051881
0.1650729, 0.49046814
-0.00759178, 0.51957285, 0.05451725
-0.00067141, 0.99996948, 0.00085452
0.1650558, 0.49980247
1.2e-07, 0.51957285, 0.06052993
-0.00067141, 0.99996948, 0.00088504
0.15765451, 0.49512994
0.00766538, 0.23709151, 0.0545755
0.8748436, -0.10641804, 0.47248757
0.16498412, 0.34920633
0.00766538, 0.23709151, 0.04243395
0.92022461, 0.07303079, -0.38444167
0.17992972, 0.34920633
0.00757436, 0.51958346, 0.04250609
0.900235, 0.00039674, -0.43537706
0.17984094, 0.17534
0.00766538, 0.23709151, 0.0545755
0.8748436, -0.10641804, 0.47248757
0.5240109, 0.49041212
0.00757436, 0.51958346, 0.05450336
0.90078431, 0.00039674, 0.43418685
0.87174362, 0.49046814
1.2e-07, 0.51957285, 0.06052993
0.00137333, 0.00045778, 0.99996948
0.87173057, 0.49512994
-0.00766534, 0.23709151, 0.0545755
-0.8748436, -0.10641804, 0.47251809
0.5240109, 0.49984777
2e-08, 0.23709151, 0.0606463
0.0, -0.18753624, 0.98223823
0.5240109, 0.49512994
-0.00766534, 0.23709151, 0.04243395
-0.92022461, 0.07309183, -0.38447219
0.17992972, 0.34920633
-0.00766534, 0.23709151, 0.0545755
-0.8748436, -0.10641804, 0.47251809
0.16498412, 0.34920633
-0.00759178, 0.51957285, 0.05451725
-0.90060121, 0.0003357, 0.43458357
0.1650558, 0.17534655
1.2e-07, 0.51958346, 0.03650744
0.0, 0.0004883, -0.99996948
0.87174362, 0.49512994
2e-08, 0.23709151, 0.03636315
0.0, 0.21893978, -0.97570729
0.5240109, 0.49512994
-0.00766534, 0.23709151, 0.04243395
-0.92022461, 0.07309183, -0.38447219
0.5240109, 0.49984777
0.00766538, 0.23709151, 0.04243395
0.92022461, 0.07303079, -0.38444167
0.5240109, 0.49041212
1.1e-07, 0.51958346, -0.06073079
0.0, 1.0, 0.0
0.30692017, 0.49512994
-0.00757413, 0.51958346, -0.05473214
-0.00027467, 0.99996948, 0.0003357
0.29953605, 0.49979156
0.00757435, 0.51958346, -0.05473214
0.0, 1.0, 0.0
0.29953605, 0.49046814
0.00757435, 0.51958346, -0.04273487
-0.00039674, 0.99996948, 0.00051881
0.28476804, 0.49046814
-0.00759178, 0.51957285, -0.04272097
-0.00067141, 0.99996948, 0.00085452
0.28475106, 0.49980247
1.1e-07, 0.51957285, -0.0367083
-0.00067141, 0.99996948, 0.00088504
0.27734977, 0.49512994
0.01898894, -0.12085062, -0.01970604
0.57734919, -0.57734919, -0.57734919
0.50832468, 0.1225965
-0.01908651, -0.12085062, -0.01970604
-0.57734919, -0.57734919, -0.57734919
0.50832468, 0.13211542
-0.01908651, -0.10052806, -0.01970604
-0.57734919, 0.57734919, -0.57734919
0.51848596, 0.13211542
0.00766538, 0.23709151, -0.05480428
0.87472153, -0.10699789, -0.47264016
0.5240109, 0.49041212
0.00757436, 0.12422428, -0.00599862
0.90386671, 0.01831111, -0.42738122
0.3850773, 0.49046814
-0.00757413, 0.12422428, -0.00599862
-0.90356153, 0.01828059, -0.42802209
0.23954764, 0.41867322
-0.00766534, 0.23709151, -0.04266272
-0.92031616, 0.07327494, 0.38416699
0.28467929, 0.34920633
0.00766538, 0.23709151, -0.04266272
0.92031616, 0.07327494, 0.3841975
0.28467929, 0.34920633
0.00766538, 0.23709151, -0.05480428
0.87472153, -0.10699789, -0.47264016
0.29962492, 0.34920633
0.00757435, 0.51958346, -0.05473214
0.900235, 0.00039674, -0.43537706
0.29953605, 0.17534
0.00766538, 0.23709151, -0.04266272
0.92031616, 0.07327494, 0.3841975
0.5240109, 0.49041212
0.00757435, 0.51958346, -0.04273487
0.90078431, 0.00039674, 0.43418685
0.87174362, 0.49046814
1.1e-07, 0.51957285, -0.0367083
0.00137333, 0.00045778, 0.99996948
0.87173057, 0.49512994
-0.00766534, 0.23709151, -0.04266272
-0.92031616, 0.07327494, 0.38416699
0.5240109, 0.49984777
-0.00766534, 0.23709151, -0.05480428
-0.87469101, -0.10702841, -0.47264016
0.29962492, 0.34920633
-0.00759178, 0.51957285, -0.04272097
-0.90060121, 0.0003357, 0.43458357
0.28475106, 0.17534655
1.1e-07, 0.51958346, -0.06073079
0.0, 0.0004883, -0.99996948
0.87174362, 0.49512994
1e-08, 0.23709151, -0.06087507
0.0, -0.18829921, -0.98208565
0.5240109, 0.49512994
0.01898894, -0.10052806, -0.01970604
0.57734919, 0.57734919, -0.57734919
0.65537941, 0.12393069
0.01898894, -0.10052806, 0.0203652
0.57734919, 0.57734919, 0.57734919
0.63534379, 0.12393069
0.01898894, -0.12085062, 0.0203652
0.57734919, -0.57734919, 0.57734919
0.63534379, 0.12901139
-0.01908651, -0.10052806, 0.0203652
-0.57734919, 0.57734919, 0.57734919
0.63534379, 0.12393069
-0.01908651, -0.10052806, -0.01970604
-0.57734919, 0.57734919, -0.57734919
0.65537941, 0.12393069
-0.01908651, -0.12085062, -0.01970604
-0.57734919, -0.57734919, -0.57734919
0.65537941, 0.12901139
0.01898894, -0.12085062, 0.0203652
0.57734919, -0.57734919, 0.57734919
0.5585674, 0.1225965
-0.01908651, -0.12085062, 0.0203652
-0.57734919, -0.57734919, 0.57734919
0.5585674, 0.13211542
-0.01908651, -0.12085062, -0.01970604
-0.57734919, -0.57734919, -0.57734919
0.57860297, 0.13211542
0.01898894, -0.10052806, 0.0203652
0.57734919, 0.57734919, 0.57734919
0.51848596, 0.1225965
-0.01908651, -0.10052806, 0.0203652
-0.57734919, 0.57734919, 0.57734919
0.51848596, 0.13211542
-0.01908651, -0.12085062, 0.0203652
-0.57734919, -0.57734919, 0.57734919
0.50832468, 0.13211542
0.00757436, 0.12422428, 0.00599865
0.90417188, 0.01889096, 0.4267098
0.22477965, 0.41867322
0.01898894, -0.10052806, 0.0203652
0.57734919, 0.57734919, 0.57734919
0.5585674, 0.1225965
0.00757436, 0.29507157, 0.04842342
0.9007538, -0.4342784, 0.0011597
0.17255704, 0.31352115
-0.00759178, 0.29505768, 0.04842156
-0.90054017, -0.43470564, 0.00103763
0.17255931, 0.49980247
-0.00757412, 0.30706885, 0.04842342
-0.89992982, 0.43598741, 0.0011597
0.17255704, 0.30613714
-0.00757412, 0.30706885, 0.04842342
-0.89992982, 0.43598741, 0.0011597
0.17255704, 0.49979156
0.00757436, 0.30706885, 0.04842342
0.90026551, 0.43531603, 0.0011597
0.17255704, 0.49046814
0.01898894, 0.51557106, 0.07719415
0.57734919, -0.57734919, 0.57734919
0.67275608, 0.12135637
0.01898894, 0.53589362, 0.07719415
0.57734919, 0.57734919, 0.57734919
0.53015292, 0.1225965
0.01898894, 0.53589362, -0.07802489
0.57734919, 0.57734919, -0.57734919
0.68291736, 0.12135637
0.01898894, 0.51557106, -0.07802489
0.57734919, -0.57734919, -0.57734919
0.6077624, 0.1225965
-0.0190865, 0.51557106, 0.07719415
-0.57734919, -0.57734919, 0.57734919
0.41845292, 0.13038802
0.01898894, 0.51557106, -0.07802489
0.57734919, -0.57734919, -0.57734919
0.49606243, 0.13038802
0.00757436, 0.51958346, 0.05450336
0.90078431, 0.00039674, 0.43418685
0.1650729, 0.17534
-0.00759178, 0.51957285, 0.05451725
-0.90060121, 0.0003357, 0.43458357
0.87173057, 0.49980247
-0.00757413, 0.51958346, 0.04250609
-0.89983827, 0.00039674, -0.43614003
0.17984094, 0.17534
-0.00757413, 0.51958346, 0.04250609
-0.89983827, 0.00039674, -0.43614003
0.87174362, 0.49979156
0.00757436, 0.51958346, 0.04250609
0.900235, 0.00039674, -0.43537706
0.87174362, 0.49046814
0.01898894, -0.10052806, -0.01970604
0.57734919, 0.57734919, -0.57734919
0.51848596, 0.1225965
0.00757435, 0.51958346, -0.04273487
0.90078431, 0.00039674, 0.43418685
0.28476804, 0.17534
-0.00759178, 0.51957285, -0.04272097
-0.90060121, 0.0003357, 0.43458357
0.87173057, 0.49980247
-0.00757413, 0.51958346, -0.05473214
-0.89983827, 0.00039674, -0.43614003
0.29953605, 0.17534
-0.00757413, 0.51958346, -0.05473214
-0.89983827, 0.00039674, -0.43614003
0.87174362, 0.49979156
0.00757435, 0.51958346, -0.05473214
0.900235, 0.00039674, -0.43537706
0.87174362, 0.49046814
0.01898894, -0.12085062, -0.01970604
0.57734919, -0.57734919, -0.57734919
0.65537941, 0.12901139
-0.01908651, -0.12085062, 0.0203652
-0.57734919, -0.57734919, 0.57734919
0.63534379, 0.12901139
0.01898894, -0.12085062, -0.01970604
0.57734919, -0.57734919, -0.57734919
0.57860297, 0.1225965
0.01898894, -0.12085062, 0.0203652
0.57734919, -0.57734919, 0.57734919
0.50832468, 0.1225965
# Number of Faces:
116
# Face Data:
0, 1, 2
3, 4, 5
6, 7, 8
9, 10, 11
12, 13, 14
12, 14, 9
15, 16, 17
18, 19, 1
20, 21, 1
22, 23, 24
3, 25, 26
27, 25, 3
28, 29, 30
31, 32, 33
29, 32, 31
34, 35, 36
37, 38, 39
39, 34, 36
40, 41, 42
43, 44, 45
46, 47, 45
48, 49, 50
51, 52, 53
54, 52, 51
55, 56, 57
58, 59, 60
61, 62, 63
64, 65, 66
67, 68, 69
70, 71, 72
73, 74, 75
76, 77, 78
74, 77, 76
79, 80, 81
82, 83, 84
85, 86, 84
87, 88, 89
90, 91, 92
93, 91, 90
94, 95, 96
97, 98, 99
95, 98, 97
100, 101, 102
103, 104, 3
105, 24, 106
107, 108, 109
110, 111, 112
113, 2, 112
114, 106, 115
116, 117, 5
103, 117, 116
118, 119, 120
121, 122, 123
124, 125, 126
127, 128, 129
104, 3, 91
107, 130, 17
130, 17, 80
82, 86, 1
85, 0, 1
87, 105, 24
91, 3, 4
19, 110, 2
113, 0, 2
117, 3, 5
131, 6, 8
11, 12, 9
130, 15, 17
21, 18, 1
0, 20, 1
105, 22, 24
4, 3, 26
104, 27, 3
30, 29, 31
37, 39, 36
132, 40, 42
47, 43, 45
133, 46, 45
134, 48, 50
135, 51, 53
136, 54, 51
137, 55, 57
138, 58, 60
139, 61, 63
140, 64, 66
141, 67, 69
142, 70, 72
75, 74, 76
143, 79, 81
86, 82, 84
144, 85, 84
145, 87, 89
146, 90, 92
147, 93, 90
96, 95, 97
148, 100, 102
117, 103, 3
114, 105, 106
149, 107, 109
2, 110, 112
150, 113, 112
151, 114, 115
152, 116, 5
153, 103, 116
154, 118, 120
155, 121, 123
156, 124, 126
157, 127, 129
93, 104, 91
108, 107, 17
79, 130, 80
19, 82, 1
86, 85, 1
88, 87, 24
92, 91, 4
1, 19, 2
