# Project Zomboid Skinned Mesh
# File Version:
1.0
# Model Name:
BezierCurve
# Vertex Stride Element Count:
3
# Vertex Stride Size (in bytes):
76
# Vertex Stride Data:
# (Int)    Offset
# (String) Type
0
VertexArray
12
NormalArray
24
TextureCoordArray
# Vertex Count:
584
# Vertex Buffer:
0.02435768, 0.0840533, -0.00962517
-0.57734919, -0.57734919, 0.57734919
0.48329252, 0.65739676
0.02435768, 0.09893382, -0.00962517
-0.57734919, 0.57734919, 0.57734919
0.48329252, 0.67178267
0.02435768, 0.09893382, -0.02450568
-0.57734919, 0.57734919, -0.57734919
0.46889913, 0.67209071
0.02435768, 0.09893382, -0.00962517
-0.57734919, 0.57734919, 0.57734919
0.41490763, 0.56251934
0.03923821, 0.09893382, -0.00962517
0.57734919, 0.57734919, 0.57734919
0.41490763, 0.57693428
0.03923821, 0.09893382, -0.02450568
0.57734919, 0.57734919, -0.57734919
0.39962056, 0.57693428
0.03923821, 0.09893382, -0.00962517
0.57734919, 0.57734919, 0.57734919
0.46889913, 0.68678471
0.03923821, 0.0840533, -0.00962517
0.57734919, -0.57734919, 0.57734919
0.46889913, 0.67239881
0.03923821, 0.0840533, -0.02450568
0.57734919, -0.57734919, -0.57734919
0.48329252, 0.67209071
0.03923821, 0.0840533, -0.00962517
0.57734919, -0.57734919, 0.57734919
0.46889913, 0.68678471
0.02435768, 0.0840533, -0.00962517
-0.57734919, -0.57734919, 0.57734919
0.48418623, 0.68678471
0.02435768, 0.0840533, -0.02450568
-0.57734919, -0.57734919, -0.57734919
0.48418623, 0.70119971
0.03923821, 0.0840533, -0.00962517
0.57734919, -0.57734919, 0.57734919
0.48329252, 0.64270273
0.03923821, 0.09893382, -0.00962517
0.57734919, 0.57734919, 0.57734919
0.48329252, 0.65708864
0.02435768, 0.09893382, -0.00962517
-0.57734919, 0.57734919, 0.57734919
0.46889913, 0.65739676
0.02435768, 0.0840533, -0.02450568
-0.57734919, -0.57734919, -0.57734919
0.48329252, 0.62800872
0.02435768, 0.09893382, -0.02450568
-0.57734919, 0.57734919, -0.57734919
0.48329252, 0.64239463
0.03923821, 0.09893382, -0.02450568
0.57734919, 0.57734919, -0.57734919
0.46889913, 0.64270264
0.01754432, 0.70575553, -0.01754436
0.54896694, 0.63023776, -0.54896694
0.17788558, 0.50842497
0.01754432, 0.23140262, -0.01754434
0.54896694, -0.63023776, -0.54896694
0.17788558, 0.96701178
-1e-08, 0.23140262, -0.02481142
0.0, -0.63023776, -0.77636033
0.16343081, 0.96779543
0.02481141, 0.70575553, -2e-08
0.77636033, 0.63023776, 0.0
0.12949091, 0.50920862
0.02481141, 0.23140262, 0.0
0.77636033, -0.63023776, 0.0
0.12949091, 0.96779543
0.01754432, 0.23140262, -0.01754434
0.54896694, -0.63023776, -0.54896694
0.11000578, 0.9677382
0.01754432, 0.70575553, 0.0175443
0.54896694, 0.63023776, 0.54896694
0.14394563, 0.50842497
0.01754432, 0.23140262, 0.01754432
0.54896694, -0.63023776, 0.54896694
0.14394568, 0.96701178
0.01754432, 0.70575553, 0.0175443
0.54896694, 0.63023776, 0.54896694
0.07606588, 0.5091514
-1e-08, 0.70575553, 0.02481138
0.0, 0.63023776, 0.77636033
0.09555101, 0.50920856
-1e-08, 0.23140262, 0.02481142
0.0, -0.63023776, 0.77636033
0.09555097, 0.96779543
-0.01754433, 0.70575553, 0.0175443
-0.54896694, 0.63023776, 0.54896694
0.11000578, 0.50842488
-0.01754433, 0.23140262, 0.01754432
-0.54896694, -0.63023776, 0.54896694
0.11000571, 0.96701178
-0.02481143, 0.70575553, -2e-08
-0.77636033, 0.63023776, 0.0
0.06161104, 0.50920856
-0.02481143, 0.23140262, 0.0
-0.77636033, -0.63023776, 0.0
0.06161107, 0.96779543
-0.01754433, 0.23140262, 0.01754432
-0.54896694, -0.63023776, 0.54896694
0.04212591, 0.96773817
-0.01754433, 0.23140262, 0.01754432
-0.54896694, -0.63023776, 0.54896694
0.38582587, 0.53252316
-0.02481143, 0.23140262, 0.0
-0.77636033, -0.63023776, 0.0
0.39962056, 0.54553083
-1e-08, 0.23140262, -0.02481142
0.0, -0.63023776, -0.77636033
0.38582587, 0.57693428
-1e-08, 0.70575553, -0.02481144
0.0, 0.63023776, -0.77636033
0.16343084, 0.50920862
-0.01754433, 0.23140262, -0.01754434
-0.54896694, -0.63023776, -0.54896694
0.14394568, 0.9677382
-0.01754433, 0.70575553, -0.01754436
-0.54896694, 0.63023776, -0.54896694
0.07606573, 0.50842488
-0.01754433, 0.23140262, -0.01754434
-0.54896694, -0.63023776, -0.54896694
0.07606581, 0.96701178
-1e-08, 0.70575553, 0.02481138
0.0, 0.63023776, 0.77636033
0.77011114, 0.66920054
0.01754432, 0.70575553, 0.0175443
0.54896694, 0.63023776, 0.54896694
0.9033345, 0.66920054
0.01754432, 0.70575553, -0.01754436
0.54896694, 0.63023776, -0.54896694
0.99759507, 0.90203542
0.02831015, 0.18177706, -0.02831018
0.54896694, 0.63023776, -0.54896694
0.34218556, 0.96779543
0.02831015, 0.00022907, -0.02831018
0.54896694, -0.63023776, -0.54896694
0.34218556, 0.79228158
-1e-08, 0.00022907, -0.04003662
0.0, -0.63023776, -0.77636033
0.36551026, 0.7910171
0.0400366, 0.18177706, -2e-08
0.77636033, 0.63023776, 0.0
0.26409417, 0.79228158
0.0400366, 0.00022907, -2e-08
0.77636033, -0.63023776, 0.0
0.26409423, 0.96779543
0.02831015, 0.00022907, -0.02831018
0.54896694, -0.63023776, -0.54896694
0.23265225, 0.96770306
0.02831015, 0.18177706, 0.02831014
0.54896694, 0.63023776, 0.54896694
0.2874189, 0.79101703
0.02831015, 0.00022907, 0.02831014
0.54896694, -0.63023776, 0.54896694
0.2874189, 0.96653092
-1e-08, 0.18177706, 0.04003659
0.0, 0.63023776, 0.77636033
0.31886089, 0.79228158
-1e-08, 0.00022907, 0.04003659
0.0, -0.63023776, 0.77636033
0.31886089, 0.96779543
0.02831015, 0.00022907, 0.02831014
0.54896694, -0.63023776, 0.54896694
0.2874189, 0.96770306
-0.02831017, 0.18177706, 0.02831014
-0.54896694, 0.63023776, 0.54896694
0.34218556, 0.79101707
-0.02831017, 0.00022907, 0.02831014
-0.54896694, -0.63023776, 0.54896694
0.34218556, 0.96653092
-0.04003661, 0.18177706, -2e-08
-0.77636033, 0.63023776, 0.0
0.20932752, 0.79228158
-0.04003661, 0.00022907, -2e-08
-0.77636033, -0.63023776, 0.0
0.20932756, 0.96779543
-0.02831017, 0.00022907, 0.02831014
-0.54896694, -0.63023776, 0.54896694
0.17788558, 0.96770306
-1e-08, 0.00022907, 0.04003659
0.0, -0.63023776, 0.77636033
0.41544619, 0.74034327
-0.04003661, 0.00022907, -2e-08
-0.77636033, -0.63023776, 0.0
0.46918562, 0.71935353
-1e-08, 0.00022907, -0.04003662
0.0, -0.63023776, -0.77636033
0.49144524, 0.77002729
-0.02831017, 0.18177706, -0.02831018
-0.54896694, 0.63023776, -0.54896694
0.39695224, 0.96662325
-1e-08, 0.18177706, -0.04003664
0.0, 0.63023776, -0.77636033
0.36551026, 0.96653092
-0.02831017, 0.18177706, -0.02831018
-0.54896694, 0.63023776, -0.54896694
0.2326522, 0.79101707
-0.02831017, 0.00022907, -0.02831018
-0.54896694, -0.63023776, -0.54896694
0.23265225, 0.96653092
-1e-08, 0.18177706, 0.04003659
0.0, 0.63023776, 0.77636033
0.25388464, 0.57566899
0.02831015, 0.18177706, 0.02831014
0.54896694, 0.63023776, 0.54896694
0.25388464, 0.60535291
0.02831015, 0.18177706, -0.02831018
0.54896694, 0.63023776, -0.54896694
0.20014518, 0.62634271
0.0325267, 0.03045178, -0.03252673
0.54896694, 0.63023776, -0.54896694
0.31865701, 0.60163853
0.0325267, -0.0201819, -0.03252673
0.54896694, -0.63023776, -0.54896694
0.26674479, 0.60163853
-1e-08, -0.0201819, -0.04599974
0.0, -0.63023776, -0.77636033
0.26520404, 0.5763686
0.04599971, 0.03045178, -2e-08
0.77636033, 0.63023776, 0.0
0.46735841, 0.63474959
0.04599971, -0.0201819, -2e-08
0.77636033, -0.63023776, 0.0
0.41544619, 0.63474959
0.0325267, -0.0201819, -0.03252673
0.54896694, -0.63023776, -0.54896694
0.41555876, 0.60068545
0.0325267, 0.03045178, 0.03252669
0.54896694, 0.63023776, 0.54896694
0.46889913, 0.66001952
0.0325267, -0.0201819, 0.03252669
0.54896694, -0.63023776, 0.54896694
0.41698694, 0.66001952
-1e-08, 0.03045178, 0.04599968
0.0, 0.63023776, 0.77636033
0.41698694, 0.68528938
-1e-08, -0.0201819, 0.04599968
0.0, -0.63023776, 0.77636033
0.46889913, 0.68528938
0.0325267, -0.0201819, 0.03252669
0.54896694, -0.63023776, 0.54896694
0.4687866, 0.71935353
-0.03252672, 0.03045178, 0.03252669
-0.54896694, 0.63023776, 0.54896694
0.41544619, 0.66001952
-0.03252672, -0.0201819, 0.03252669
-0.54896694, -0.63023776, 0.54896694
0.46735841, 0.66001952
-0.04599971, 0.03045178, -2e-08
-0.77636033, 0.63023776, 0.0
0.39849299, 0.82668997
-0.04599971, -0.0201819, -2e-08
-0.77636033, -0.63023776, 0.0
0.45040518, 0.82668997
-0.03252672, -0.0201819, 0.03252669
-0.54896694, -0.63023776, 0.54896694
0.45029271, 0.8607541
-1e-08, -0.0201819, 0.04599968
0.0, -0.63023776, 0.77636033
0.20346057, 0.70867985
-0.03252672, -0.0201819, -0.03252671
-0.54896694, -0.63023776, -0.54896694
0.20346051, 0.62634271
-1e-08, -0.0201819, -0.04599974
0.0, -0.63023776, -0.77636033
0.23962906, 0.62634271
-1e-08, 0.03045178, -0.04599974
0.0, 0.63023776, -0.77636033
0.31711626, 0.5763686
-0.03252672, -0.0201819, -0.03252671
-0.54896694, -0.63023776, -0.54896694
0.26531658, 0.54230452
-0.03252672, 0.03045178, -0.03252673
-0.54896694, 0.63023776, -0.54896694
0.39695224, 0.80142009
-0.03252672, -0.0201819, -0.03252671
-0.54896694, -0.63023776, -0.54896694
0.44886446, 0.80142009
-1e-08, 0.03045178, 0.04599968
0.0, 0.63023776, 0.77636033
0.35252252, 0.76690103
0.0325267, 0.03045178, 0.03252669
0.54896694, 0.63023776, 0.54896694
0.32694754, 0.79101703
0.0325267, 0.03045178, -0.03252673
0.54896694, 0.63023776, -0.54896694
0.26520404, 0.76690108
0.0325267, 0.20523299, -0.03252673
0.68330944, 0.25720999, -0.68330944
0.39695224, 0.91115768
0.0325267, 0.15459932, -0.03252671
0.54896694, -0.63023776, -0.54896694
0.39695224, 0.86220694
-1e-08, 0.15459932, -0.04599972
0.0, -0.63023776, -0.77636033
0.42375091, 0.8607541
0.04599971, 0.20523299, -2e-08
0.9663381, 0.25720999, 0.0
0.37932128, 0.73292643
0.04599971, 0.15459932, -2e-08
0.77636033, -0.63023776, 0.0
0.37932119, 0.68397567
0.0325267, 0.15459932, -0.03252671
0.54896694, -0.63023776, -0.54896694
0.41544619, 0.68408179
0.0325267, 0.20523299, 0.03252669
0.68330944, 0.25720999, 0.68330944
0.35252252, 0.73437926
0.0325267, 0.15459932, 0.03252669
0.54896694, -0.63023776, 0.54896694
0.35252252, 0.6854285
-1e-08, 0.20523299, 0.04599968
0.0, 0.25720999, 0.9663381
0.37932119, 0.62588501
-1e-08, 0.15459932, 0.0459997
0.0, -0.63023776, 0.77636033
0.37932119, 0.57693428
0.0325267, 0.15459932, 0.03252669
0.54896694, -0.63023776, 0.54896694
0.41544619, 0.57704043
-0.03252672, 0.20523299, 0.03252669
-0.68330944, 0.25720999, 0.68330944
0.35252252, 0.62733793
-0.03252672, 0.15459932, 0.03252669
-0.54896694, -0.63023776, 0.54896694
0.35252252, 0.57838717
-0.04599971, 0.20523299, -2e-08
-0.9663381, 0.25720999, 0.0
0.30132899, 0.65972912
-0.04599971, 0.15459932, -2e-08
-0.77636033, -0.63023776, 0.0
0.30132905, 0.70867985
-0.03252672, 0.15459932, 0.03252669
-0.54896694, -0.63023776, 0.54896694
0.26520404, 0.70857376
-1e-08, 0.15459932, 0.0459997
0.0, -0.63023776, 0.77636033
0.26520404, 0.76690108
-0.04599971, 0.15459932, -2e-08
-0.77636033, -0.63023776, 0.0
0.20346051, 0.79101703
0.04599971, 0.15459932, -2e-08
0.77636033, -0.63023776, 0.0
0.23962906, 0.70867985
-1e-08, 0.20523299, -0.04599974
0.0, 0.25720999, -0.9663381
0.42375091, 0.90970485
-0.03252672, 0.15459932, -0.03252671
-0.54896694, -0.63023776, -0.54896694
0.45987582, 0.8608602
-0.03252672, 0.20523299, -0.03252671
-0.68330944, 0.25720999, -0.68330944
0.32812771, 0.65827626
-0.03252672, 0.15459932, -0.03252671
-0.54896694, -0.63023776, -0.54896694
0.32812771, 0.70722702
-0.02956091, 0.23182973, -2e-08
-0.95623648, 0.29258096, 0.0
0.29563937, 0.63306525
-0.02090273, 0.23182973, -0.02090274
-0.67613757, 0.29258096, -0.67613757
0.31286106, 0.63213161
-0.02956091, 0.26337123, -2e-08
-0.77636033, 0.63023776, 0.0
0.29563937, 0.60257217
-0.02090273, 0.26337123, -0.02090274
-0.54896694, 0.63023776, -0.54896694
0.31286106, 0.60163853
0.02090271, 0.23182973, -0.02090274
0.67613757, 0.29258096, -0.67613757
0.40822595, 0.75965843
0.0295609, 0.23182973, -2e-08
0.95623648, 0.29258096, 0.0
0.38501087, 0.75959027
-1e-08, 0.23182973, 0.02956089
0.0, 0.29258096, 0.95623648
0.38501087, 0.65254888
-0.02090273, 0.23182973, 0.0209027
-0.67613757, 0.29258096, 0.67613757
0.36778909, 0.6534825
-0.02090273, 0.23182973, -0.02090274
-0.67613757, 0.29258096, -0.67613757
0.45265558, 0.93643683
-1e-08, 0.23182973, -0.02956093
0.0, 0.29258096, -0.95623648
0.4294405, 0.93636863
0.02090271, 0.23182973, -0.02090274
0.67613757, 0.29258096, -0.67613757
0.41221881, 0.93730228
0.02090271, 0.23182973, 0.0209027
0.67613757, 0.29258096, 0.67613757
0.36778909, 0.7605239
-0.02090273, 0.23182973, 0.0209027
-0.67613757, 0.29258096, 0.67613757
0.27242431, 0.6329971
0.02090271, 0.23182973, 0.0209027
0.67613757, 0.29258096, 0.67613757
0.40822595, 0.6526171
-0.02090273, 0.26337123, 0.0209027
-0.54896694, 0.63023776, 0.54896694
0.47155988, 0.56327066
0.02090271, 0.26337123, 0.0209027
0.54896694, 0.63023776, 0.54896694
0.45512456, 0.60068545
0.02090271, 0.26337123, -0.02090274
0.54896694, 0.63023776, -0.54896694
0.41544619, 0.58518779
-1e-08, 0.26337123, 0.02956089
0.0, 0.63023776, 0.77636033
0.38501087, 0.68304202
-0.02090273, 0.26337123, 0.0209027
-0.54896694, 0.63023776, 0.54896694
0.36778909, 0.68397567
0.0295609, 0.26337123, -2e-08
0.77636033, 0.63023776, 0.0
0.38501087, 0.79008338
0.02090271, 0.26337123, 0.0209027
0.54896694, 0.63023776, 0.54896694
0.36778918, 0.79101703
-1e-08, 0.26337123, -0.02956093
0.0, 0.63023776, -0.77636033
0.4294405, 0.96686178
0.02090271, 0.26337123, -0.02090274
0.54896694, 0.63023776, -0.54896694
0.41221881, 0.96779543
-0.02090273, 0.26337123, -0.02090274
-0.54896694, 0.63023776, -0.54896694
0.45265558, 0.96692996
-0.02090273, 0.26337123, 0.0209027
-0.54896694, 0.63023776, 0.54896694
0.27242431, 0.60250401
0.02090271, 0.26337123, 0.0209027
0.54896694, 0.63023776, 0.54896694
0.40822595, 0.68311018
0.02090271, 0.26337123, -0.02090274
0.54896694, 0.63023776, -0.54896694
0.40822595, 0.79015155
-1e-08, 0.19431752, -0.0528812
0.0, 0.63023776, 0.77636033
0.33609259, 0.70867985
-0.00717155, 0.19431752, -0.05585174
-0.54896694, 0.63023776, 0.54896694
0.34200126, 0.70835954
-0.00717155, 0.03091248, -0.05585174
-0.54896694, -0.63023776, 0.54896694
0.3420012, 0.55038562
-0.00717155, 0.19431752, -0.05585174
-0.54896694, 0.63023776, 0.54896694
0.4737494, 0.80952457
-0.0101421, 0.19431752, -0.0630233
-0.77636033, 0.63023776, 0.0
0.46578449, 0.80950114
-0.0101421, 0.03091248, -0.0630233
-0.77636033, -0.63023776, 0.0
0.46578449, 0.96747507
-0.00717155, 0.19431752, -0.07019485
-0.54896694, 0.63023776, -0.54896694
0.45987582, 0.80982147
-0.00717155, 0.03091248, -0.07019483
-0.54896694, -0.63023776, -0.54896694
0.45987582, 0.96779543
-0.00717155, 0.19431752, -0.07019485
-0.54896694, 0.63023776, -0.54896694
0.48762286, 0.96777201
-1e-08, 0.19431752, -0.07316537
0.0, 0.63023776, -0.77636033
0.49558777, 0.96779543
-1e-08, 0.03091248, -0.07316537
0.0, -0.63023776, -0.77636033
0.49558777, 0.80982152
0.00717154, 0.19431752, -0.07019485
0.54896694, 0.63023776, -0.54896694
0.50149643, 0.9674751
0.00717154, 0.03091248, -0.07019483
0.54896694, -0.63023776, -0.54896694
0.50149643, 0.80950119
0.00717154, 0.19431752, -0.07019485
0.54896694, 0.63023776, -0.54896694
0.4737494, 0.96777201
0.01014209, 0.19431752, -0.0630233
0.77636033, 0.63023776, 0.0
0.48171428, 0.96779543
0.01014209, 0.03091248, -0.0630233
0.77636033, -0.63023776, 0.0
0.48171428, 0.80982147
0.01014209, 0.19431752, -0.0630233
0.77636033, 0.63023776, 0.0
0.48815125, 0.70651686
-1e-08, 0.19431752, -0.07316537
0.0, 0.63023776, -0.77636033
0.47453797, 0.70119971
-1e-08, 0.19431752, -0.0528812
0.0, 0.63023776, 0.77636033
0.4825125, 0.71935353
0.00717154, 0.19431752, -0.05585174
0.54896694, 0.63023776, 0.54896694
0.32812771, 0.70865649
-1e-08, 0.03091248, -0.0528812
0.0, -0.63023776, 0.77636033
0.33609259, 0.55070597
0.00717154, 0.19431752, -0.05585174
0.54896694, 0.63023776, 0.54896694
0.48762295, 0.9674751
0.00717154, 0.03091248, -0.05585174
0.54896694, -0.63023776, 0.54896694
0.48762295, 0.80950114
-1e-08, 0.03091248, -0.07316537
0.0, -0.63023776, -0.77636033
0.46551472, 0.79134734
0.00717154, 0.03091248, -0.07019483
0.54896694, -0.63023776, -0.54896694
0.45987582, 0.79666448
0.00717154, 0.03091248, -0.05585174
0.54896694, -0.63023776, 0.54896694
0.46551472, 0.80950114
0.06872776, 0.18598409, 0.01657867
0.66432691, 0.3424482, -0.66432691
0.43395478, 0.24489778
0.06872776, 0.05029574, 0.01657867
0.54896694, -0.63023776, -0.54896694
0.38364053, 0.24489778
0.05285763, 0.05029574, 0.01000504
0.0, -0.63023776, -0.77636033
0.38364059, 0.20143163
0.07530139, 0.18598409, 0.0324488
0.93951231, 0.3424482, 0.0
0.43395478, 0.30636811
0.07530139, 0.05029574, 0.0324488
0.77636033, -0.63023776, 0.0
0.38364053, 0.30636811
0.06872776, 0.18598409, 0.04831895
0.66432691, 0.3424482, 0.66432691
0.38364053, 0.20143175
0.06872776, 0.05029574, 0.04831895
0.54896694, -0.63023776, 0.54896694
0.33332628, 0.20143175
0.07530139, 0.05029574, 0.0324488
0.77636033, -0.63023776, 0.0
0.33332628, 0.15796554
0.05285763, 0.18598409, 0.05489258
0.0, 0.3424482, 0.93951231
0.38364053, 0.26290202
0.05285763, 0.05029574, 0.05489258
0.0, -0.63023776, 0.77636033
0.33332622, 0.26290202
0.03698748, 0.18598409, 0.04831895
-0.66432691, 0.3424482, 0.66432691
0.38364053, 0.30636811
0.03698748, 0.05029574, 0.04831895
-0.54896694, -0.63023776, 0.54896694
0.33332628, 0.30636811
0.03041385, 0.18598409, 0.0324488
-0.93951231, 0.3424482, 0.0
0.38364053, 0.13996136
0.03041385, 0.05029574, 0.0324488
-0.77636033, -0.63023776, 0.0
0.43395478, 0.13996136
0.03698748, 0.05029574, 0.04831895
-0.54896694, -0.63023776, 0.54896694
0.43395478, 0.20143163
0.05285763, 0.05029574, 0.05489258
0.0, -0.63023776, 0.77636033
0.08648406, 0.30223107
0.03041385, 0.05029574, 0.0324488
-0.77636033, -0.63023776, 0.0
0.19042684, 0.3456971
0.05285763, 0.05029574, 0.01000504
0.0, -0.63023776, -0.77636033
0.14737232, 0.45063353
0.05285763, 0.18598409, 0.01000504
0.0, 0.3424482, -0.93951231
0.38364047, 0.15796554
0.05285763, 0.05029574, 0.01000504
0.0, -0.63023776, -0.77636033
0.33332622, 0.15796554
0.03698748, 0.05029574, 0.01657867
-0.54896694, -0.63023776, -0.54896694
0.33332622, 0.09649527
0.03698748, 0.18598409, 0.01657867
-0.66432691, 0.3424482, -0.66432691
0.38364053, 0.09649527
0.03698748, 0.05029574, 0.01657867
-0.54896694, -0.63023776, -0.54896694
0.43395478, 0.09649527
0.05285763, 0.18598409, 0.05489258
0.0, 0.3424482, 0.93951231
0.08648403, 0.30223095
0.05285763, 0.20010923, 0.04150198
0.0, 0.40556046, 0.91405988
0.10464783, 0.25796044
0.04645605, 0.20010923, 0.03885038
-0.646321, 0.40556046, 0.646321
0.12920852, 0.25796044
0.05285763, 0.2113276, 0.02339561
0.0, 0.63023776, -0.77636033
0.14244939, 0.11150014
0.05925919, 0.2113276, 0.02604724
0.54896694, 0.63023776, -0.54896694
0.14244939, 0.12903309
0.05925919, 0.20010923, 0.02604724
0.646321, 0.40556046, -0.646321
0.13828956, 0.12903309
0.04645605, 0.20010923, 0.02604724
-0.646321, 0.40556046, -0.646321
0.1465755, 0.21563208
0.05285763, 0.20010923, 0.02339561
0.0, 0.40556046, -0.91405988
0.12920846, 0.19809902
0.05285763, 0.18598409, 0.01000504
0.0, 0.3424482, -0.93951231
0.14737232, 0.1538285
0.05925919, 0.20010923, 0.02604724
0.646321, 0.40556046, -0.646321
0.10464789, 0.19809902
0.07530139, 0.18598409, 0.0324488
0.93951231, 0.3424482, 0.0
0.04342954, 0.19729459
0.06191082, 0.20010923, 0.0324488
0.91405988, 0.40556046, 0.0
0.08728088, 0.21563208
0.05925919, 0.20010923, 0.03885038
0.646321, 0.40556046, 0.646321
0.08728088, 0.24042749
0.04380443, 0.20010923, 0.0324488
-0.91405988, 0.40556046, 0.0
0.14657547, 0.24042749
0.03041385, 0.18598409, 0.0324488
-0.93951231, 0.3424482, 0.0
0.19042684, 0.25876492
0.03698748, 0.18598409, 0.01657867
-0.66432691, 0.3424482, -0.66432691
0.19042684, 0.19729459
0.06872776, 0.18598409, 0.01657867
0.66432691, 0.3424482, -0.66432691
0.08648406, 0.1538285
0.05285763, 0.2113276, 0.04150198
0.0, 0.63023776, 0.77636033
0.10272415, 0.13629556
0.05925919, 0.2113276, 0.03885038
0.54896694, 0.63023776, 0.54896694
0.08535714, 0.1538285
0.05925919, 0.2113276, 0.02604724
0.54896694, 0.63023776, -0.54896694
0.04342951, 0.13629556
0.04645605, 0.2113276, 0.02604724
-0.54896694, 0.63023776, -0.54896694
0.14660929, 0.1538285
0.05285763, 0.2113276, 0.02339561
0.0, 0.63023776, -0.77636033
0.14660929, 0.12903309
0.05285763, 0.20010923, 0.02339561
0.0, 0.40556046, -0.91405988
0.15076919, 0.12903309
0.04645605, 0.2113276, 0.03885038
-0.54896694, 0.63023776, 0.54896694
0.13412966, 0.13629556
0.04380443, 0.2113276, 0.0324488
-0.77636033, 0.63023776, 0.0
0.13412966, 0.11150014
0.04380443, 0.20010923, 0.0324488
-0.91405988, 0.40556046, 0.0
0.13828953, 0.11150014
0.05925919, 0.2113276, 0.03885038
0.54896694, 0.63023776, 0.54896694
0.14660929, 0.12903309
0.05285763, 0.2113276, 0.04150198
0.0, 0.63023776, 0.77636033
0.14660929, 0.1538285
0.05285763, 0.20010923, 0.04150198
0.0, 0.40556046, 0.91405988
0.14244942, 0.1538285
0.06191082, 0.2113276, 0.0324488
0.77636033, 0.63023776, 0.0
0.14244939, 0.1538285
0.06191082, 0.20010923, 0.0324488
0.91405988, 0.40556046, 0.0
0.13828953, 0.1538285
0.04645605, 0.2113276, 0.02604724
-0.54896694, 0.63023776, -0.54896694
0.13412966, 0.09396708
0.04645605, 0.20010923, 0.02604724
-0.646321, 0.40556046, -0.646321
0.13828953, 0.09396708
0.05285763, 0.2113276, 0.04150198
0.0, 0.63023776, 0.77636033
0.13412966, 0.1538285
0.04645605, 0.20010923, 0.03885038
-0.646321, 0.40556046, 0.646321
0.13828953, 0.13629556
0.06191082, 0.2113276, 0.0324488
0.77636033, 0.63023776, 0.0
0.14660926, 0.11150014
0.05925919, 0.20010923, 0.03885038
0.646321, 0.40556046, 0.646321
0.14244942, 0.12903309
-1e-08, 0.05576013, -0.04120521
0.0, 0.63023776, 0.77636033
0.11319263, 0.09407187
-0.01542772, 0.05576013, -0.04759557
-0.54896694, 0.63023776, 0.54896694
0.11319263, 0.05181742
-0.01542772, 0.04164433, -0.04759557
-0.54896694, -0.63023776, 0.54896694
0.10795845, 0.05181742
-0.01542772, 0.05576013, -0.04759557
-0.54896694, 0.63023776, 0.54896694
0.12889542, 0.1538285
-0.0218181, 0.05576013, -0.0630233
-0.77636033, 0.63023776, 0.0
0.12889542, 0.09407187
-0.0218181, 0.04164433, -0.0630233
-0.77636033, -0.63023776, 0.0
0.12366118, 0.09407187
-0.0218181, 0.05576013, -0.0630233
-0.77636033, 0.63023776, 0.0
0.10272415, 0.05181742
-0.01542772, 0.05576013, -0.078451
-0.54896694, 0.63023776, -0.54896694
0.10272415, 0.09407187
-0.01542772, 0.04164433, -0.078451
-0.54896694, -0.63023776, -0.54896694
0.10795839, 0.09407187
0.0, 0.05576013, -0.0848414
0.0, 0.63023776, -0.77636033
0.10272421, 0.1538285
0.0, 0.04164433, -0.0848414
0.0, -0.63023776, -0.77636033
0.10795839, 0.1538285
0.0, 0.05576013, -0.0848414
0.0, 0.63023776, -0.77636033
0.43918902, 0.16210282
0.01542771, 0.05576013, -0.078451
0.54896694, 0.63023776, -0.54896694
0.43918902, 0.20435715
0.01542771, 0.04164433, -0.078451
0.54896694, -0.63023776, -0.54896694
0.44442326, 0.20435715
0.02181808, 0.05576013, -0.0630233
0.77636033, 0.63023776, 0.0
0.43918902, 0.26411378
0.02181808, 0.04164433, -0.0630233
0.77636033, -0.63023776, 0.0
0.44442326, 0.26411378
0.02181808, 0.05576013, -0.0630233
0.77636033, 0.63023776, 0.0
0.37518048, 0.45063347
-0.01542772, 0.05576013, -0.078451
-0.54896694, 0.63023776, -0.54896694
0.47622561, 0.3486225
-0.0218181, 0.05576013, -0.0630233
-0.77636033, 0.63023776, 0.0
0.43437141, 0.30636811
0.01542771, 0.05576013, -0.04759557
0.54896694, 0.63023776, 0.54896694
0.11319263, 0.1538285
-1e-08, 0.04164433, -0.04120521
0.0, -0.63023776, 0.77636033
0.10795845, 0.09407187
0.01542771, 0.05576013, -0.04759557
0.54896694, 0.63023776, 0.54896694
0.43918902, 0.30636811
0.01542771, 0.04164433, -0.04759557
0.54896694, -0.63023776, 0.54896694
0.44442326, 0.30636811
-0.01542772, 0.04164433, -0.078451
-0.54896694, -0.63023776, -0.54896694
0.33332622, 0.26411378
0.02181808, 0.04164433, -0.0630233
0.77636033, -0.63023776, 0.0
0.23228113, 0.1621027
0.01542771, 0.04164433, -0.04759557
0.54896694, -0.63023776, 0.54896694
0.19042687, 0.20435703
-1e-08, 0.1817144, -0.04120521
0.0, 0.63023776, 0.77636033
0.11842693, 0.05181754
-0.01542772, 0.1817144, -0.04759557
-0.54896694, 0.63023776, 0.54896694
0.11842693, 0.09407187
-0.01542772, 0.16759863, -0.04759557
-0.54896694, -0.63023776, 0.54896694
0.12366118, 0.09407187
-0.0218181, 0.1817144, -0.0630233
-0.77636033, 0.63023776, 0.0
0.11842693, 0.1538285
-0.0218181, 0.16759863, -0.0630233
-0.77636033, -0.63023776, 0.0
0.12366118, 0.1538285
-0.01542772, 0.1817144, -0.078451
-0.54896694, 0.63023776, -0.54896694
0.1184269, 0.11157417
-0.01542772, 0.16759863, -0.078451
-0.54896694, -0.63023776, -0.54896694
0.11319263, 0.11157417
0.0, 0.1817144, -0.0848414
0.0, 0.63023776, -0.77636033
0.11842693, 0.05181742
0.0, 0.16759863, -0.0848414
0.0, -0.63023776, -0.77636033
0.11319269, 0.05181742
0.0, 0.1817144, -0.0848414
0.0, 0.63023776, -0.77636033
0.43918902, 0.30636811
0.01542771, 0.1817144, -0.078451
0.54896694, 0.63023776, -0.54896694
0.43918902, 0.26411378
0.01542771, 0.16759863, -0.078451
0.54896694, -0.63023776, -0.54896694
0.43395478, 0.26411378
0.02181808, 0.1817144, -0.0630233
0.77636033, 0.63023776, 0.0
0.43918902, 0.20435715
0.02181808, 0.16759863, -0.0630233
0.77636033, -0.63023776, 0.0
0.43395478, 0.20435715
0.02181808, 0.1817144, -0.0630233
0.77636033, 0.63023776, 0.0
0.23228113, 0.45063341
-0.01542772, 0.1817144, -0.078451
-0.54896694, 0.63023776, -0.54896694
0.33332622, 0.34862244
-0.0218181, 0.1817144, -0.0630233
-0.77636033, 0.63023776, 0.0
0.29147202, 0.30636811
0.01542771, 0.1817144, -0.04759557
0.54896694, 0.63023776, 0.54896694
0.12889542, 0.09407187
-1e-08, 0.1817144, -0.04120521
0.0, 0.63023776, 0.77636033
0.12889542, 0.1538285
-1e-08, 0.16759863, -0.04120521
0.0, -0.63023776, 0.77636033
0.13412966, 0.1538285
0.01542771, 0.1817144, -0.04759557
0.54896694, 0.63023776, 0.54896694
0.43918902, 0.16210282
0.01542771, 0.16759863, -0.04759557
0.54896694, -0.63023776, 0.54896694
0.43395483, 0.16210282
-0.01542772, 0.16759863, -0.078451
-0.54896694, -0.63023776, -0.54896694
0.33332622, 0.11984837
0.02181808, 0.16759863, -0.0630233
0.77636033, -0.63023776, 0.0
0.23228116, 0.01783741
0.01542771, 0.16759863, -0.04759557
0.54896694, -0.63023776, 0.54896694
0.19042687, 0.06009173
2.791e-05, 0.03245607, -0.06753631
0.09186071, -0.17917417, -0.97949153
0.79069096, 0.21731877
0.00334363, 0.03243419, -0.06357561
0.93002105, 0.33460495, -0.1518601
0.78535789, 0.2257961
0.00658639, 0.0240609, -0.06201645
0.60588396, 0.65675831, -0.44892728
0.77160776, 0.2159636
-0.0047636, 0.03246287, -0.06560678
-0.76522112, -0.44462416, -0.46552935
0.6520341, 0.11242026
2.791e-05, 0.03245607, -0.06753631
0.09186071, -0.17917417, -0.97949153
0.65883553, 0.11728358
0.00558635, 0.01981788, -0.06478742
0.24393445, -0.36945707, -0.8966338
0.65883553, 0.15159899
0.00243254, 0.01680839, -0.06201645
-0.37495041, -0.88528091, -0.27509385
0.65181381, 0.15540588
0.00148342, 0.01919146, -0.05753294
-0.61067539, -0.48551896, 0.62553787
0.64121735, 0.15172052
-0.0044092, 0.03244517, -0.06045355
-0.81960511, -0.25720999, 0.51191747
0.69503087, 0.12729132
0.00148342, 0.01919146, -0.05753294
-0.61067539, -0.48551896, 0.62553787
0.69503093, 0.15540588
0.00405065, 0.02367376, -0.05753294
-0.13397625, 0.52732933, 0.83901489
0.68575644, 0.14909261
0.00334363, 0.03243419, -0.06357561
0.93002105, 0.33460495, -0.1518601
0.67356682, 0.15413052
0.00060134, 0.03242745, -0.05919822
0.24799341, 0.27445295, 0.92904449
0.66246212, 0.15540588
0.00405065, 0.02367376, -0.05753294
-0.13397625, 0.52732933, 0.83901489
0.65883553, 0.13731432
0.01630158, 0.02674761, -0.05691977
-0.03064058, 0.75701165, -0.65263832
0.75648683, 0.2375899
0.01885884, 0.02234525, -0.05779227
0.55320901, -0.27723014, -0.7855159
0.74703234, 0.23118687
0.00558635, 0.01981788, -0.06478742
0.24393445, -0.36945707, -0.8966338
0.94785106, 0.20551342
0.01885884, 0.02234525, -0.05779227
0.55320901, -0.27723014, -0.7855159
0.94109809, 0.23892683
0.01809885, 0.01922853, -0.05374378
0.36338389, -0.92556536, 0.10589923
0.92986184, 0.2372663
0.00148342, 0.01919146, -0.05753294
-0.61067539, -0.48551896, 0.62553787
0.85384619, 0.42876029
0.00243254, 0.01680839, -0.06201645
-0.37495041, -0.88528091, -0.27509385
0.84754765, 0.4369064
0.01809885, 0.01922853, -0.05374378
0.36338389, -0.92556536, 0.10589923
0.82268858, 0.41020966
0.00405065, 0.02367376, -0.05753294
-0.13397625, 0.52732933, 0.83901489
0.92952442, 0.42572725
0.00148342, 0.01919146, -0.05753294
-0.61067539, -0.48551896, 0.62553787
0.92474979, 0.4369064
0.01507189, 0.02170468, -0.05036918
-0.2857143, -0.42179632, 0.8604694
0.90814972, 0.40712589
0.00658639, 0.0240609, -0.06201645
0.60588396, 0.65675831, -0.44892728
0.67009312, 0.13696915
0.01396111, 0.02635173, -0.05233205
-0.59178442, 0.66505933, 0.45545822
0.66234273, 0.11576515
0.03099701, 0.0385159, -0.04839292
-0.19162571, 0.65501875, -0.73085725
0.74106956, 0.28535682
0.03469642, 0.03491662, -0.04859607
0.64354378, -0.17654958, -0.74474317
0.73031473, 0.2824716
0.03469642, 0.03491662, -0.04859607
0.64354378, -0.17654958, -0.74474317
0.94083428, 0.29345763
0.03456643, 0.03224289, -0.0441784
0.60377818, -0.76067382, 0.23822749
0.92952442, 0.29388732
0.01507189, 0.02170468, -0.05036918
-0.2857143, -0.42179632, 0.8604694
0.83252335, 0.40474522
0.03456643, 0.03224289, -0.0441784
0.60377818, -0.76067382, 0.23822749
0.80337501, 0.35938513
0.01396111, 0.02635173, -0.05233205
-0.59178442, 0.66505933, 0.45545822
0.91869295, 0.4025383
0.03078668, 0.03418972, -0.04124496
-0.23288675, -0.34348583, 0.9097873
0.90174496, 0.35476589
0.01396111, 0.02635173, -0.05233205
-0.59178442, 0.66505933, 0.45545822
0.76220864, 0.24018168
0.02858066, 0.03806665, -0.04384967
-0.76219976, 0.55531478, 0.33265176
0.74687773, 0.2877149
0.04486566, 0.05563318, -0.03881811
-0.25125888, 0.5701468, -0.78215885
0.73261833, 0.34330595
0.04917733, 0.05279853, -0.03858146
0.71581161, -0.08398694, -0.69319743
0.94377613, 0.354177
0.04923969, 0.05036506, -0.03402559
0.72264779, -0.61671805, 0.31208229
0.93249798, 0.35542238
0.04923969, 0.05036506, -0.03402559
0.72264779, -0.61671805, 0.31208229
0.79113108, 0.29894042
0.04496657, 0.05169572, -0.03144655
-0.2240669, -0.33823663, 0.91396832
0.80228436, 0.29772347
0.02858066, 0.03806665, -0.04384967
-0.76219976, 0.55531478, 0.33265176
0.9128902, 0.35365713
0.04496657, 0.05169572, -0.03144655
-0.2240669, -0.33823663, 0.91396832
0.90277177, 0.29468405
0.04226327, 0.05495161, -0.03440848
-0.87221903, 0.42179632, 0.24756615
0.73853564, 0.3448751
0.04917733, 0.05279853, -0.03858146
0.71581161, -0.08398694, -0.69319743
0.72150421, 0.34301692
0.05321432, 0.07322291, -0.03009562
-0.25098422, 0.45872372, -0.85238194
0.73527354, 0.39518619
0.05810689, 0.07189524, -0.02910478
0.81792659, 0.13498336, -0.55922115
0.94712901, 0.40663809
0.05824058, 0.06964677, -0.02445633
0.84014404, -0.3391827, 0.42320016
0.93587679, 0.40836656
0.05824058, 0.06964677, -0.02445633
0.84014404, -0.3391827, 0.42320016
0.79069096, 0.24173307
0.05343062, 0.06958479, -0.02257426
-0.19775994, -0.38929412, 0.89959413
0.80164266, 0.24455041
0.05343062, 0.06958479, -0.02257426
-0.19775994, -0.38929412, 0.89959413
0.90976137, 0.24219793
0.05032421, 0.07179494, -0.02605953
-0.98324531, 0.14645833, 0.1084933
0.92041481, 0.24618208
0.04486566, 0.05563318, -0.03881811
-0.25125888, 0.5701468, -0.78215885
0.91968316, 0.29624677
0.04226327, 0.05495161, -0.03440848
-0.87221903, 0.42179632, 0.24756615
0.91389102, 0.29571038
0.05810689, 0.07189524, -0.02910478
0.81792659, 0.13498336, -0.55922115
0.72465527, 0.39920825
0.05211831, 0.08639443, -0.02400564
-0.10251167, 0.34669027, -0.93234044
0.75167805, 0.42568749
0.05609097, 0.0884541, -0.02142541
0.68062377, 0.68239385, -0.26654866
0.94785106, 0.43494403
0.05618115, 0.08636583, -0.01670179
0.69527268, 0.26633504, 0.66753137
0.93659627, 0.4369064
0.05618115, 0.08636583, -0.01670179
0.69527268, 0.26633504, 0.66753137
0.80994403, 0.20157158
0.05226421, 0.08301553, -0.01636264
-0.06775109, -0.45860165, 0.88601339
0.81610841, 0.2118606
0.05226421, 0.08301553, -0.01636264
-0.06775109, -0.45860165, 0.88601339
0.9209615, 0.21280259
0.04975325, 0.08303323, -0.02087666
-0.80520034, -0.55140841, -0.21811579
0.92952442, 0.22109067
0.05321432, 0.07322291, -0.03009562
-0.25098422, 0.45872372, -0.85238194
0.81061023, 0.20072722
0.05032421, 0.07179494, -0.02605953
-0.98324531, 0.14645833, 0.1084933
0.80153286, 0.19605273
0.04975325, 0.08303323, -0.02087666
-0.80520034, -0.55140841, -0.21811579
0.80027735, 0.17003375
0.03763098, 0.09161524, -0.02169567
-0.06671346, 0.22617267, -0.97177041
0.78598702, 0.42274714
0.03763098, 0.09549309, -0.01828332
0.33042389, 0.93383586, -0.13684499
0.79069096, 0.43411416
0.05609097, 0.0884541, -0.02142541
0.68062377, 0.68239385, -0.26654866
0.81061077, 0.20046777
0.03763098, 0.09549309, -0.01828332
0.33042389, 0.93383586, -0.13684499
0.81061029, 0.15166128
0.03763098, 0.09344608, -0.01354081
0.33368939, 0.53868222, 0.77358317
0.82202584, 0.15167713
0.03763098, 0.09344608, -0.01354081
0.33368939, 0.53868222, 0.77358317
0.85384607, 0.20072722
0.05226421, 0.08301553, -0.01636264
-0.06775109, -0.45860165, 0.88601339
0.79069096, 0.16972691
0.03763098, 0.08830313, -0.01402211
-0.05975524, -0.55149996, 0.83202612
0.79215068, 0.13791156
0.03763098, 0.08717161, -0.01906208
-0.34925383, -0.86062199, -0.37052521
0.80154133, 0.14423162
0.03763098, 0.09161524, -0.02169567
-0.06671346, 0.22617267, -0.97177041
0.81061029, 0.13816941
-0.00097114, 0.18880156, -0.067735
0.01019318, 0.17914365, -0.98376417
0.89531732, 0.43528819
-0.00525723, 0.18903016, -0.06486117
-0.8989532, 0.21399578, -0.38212225
0.88580215, 0.4369064
-0.00175334, 0.21093974, -0.06083446
-0.87115085, 0.36402479, -0.3294473
0.8664732, 0.39022726
0.00308263, 0.18858537, -0.06454096
0.9344157, -0.08603168, -0.34556109
0.90174496, 0.42655158
0.00255413, 0.21084617, -0.06368379
0.05584887, 0.34208196, -0.93798637
0.87586904, 0.388322
0.00130191, 0.18868034, -0.0596931
0.53724784, -0.23505355, 0.80999178
0.72150421, 0.42857808
0.00308263, 0.18858537, -0.06454096
0.9344157, -0.08603168, -0.34556109
0.71470273, 0.4369064
0.00630709, 0.20872998, -0.06083448
0.92684716, -0.11841182, -0.35618153
0.68281198, 0.41564566
0.00130191, 0.18868034, -0.0596931
0.53724784, -0.23505355, 0.80999178
0.77134687, 0.0327872
0.00431909, 0.20751567, -0.05622416
0.49760431, -0.425367, 0.75591296
0.76482302, 0.07834089
-0.00066253, 0.20888138, -0.05622416
-0.6920377, -0.08410901, 0.7169103
0.75388247, 0.07694471
-0.00385241, 0.18895522, -0.05989101
-0.67665637, -0.02713095, 0.73577076
0.64121735, 0.16000438
-0.00066253, 0.20888138, -0.05622416
-0.6920377, -0.08410901, 0.7169103
0.59963197, 0.17819911
-0.00175334, 0.21093974, -0.06083446
-0.87115085, 0.36402479, -0.3294473
0.59312427, 0.16830391
0.00532287, 0.22812834, -0.05017967
-0.77919859, 0.59971923, -0.18198188
0.85613877, 0.3389073
0.0096731, 0.22814183, -0.05296483
0.16458632, 0.59978026, -0.78304392
0.8654688, 0.33668679
0.00630709, 0.20872998, -0.06083448
0.92684716, -0.11841182, -0.35618153
0.8839767, 0.3836242
0.00431909, 0.20751567, -0.05622416
0.49760431, -0.425367, 0.75591296
0.69168675, 0.40868944
0.01285215, 0.22458887, -0.05097692
0.9085055, -0.1779229, -0.37806329
0.65982604, 0.37962413
0.01046669, 0.22237952, -0.04696318
0.3772698, -0.72469252, 0.57655567
0.76318932, 0.12345451
0.00581334, 0.22456704, -0.04647045
-0.72164065, -0.18445387, 0.6672262
0.75214702, 0.12452507
0.00581334, 0.22456704, -0.04647045
-0.72164065, -0.18445387, 0.6672262
0.56956327, 0.21168107
0.00532287, 0.22812834, -0.05017967
-0.77919859, 0.59971923, -0.18198188
0.56016147, 0.20489943
0.01464364, 0.24007164, -0.03508583
-0.67546618, 0.73732722, -0.00634785
0.85384619, 0.28821337
0.01904587, 0.24015345, -0.03778681
0.2857143, 0.75182348, -0.59422588
0.86316156, 0.28570718
0.01285215, 0.22458887, -0.05097692
0.9085055, -0.1779229, -0.37806329
0.87446034, 0.33622062
0.01046669, 0.22237952, -0.04696318
0.3772698, -0.72469252, 0.57655567
0.67014903, 0.37486655
0.02157831, 0.23575096, -0.03684526
0.88485366, -0.21716972, -0.41206092
0.64588529, 0.33431959
0.0187412, 0.23294826, -0.03356237
0.24222541, -0.90142524, 0.35877559
0.76563406, 0.16508007
0.01445534, 0.23561859, -0.03247497
-0.76104009, -0.24958037, 0.59874266
0.75469303, 0.16802734
0.01445534, 0.23561859, -0.03247497
-0.76104009, -0.24958037, 0.59874266
0.55115038, 0.25509608
0.01464364, 0.24007164, -0.03508583
-0.67546618, 0.73732722, -0.00634785
0.5402512, 0.25173032
0.02498138, 0.24643624, -0.0175864
-0.56724751, 0.80422378, 0.17719047
0.85855198, 0.24276906
0.02157831, 0.23575096, -0.03684526
0.88485366, -0.21716972, -0.41206092
0.87233496, 0.28879243
0.02944212, 0.24655423, -0.02018823
0.40675068, 0.82598346, -0.39014864
0.86789382, 0.24000531
0.0187412, 0.23294826, -0.03356237
0.24222541, -0.90142524, 0.35877559
0.656955, 0.33191317
0.03131358, 0.24174304, -0.02036682
0.86019468, -0.23303933, -0.45353556
0.64121735, 0.28538316
0.02800947, 0.23865159, -0.01787535
0.10480056, -0.98657185, 0.12521744
0.77134681, 0.19935429
0.02409595, 0.24155216, -0.01615695
-0.8074587, -0.27927488, 0.51960814
0.7606343, 0.20368153
0.02409595, 0.24155216, -0.01615695
-0.8074587, -0.27927488, 0.51960814
0.54469907, 0.30284727
0.02498138, 0.24643624, -0.0175864
-0.56724751, 0.80422378, 0.17719047
0.53332984, 0.30293781
0.02944212, 0.24655423, -0.02018823
0.40675068, 0.82598346, -0.39014864
0.77263004, 0.02238518
0.02498138, 0.24643624, -0.0175864
-0.56724751, 0.80422378, 0.17719047
0.78402853, 0.02317655
0.03518229, 0.24681549, 0.00042262
-0.44489884, 0.8089236, 0.38425854
0.78318685, 0.06643742
0.03971328, 0.24693437, -0.00205482
0.53675956, 0.82967621, -0.15326396
0.8787899, 0.20405304
0.04086279, 0.24211387, -0.0035119
0.83690906, -0.22443312, -0.49916074
0.88688147, 0.2125507
0.04086279, 0.24211387, -0.0035119
0.83690906, -0.22443312, -0.49916074
0.64599973, 0.23857361
0.03704223, 0.23901573, -0.00193499
-0.04474013, -0.98876917, -0.14252144
0.65701187, 0.24104875
0.02409595, 0.24155216, -0.01615695
-0.8074587, -0.27927488, 0.51960814
0.74169946, 0.04363871
0.02800947, 0.23865159, -0.01787535
0.10480056, -0.98657185, 0.12521744
0.75214702, 0.04745668
0.03704223, 0.23901573, -0.00193499
-0.04474013, -0.98876917, -0.14252144
0.73850304, 0.08147502
0.03353149, 0.2419215, 0.00049667
-0.86144596, -0.27158421, 0.42909023
0.55040675, 0.34916496
0.03971328, 0.24693437, -0.00205482
0.53675956, 0.82967621, -0.15326396
0.77178282, 0.06594676
0.04407208, 0.24062651, 0.01703247
-0.30536821, 0.71514022, 0.62871182
0.78275448, 0.11399996
0.04868673, 0.24068248, 0.01471221
0.68044066, 0.72127444, 0.12933744
0.89515764, 0.18271512
0.04903634, 0.2364637, 0.01175227
0.81844538, -0.18961149, -0.54237497
0.90174496, 0.19304943
0.04903634, 0.2364637, 0.01175227
0.81844538, -0.18961149, -0.54237497
0.66032541, 0.19961137
0.04463777, 0.23380038, 0.01224316
-0.21051668, -0.86288035, -0.45942563
0.67026234, 0.20483881
0.03353149, 0.2419215, 0.00049667
-0.86144596, -0.27158421, 0.42909023
0.72745717, 0.07919556
0.04463777, 0.23380038, 0.01224316
-0.21051668, -0.86288035, -0.45942563
0.73285067, 0.11995238
0.03518229, 0.24681549, 0.00042262
-0.44489884, 0.8089236, 0.38425854
0.53954589, 0.35301501
0.04156968, 0.23637314, 0.0155065
-0.91958374, -0.21338542, 0.32981354
0.56827337, 0.38834077
0.04868673, 0.24068248, 0.01471221
0.68044066, 0.72127444, 0.12933744
0.77134687, 0.11396432
0.05032216, 0.22724545, 0.03006921
-0.18964201, 0.47309792, 0.86034727
0.7829634, 0.16127074
0.04868673, 0.24068248, 0.01471221
0.68044066, 0.72127444, 0.12933744
0.65704381, 0.19168031
0.05501043, 0.22713879, 0.0279035
0.80327767, 0.44615009, 0.39454329
0.6839484, 0.1630317
0.05468808, 0.22440407, 0.02353325
0.80544448, -0.14175847, -0.575396
0.68429178, 0.17400348
0.04980058, 0.22282058, 0.02299799
-0.35071871, -0.55021822, -0.75777459
0.69209087, 0.18144345
0.04156968, 0.23637314, 0.0155065
-0.91958374, -0.21338542, 0.32981354
0.72150421, 0.11996955
0.04980058, 0.22282058, 0.02299799
-0.35071871, -0.55021822, -0.75777459
0.73673695, 0.15953457
0.04407208, 0.24062651, 0.01703247
-0.30536821, 0.71514022, 0.62871182
0.55942363, 0.39634341
0.04710228, 0.22457667, 0.02703742
-0.96536148, -0.10330515, 0.23953979
0.59830546, 0.41507739
0.05252877, 0.20646924, 0.03716344
-0.15259254, 0.30463576, 0.94015318
0.78402853, 0.20268989
0.05724283, 0.20613401, 0.03507848
0.83382672, 0.25540942, 0.48930326
0.77263546, 0.20368153
0.05724283, 0.20613401, 0.03507848
0.83382672, 0.25540942, 0.48930326
0.72150421, 0.15540588
0.04980058, 0.22282058, 0.02299799
-0.35071871, -0.55021822, -0.75777459
0.67359924, 0.12333441
0.05468808, 0.22440407, 0.02353325
0.80544448, -0.14175847, -0.575396
0.68483883, 0.12279361
0.05669168, 0.20542872, 0.02999118
0.79302347, -0.11917478, -0.59739983
0.68483883, 0.15540588
0.05163699, 0.20532805, 0.02893203
-0.39271218, -0.33213294, -0.85757011
0.75214702, 0.1982736
0.04906417, 0.20597112, 0.03336472
-0.98098695, -0.0384228, 0.19013031
0.74207586, 0.20368153
0.04906417, 0.20597112, 0.03336472
-0.98098695, -0.0384228, 0.19013031
0.64105129, 0.42428088
0.05252877, 0.20646924, 0.03716344
-0.15259254, 0.30463576, 0.94015318
0.64121735, 0.4369064
0.02435768, 0.0840533, -0.02450568
-0.57734919, -0.57734919, -0.57734919
0.46889913, 0.65770477
0.02435768, 0.09893382, -0.02450568
-0.57734919, 0.57734919, -0.57734919
0.39962056, 0.56251934
0.03923821, 0.09893382, -0.02450568
0.57734919, 0.57734919, -0.57734919
0.48329252, 0.68647662
0.03923821, 0.0840533, -0.02450568
0.57734919, -0.57734919, -0.57734919
0.46889913, 0.70119971
0.02435768, 0.0840533, -0.00962517
-0.57734919, -0.57734919, 0.57734919
0.46889913, 0.64301077
0.03923821, 0.0840533, -0.02450568
0.57734919, -0.57734919, -0.57734919
0.46889913, 0.62831673
0.01754432, 0.70575553, -0.01754436
0.54896694, 0.63023776, -0.54896694
0.11000578, 0.5091514
0.01754432, 0.23140262, 0.01754432
0.54896694, -0.63023776, 0.54896694
0.07606581, 0.9677382
-0.01754433, 0.70575553, 0.0175443
-0.54896694, 0.63023776, 0.54896694
0.04212587, 0.50915134
0.01754432, 0.23140262, -0.01754434
0.54896694, -0.63023776, -0.54896694
0.36631721, 0.57693428
0.02481141, 0.23140262, 0.0
0.77636033, -0.63023776, 0.0
0.35252252, 0.56392658
0.01754432, 0.23140262, 0.01754432
0.54896694, -0.63023776, 0.54896694
0.35252252, 0.54553083
-1e-08, 0.23140262, 0.02481142
0.0, -0.63023776, 0.77636033
0.36631721, 0.53252316
-0.01754433, 0.23140262, -0.01754434
-0.54896694, -0.63023776, -0.54896694
0.39962056, 0.56392658
-0.01754433, 0.70575553, -0.01754436
-0.54896694, 0.63023776, -0.54896694
0.14394571, 0.5091514
-1e-08, 0.70575553, -0.02481144
0.0, 0.63023776, -0.77636033
0.90341586, 0.99847879
-0.01754433, 0.70575553, 0.0175443
-0.54896694, 0.63023776, 0.54896694
0.67593235, 0.76564395
-0.01754433, 0.70575553, -0.01754436
-0.54896694, 0.63023776, -0.54896694
0.77019286, 0.99847879
-0.02481143, 0.70575553, -2e-08
-0.77636033, 0.63023776, 0.0
0.67596614, 0.90203542
0.02481141, 0.70575553, -2e-08
0.77636033, 0.63023776, 0.0
0.99756122, 0.76564395
0.02831015, 0.18177706, -0.02831018
0.54896694, 0.63023776, -0.54896694
0.23265225, 0.79218921
0.02831015, 0.18177706, 0.02831014
0.54896694, 0.63023776, 0.54896694
0.2874189, 0.79218921
-0.02831017, 0.18177706, 0.02831014
-0.54896694, 0.63023776, 0.54896694
0.17788558, 0.79218924
0.02831015, 0.00022907, -0.02831018
0.54896694, -0.63023776, -0.54896694
0.46918562, 0.79101703
0.0400366, 0.00022907, -2e-08
0.77636033, -0.63023776, 0.0
0.43770581, 0.79101703
0.02831015, 0.00022907, 0.02831014
0.54896694, -0.63023776, 0.54896694
0.41544619, 0.77002729
-0.02831017, 0.00022907, 0.02831014
-0.54896694, -0.63023776, 0.54896694
0.43770581, 0.71935353
-0.02831017, 0.00022907, -0.02831018
-0.54896694, -0.63023776, -0.54896694
0.49144524, 0.74034327
-0.02831017, 0.00022907, -0.02831018
-0.54896694, -0.63023776, -0.54896694
0.39695224, 0.79110944
-1e-08, 0.18177706, -0.04003664
0.0, 0.63023776, -0.77636033
0.17788558, 0.60535291
-0.02831017, 0.18177706, -0.02831018
-0.54896694, 0.63023776, -0.54896694
0.17788558, 0.57566899
-0.04003661, 0.18177706, -2e-08
-0.77636033, 0.63023776, 0.0
0.20014518, 0.55467916
-0.02831017, 0.18177706, 0.02831014
-0.54896694, 0.63023776, 0.54896694
0.23162505, 0.55467916
0.0400366, 0.18177706, -2e-08
0.77636033, 0.63023776, 0.0
0.23162505, 0.62634271
0.0325267, 0.03045178, -0.03252673
0.54896694, 0.63023776, -0.54896694
0.46747097, 0.60068554
0.0325267, 0.03045178, 0.03252669
0.54896694, 0.63023776, 0.54896694
0.41687435, 0.71935353
-0.03252672, 0.03045178, 0.03252669
-0.54896694, 0.63023776, 0.54896694
0.3983804, 0.8607541
0.0325267, -0.0201819, -0.03252673
0.54896694, -0.63023776, -0.54896694
0.26520404, 0.65045872
0.04599971, -0.0201819, -2e-08
0.77636033, -0.63023776, 0.0
0.26520404, 0.68456388
0.0325267, -0.0201819, 0.03252669
0.54896694, -0.63023776, 0.54896694
0.23962906, 0.70867985
-0.03252672, -0.0201819, 0.03252669
-0.54896694, -0.63023776, 0.54896694
0.17788558, 0.68456388
-0.04599971, -0.0201819, -2e-08
-0.77636033, -0.63023776, 0.0
0.17788558, 0.65045872
-0.03252672, 0.03045178, -0.03252673
-0.54896694, 0.63023776, -0.54896694
0.31722885, 0.54230452
-1e-08, 0.03045178, -0.04599974
0.0, 0.63023776, -0.77636033
0.26520404, 0.73279586
-0.03252672, 0.03045178, -0.03252673
-0.54896694, 0.63023776, -0.54896694
0.29077902, 0.70867985
-0.04599971, 0.03045178, -2e-08
-0.77636033, 0.63023776, 0.0
0.32694754, 0.70867985
-0.03252672, 0.03045178, 0.03252669
-0.54896694, 0.63023776, 0.54896694
0.35252252, 0.73279586
0.04599971, 0.03045178, -2e-08
0.77636033, 0.63023776, 0.0
0.29077902, 0.79101703
0.0325267, 0.20523299, -0.03252673
0.68330944, 0.25720999, -0.68330944
0.41544619, 0.73303255
0.0325267, 0.20523299, 0.03252669
0.68330944, 0.25720999, 0.68330944
0.41544619, 0.62599114
-0.03252672, 0.20523299, 0.03252669
-0.68330944, 0.25720999, 0.68330944
0.26520404, 0.659623
-1e-08, 0.15459932, -0.04599972
0.0, -0.63023776, -0.77636033
0.17788558, 0.73279586
0.0325267, 0.15459932, -0.03252671
0.54896694, -0.63023776, -0.54896694
0.20346057, 0.70867985
0.0325267, 0.15459932, 0.03252669
0.54896694, -0.63023776, 0.54896694
0.26520404, 0.73279586
-0.03252672, 0.15459932, 0.03252669
-0.54896694, -0.63023776, 0.54896694
0.23962903, 0.79101703
-0.03252672, 0.15459932, -0.03252671
-0.54896694, -0.63023776, -0.54896694
0.17788558, 0.76690103
-0.03252672, 0.20523299, -0.03252671
-0.68330944, 0.25720999, -0.68330944
0.45987582, 0.90981096
-1e-08, 0.26337123, -0.02956093
0.0, 0.63023776, -0.77636033
0.41544619, 0.56327066
-0.02090273, 0.26337123, -0.02090274
-0.54896694, 0.63023776, -0.54896694
0.43188149, 0.54777294
-0.02956091, 0.26337123, -2e-08
-0.77636033, 0.63023776, 0.0
0.45512456, 0.54777294
-1e-08, 0.26337123, 0.02956089
0.0, 0.63023776, 0.77636033
0.47155988, 0.58518773
0.0295609, 0.26337123, -2e-08
0.77636033, 0.63023776, 0.0
0.43188149, 0.60068545
-0.00717155, 0.03091248, -0.05585174
-0.54896694, -0.63023776, 0.54896694
0.4737494, 0.96749848
-0.00717155, 0.03091248, -0.07019483
-0.54896694, -0.63023776, -0.54896694
0.48762286, 0.80979809
0.00717154, 0.03091248, -0.07019483
0.54896694, -0.63023776, -0.54896694
0.4737494, 0.80979809
-0.0101421, 0.19431752, -0.0630233
-0.77636033, 0.63023776, 0.0
0.46889913, 0.71403641
-0.00717155, 0.19431752, -0.05585174
-0.54896694, 0.63023776, 0.54896694
0.47453797, 0.71935353
0.00717154, 0.19431752, -0.05585174
0.54896694, 0.63023776, 0.54896694
0.48815125, 0.71403641
0.00717154, 0.19431752, -0.07019485
0.54896694, 0.63023776, -0.54896694
0.48251241, 0.70119971
-0.00717155, 0.19431752, -0.07019485
-0.54896694, 0.63023776, -0.54896694
0.46889913, 0.70651686
0.00717154, 0.03091248, -0.05585174
0.54896694, -0.63023776, 0.54896694
0.32812771, 0.55068257
-1e-08, 0.03091248, -0.0528812
0.0, -0.63023776, 0.77636033
0.47348917, 0.80950114
-0.00717155, 0.03091248, -0.07019483
-0.54896694, -0.63023776, -0.54896694
0.47348917, 0.79134734
-0.00717155, 0.03091248, -0.05585174
-0.54896694, -0.63023776, 0.54896694
0.479128, 0.80418402
-0.0101421, 0.03091248, -0.0630233
-0.77636033, -0.63023776, 0.0
0.479128, 0.79666448
0.01014209, 0.03091248, -0.0630233
0.77636033, -0.63023776, 0.0
0.45987582, 0.80418402
0.05285763, 0.18598409, 0.01000504
0.0, 0.3424482, -0.93951231
0.43395478, 0.20143175
0.07530139, 0.18598409, 0.0324488
0.93951231, 0.3424482, 0.0
0.38364053, 0.15796554
0.03698748, 0.18598409, 0.04831895
-0.66432691, 0.3424482, 0.66432691
0.38364053, 0.20143163
0.06872776, 0.05029574, 0.01657867
0.54896694, -0.63023776, -0.54896694
0.08648406, 0.45063353
0.07530139, 0.05029574, 0.0324488
0.77636033, -0.63023776, 0.0
0.04342954, 0.40716743
0.06872776, 0.05029574, 0.04831895
0.54896694, -0.63023776, 0.54896694
0.04342951, 0.3456971
0.03698748, 0.05029574, 0.04831895
-0.54896694, -0.63023776, 0.54896694
0.14737232, 0.30223101
0.03698748, 0.05029574, 0.01657867
-0.54896694, -0.63023776, -0.54896694
0.19042687, 0.40716743
0.03698748, 0.18598409, 0.04831895
-0.66432691, 0.3424482, 0.66432691
0.14737232, 0.30223101
0.05285763, 0.20010923, 0.02339561
0.0, 0.40556046, -0.91405988
0.13828953, 0.11150014
0.06872776, 0.18598409, 0.04831895
0.66432691, 0.3424482, 0.66432691
0.04342951, 0.25876492
0.05285763, 0.2113276, 0.02339561
0.0, 0.63023776, -0.77636033
0.04342951, 0.11150014
0.04645605, 0.2113276, 0.02604724
-0.54896694, 0.63023776, -0.54896694
0.06079648, 0.09396708
0.04380443, 0.2113276, 0.0324488
-0.77636033, 0.63023776, 0.0
0.08535714, 0.09396708
0.04645605, 0.2113276, 0.03885038
-0.54896694, 0.63023776, 0.54896694
0.10272415, 0.11150014
0.06191082, 0.2113276, 0.0324488
0.77636033, 0.63023776, 0.0
0.06079651, 0.1538285
0.04645605, 0.20010923, 0.02604724
-0.646321, 0.40556046, -0.646321
0.15076916, 0.1538285
0.05285763, 0.20010923, 0.04150198
0.0, 0.40556046, 0.91405988
0.13828953, 0.1538285
0.06191082, 0.20010923, 0.0324488
0.91405988, 0.40556046, 0.0
0.14244939, 0.11150014
-0.01542772, 0.04164433, -0.04759557
-0.54896694, -0.63023776, 0.54896694
0.12366118, 0.1538285
-0.0218181, 0.04164433, -0.0630233
-0.77636033, -0.63023776, 0.0
0.10795839, 0.05181754
0.0, 0.04164433, -0.0848414
0.0, -0.63023776, -0.77636033
0.44442326, 0.16210282
-0.01542772, 0.05576013, -0.04759557
-0.54896694, 0.63023776, 0.54896694
0.37518054, 0.30636811
-1e-08, 0.05576013, -0.04120521
0.0, 0.63023776, 0.77636033
0.33332628, 0.34862244
0.01542771, 0.05576013, -0.04759557
0.54896694, 0.63023776, 0.54896694
0.33332622, 0.40837908
0.01542771, 0.05576013, -0.078451
0.54896694, 0.63023776, -0.54896694
0.43437135, 0.45063353
0.0, 0.05576013, -0.0848414
0.0, 0.63023776, -0.77636033
0.47622555, 0.4083792
0.01542771, 0.04164433, -0.04759557
0.54896694, -0.63023776, 0.54896694
0.10795839, 0.1538285
-1e-08, 0.04164433, -0.04120521
0.0, -0.63023776, 0.77636033
0.19042687, 0.26411378
-0.01542772, 0.04164433, -0.04759557
-0.54896694, -0.63023776, 0.54896694
0.23228113, 0.30636811
-0.0218181, 0.04164433, -0.0630233
-0.77636033, -0.63023776, 0.0
0.29147196, 0.30636811
0.0, 0.04164433, -0.0848414
0.0, -0.63023776, -0.77636033
0.33332622, 0.20435703
0.01542771, 0.04164433, -0.078451
0.54896694, -0.63023776, -0.54896694
0.29147196, 0.1621027
-1e-08, 0.16759863, -0.04120521
0.0, -0.63023776, 0.77636033
0.12366118, 0.05181754
-0.0218181, 0.16759863, -0.0630233
-0.77636033, -0.63023776, 0.0
0.11319269, 0.1538285
0.0, 0.16759863, -0.0848414
0.0, -0.63023776, -0.77636033
0.43395478, 0.30636811
-0.01542772, 0.1817144, -0.04759557
-0.54896694, 0.63023776, 0.54896694
0.23228116, 0.30636811
-1e-08, 0.1817144, -0.04120521
0.0, 0.63023776, 0.77636033
0.1904269, 0.34862244
0.01542771, 0.1817144, -0.04759557
0.54896694, 0.63023776, 0.54896694
0.19042687, 0.40837908
0.01542771, 0.1817144, -0.078451
0.54896694, 0.63023776, -0.54896694
0.29147196, 0.45063353
0.0, 0.1817144, -0.0848414
0.0, 0.63023776, -0.77636033
0.33332622, 0.4083792
0.01542771, 0.16759863, -0.04759557
0.54896694, -0.63023776, 0.54896694
0.13412966, 0.09407187
-1e-08, 0.16759863, -0.04120521
0.0, -0.63023776, 0.77636033
0.19042687, 0.11984837
-0.01542772, 0.16759863, -0.04759557
-0.54896694, -0.63023776, 0.54896694
0.23228113, 0.1621027
-0.0218181, 0.16759863, -0.0630233
-0.77636033, -0.63023776, 0.0
0.29147202, 0.1621027
0.0, 0.16759863, -0.0848414
0.0, -0.63023776, -0.77636033
0.33332622, 0.06009173
0.01542771, 0.16759863, -0.078451
0.54896694, -0.63023776, -0.54896694
0.29147196, 0.01783741
0.00558635, 0.01981788, -0.06478742
0.24393445, -0.36945707, -0.8966338
0.76874721, 0.20368153
-0.0044092, 0.03244517, -0.06045355
-0.81960511, -0.25720999, 0.51191747
0.64126229, 0.11563593
0.00060134, 0.03242745, -0.05919822
0.24799341, 0.27445295, 0.92904449
0.68483883, 0.13064116
0.00243254, 0.01680839, -0.06201645
-0.37495041, -0.88528091, -0.27509385
0.93842065, 0.19862294
0.01630158, 0.02674761, -0.05691977
-0.03064058, 0.75701165, -0.65263832
0.67356682, 0.1159144
0.03078668, 0.03418972, -0.04124496
-0.23288675, -0.34348583, 0.9097873
0.81412929, 0.35610992
0.05321432, 0.07322291, -0.03009562
-0.25098422, 0.45872372, -0.85238194
0.92653936, 0.24460727
0.05609097, 0.0884541, -0.02142541
0.68062377, 0.68239385, -0.26654866
0.74654979, 0.4369064
0.05211831, 0.08639443, -0.02400564
-0.10251167, 0.34669027, -0.93234044
0.80916196, 0.16963542
0.05618115, 0.08636583, -0.01670179
0.69527268, 0.26633504, 0.66753137
0.82202584, 0.20072722
0.03763098, 0.08830313, -0.01402211
-0.05975524, -0.55149996, 0.83202612
0.85046202, 0.2119562
-0.00385241, 0.18895522, -0.05989101
-0.67665637, -0.02713095, 0.73577076
0.76078618, 0.02875727
-0.00525723, 0.18903016, -0.06486117
-0.8989532, 0.21399578, -0.38212225
0.63885093, 0.14831328
0.03131358, 0.24174304, -0.02036682
0.86019468, -0.23303933, -0.45353556
0.87676883, 0.24600065
0.02800947, 0.23865159, -0.01787535
0.10480056, -0.98657185, 0.12521744
0.65251213, 0.28532696
0.05501043, 0.22713879, 0.0279035
0.80327767, 0.44615009, 0.39454329
0.77155876, 0.16180015
0.04710228, 0.22457667, 0.02703742
-0.96536148, -0.10330515, 0.23953979
0.72569847, 0.16244364
0.05032216, 0.22724545, 0.03006921
-0.18964201, 0.47309792, 0.86034727
0.5934732, 0.42654991
0.05669168, 0.20542872, 0.02999118
0.79302347, -0.11917478, -0.59739983
0.718211, 0.16717988
0.05163699, 0.20532805, 0.02893203
-0.39271218, -0.33213294, -0.85757011
0.67356682, 0.15341359
# Number of Faces:
450
# Face Data:
0, 1, 2
3, 4, 5
6, 7, 8
9, 10, 11
12, 13, 14
15, 16, 17
18, 19, 20
21, 22, 23
24, 25, 22
26, 27, 28
29, 30, 28
31, 32, 33
34, 35, 36
37, 20, 38
39, 40, 32
41, 42, 43
44, 45, 46
47, 48, 49
50, 51, 48
52, 53, 54
55, 56, 53
57, 58, 59
60, 61, 62
63, 64, 46
65, 66, 58
67, 68, 69
70, 71, 72
73, 74, 75
76, 77, 74
78, 79, 80
81, 82, 79
83, 84, 85
86, 87, 88
89, 72, 90
83, 91, 92
93, 94, 95
96, 97, 98
99, 100, 101
102, 103, 100
104, 105, 106
107, 108, 105
109, 110, 111
112, 113, 114
115, 98, 116
117, 118, 110
119, 120, 117
121, 122, 120
123, 124, 99
125, 126, 107
127, 128, 115
115, 128, 129
124, 130, 102
131, 119, 109
132, 125, 104
133, 134, 135
136, 137, 126
138, 139, 130
140, 141, 129
142, 140, 128
143, 121, 119
144, 136, 125
145, 138, 124
146, 147, 148
149, 150, 151
150, 152, 153
154, 155, 156
155, 157, 158
159, 160, 161
162, 163, 164
165, 146, 166
160, 167, 168
169, 170, 171
172, 173, 174
175, 176, 173
177, 178, 179
180, 181, 178
182, 183, 181
184, 185, 186
187, 188, 189
190, 191, 192
193, 194, 185
195, 196, 197
198, 199, 200
201, 202, 203
203, 202, 204
205, 206, 207
197, 208, 209
207, 196, 195
208, 201, 210
211, 204, 206
212, 213, 214
215, 216, 217
218, 219, 220
221, 222, 223
199, 224, 225
219, 226, 227
228, 218, 229
230, 221, 231
232, 233, 234
235, 236, 237
238, 239, 240
239, 241, 242
243, 244, 245
244, 246, 247
248, 249, 250
251, 232, 252
246, 253, 254
255, 256, 257
258, 259, 260
259, 261, 262
261, 263, 264
263, 265, 266
267, 268, 269
268, 270, 271
272, 273, 274
275, 276, 277
270, 278, 279
280, 281, 282
283, 284, 285
286, 287, 288
286, 289, 290
291, 292, 293
294, 295, 296
285, 297, 298
299, 300, 301
302, 303, 304
305, 306, 307
308, 296, 309
297, 310, 311
300, 312, 313
314, 304, 315
316, 307, 317
297, 318, 319
311, 310, 320
312, 321, 322
315, 323, 324
325, 317, 326
310, 319, 327
328, 320, 329
321, 330, 331
323, 332, 333
326, 334, 335
336, 337, 335
338, 329, 339
330, 340, 341
332, 342, 343
334, 344, 345
346, 347, 348
339, 349, 350
351, 352, 353
343, 342, 354
348, 355, 356
348, 357, 358
359, 360, 361
362, 359, 363
364, 365, 366
367, 368, 369
370, 371, 372
361, 373, 374
375, 363, 374
376, 366, 377
368, 378, 379
371, 380, 381
373, 382, 383
384, 374, 383
385, 377, 386
378, 387, 388
380, 389, 390
383, 382, 391
392, 383, 393
394, 386, 395
387, 396, 397
389, 398, 399
400, 401, 402
393, 403, 404
395, 405, 406
407, 408, 409
399, 398, 410
411, 402, 412
403, 413, 414
405, 415, 416
417, 409, 418
419, 410, 420
421, 412, 422
423, 424, 425
415, 425, 426
427, 418, 428
429, 420, 430
422, 431, 432
425, 424, 433
434, 435, 436
428, 437, 438
430, 439, 440
441, 0, 2
442, 3, 5
443, 6, 8
444, 9, 11
445, 12, 14
446, 15, 17
37, 18, 20
447, 21, 23
21, 24, 22
448, 26, 28
27, 29, 28
449, 31, 33
36, 450, 451
451, 452, 36
453, 34, 36
35, 454, 36
36, 452, 453
455, 37, 38
31, 39, 32
43, 456, 457
458, 459, 457
457, 41, 43
42, 460, 43
456, 458, 457
64, 44, 46
461, 47, 49
47, 50, 48
462, 52, 54
52, 55, 53
463, 57, 59
62, 464, 465
465, 466, 60
60, 467, 61
61, 468, 62
62, 465, 60
469, 63, 46
57, 65, 58
69, 470, 471
471, 472, 473
473, 67, 69
68, 474, 69
69, 471, 473
89, 70, 72
475, 73, 75
73, 76, 74
476, 78, 80
78, 81, 79
477, 83, 85
88, 478, 86
479, 480, 86
86, 481, 482
482, 87, 86
478, 479, 86
483, 89, 90
84, 83, 92
95, 484, 485
485, 486, 95
487, 93, 95
94, 488, 95
95, 486, 487
115, 96, 98
489, 99, 101
99, 102, 100
490, 104, 106
104, 107, 105
491, 109, 111
492, 493, 114
114, 494, 112
112, 495, 113
113, 496, 492
492, 114, 113
497, 115, 116
109, 117, 110
109, 119, 117
119, 121, 120
489, 123, 99
104, 125, 107
497, 127, 115
96, 115, 129
99, 124, 102
491, 131, 109
490, 132, 104
135, 498, 499
499, 500, 133
133, 501, 134
134, 502, 135
135, 499, 133
125, 136, 126
124, 138, 130
128, 140, 129
127, 142, 128
131, 143, 119
132, 144, 125
123, 145, 124
166, 146, 148
503, 149, 151
151, 150, 153
504, 154, 156
156, 155, 158
505, 159, 161
506, 507, 164
164, 508, 162
162, 509, 163
163, 510, 506
506, 164, 163
511, 165, 166
161, 160, 168
171, 512, 513
514, 515, 513
513, 169, 171
170, 516, 171
512, 514, 513
517, 172, 174
172, 175, 173
518, 177, 179
177, 180, 178
180, 182, 181
519, 184, 186
189, 520, 521
521, 522, 189
187, 523, 188
188, 524, 189
189, 522, 187
193, 190, 192
184, 193, 185
525, 195, 197
526, 198, 200
210, 201, 203
211, 203, 204
527, 205, 207
525, 197, 209
527, 207, 195
209, 208, 210
205, 211, 206
214, 528, 529
529, 530, 531
531, 212, 214
213, 532, 214
214, 529, 531
533, 215, 217
229, 218, 220
231, 221, 223
200, 199, 225
220, 219, 227
534, 228, 229
535, 230, 231
252, 232, 234
536, 235, 237
537, 238, 240
240, 239, 242
538, 243, 245
245, 244, 247
250, 539, 540
540, 541, 248
248, 542, 543
543, 249, 248
250, 540, 248
544, 251, 252
247, 246, 254
257, 545, 255
546, 547, 255
255, 548, 549
549, 256, 255
545, 546, 255
550, 258, 260
260, 259, 262
551, 261, 264
264, 263, 266
552, 267, 269
269, 268, 271
274, 553, 554
554, 555, 272
272, 556, 557
557, 273, 272
274, 554, 272
558, 275, 277
271, 270, 279
282, 559, 280
560, 561, 280
280, 562, 563
563, 281, 280
559, 560, 280
564, 283, 285
289, 286, 288
565, 286, 290
566, 291, 293
308, 294, 296
564, 285, 298
567, 299, 301
314, 302, 304
316, 305, 307
568, 308, 309
298, 297, 311
301, 300, 313
569, 314, 315
325, 316, 317
310, 297, 319
328, 311, 320
313, 312, 322
569, 315, 324
337, 325, 326
320, 310, 327
338, 328, 329
322, 321, 331
324, 323, 333
337, 326, 335
570, 336, 335
571, 338, 339
331, 330, 341
333, 332, 343
335, 334, 345
572, 346, 348
571, 339, 350
573, 351, 353
574, 343, 354
357, 348, 356
572, 348, 358
363, 359, 361
375, 362, 363
376, 364, 366
575, 367, 369
576, 370, 372
363, 361, 374
384, 375, 374
385, 376, 377
369, 368, 379
372, 371, 381
374, 373, 383
392, 384, 383
394, 385, 386
379, 378, 388
381, 380, 390
393, 383, 391
577, 392, 393
578, 394, 395
388, 387, 397
390, 389, 399
411, 400, 402
577, 393, 404
578, 395, 406
417, 407, 409
419, 399, 410
421, 411, 412
404, 403, 414
406, 405, 416
427, 417, 418
429, 419, 420
579, 421, 422
415, 423, 425
416, 415, 426
580, 427, 428
581, 429, 430
579, 422, 432
582, 425, 433
583, 434, 436
580, 428, 438
581, 430, 440
