# Project Zomboid Skinned Mesh
# File Version:
1.0
# Model Name:
Trident
# Vertex Stride Element Count:
3
# Vertex Stride Size (in bytes):
76
# Vertex Stride Data:
# (Int)    Offset
# (String) Type
0
VertexArray
12
NormalArray
24
TextureCoordArray
# Vertex Count:
162
# Vertex Buffer:
0.01355278, 0.61345071, 0.00028962
0.77636033, -0.63023776, 0.0
0.63372177, 0.06906098
0.00963371, 0.61345071, -0.00917184
0.54896694, -0.63023776, -0.54896694
0.63845253, 0.06906098
0.00963372, 0.66692489, -0.00917184
0.54896694, 0.63023776, -0.54896694
0.63845253, 0.05569243
0.00963372, 0.66692489, -0.00917184
0.54896694, 0.63023776, -0.54896694
0.48614818, 0.05259407
0.00963371, 0.61345071, -0.00917184
0.54896694, -0.63023776, -0.54896694
0.45941108, 0.05259407
0.00017225, 0.61345071, -0.01309091
0.0, -0.63023776, -0.77636033
0.45941108, 0.05495942
0.00017226, 0.66692489, -0.01309091
0.0, 0.63023776, -0.77636033
0.48614818, 0.05495942
-0.00928921, 0.61345071, -0.00917184
-0.54896694, -0.63023776, -0.54896694
0.45941108, 0.05732477
-0.00928921, 0.61345071, -0.00917184
-0.54896694, -0.63023776, -0.54896694
0.63845253, 0.06906098
-0.01320827, 0.61345071, 0.00028962
-0.77636033, -0.63023776, 0.0
0.63372177, 0.06906098
-0.01320826, 0.66692489, 0.00028962
-0.77636033, 0.63023776, 0.0
0.63372177, 0.05569243
-0.0092892, 0.61345071, 0.00975108
-0.54896694, -0.63023776, 0.54896694
0.62899107, 0.06906098
-0.0092892, 0.66692489, 0.00975108
-0.54896694, 0.63023776, 0.54896694
0.62899107, 0.05569243
-0.0092892, 0.61345071, 0.00975108
-0.54896694, -0.63023776, 0.54896694
0.45941108, 0.05732477
0.00017226, 0.61345071, 0.01367014
0.0, -0.63023776, 0.77636033
0.45941108, 0.05495942
0.00017226, 0.66692489, 0.01367014
0.0, 0.63023776, 0.77636033
0.48614818, 0.05495942
0.00017226, 0.61345071, 0.01367014
0.0, -0.63023776, 0.77636033
0.53029931, 0.02705592
-0.00928921, 0.61345071, -0.00917184
-0.54896694, -0.63023776, -0.54896694
0.54172027, 0.02942127
0.00017225, 0.61345071, -0.01309091
0.0, -0.63023776, -0.77636033
0.54367977, 0.02705592
0.00963371, 0.61345071, 0.00975108
0.54896694, -0.63023776, 0.54896694
0.62899107, 0.06906098
0.01355278, 0.66692489, 0.00028962
0.77636033, 0.63023776, 0.0
0.63372177, 0.05569243
0.00963371, 0.61345071, 0.00975108
0.54896694, -0.63023776, 0.54896694
0.45941108, 0.05259407
0.00963372, 0.66692489, 0.00975108
0.54896694, 0.63023776, 0.54896694
0.48614818, 0.05259407
-0.0092892, 0.66692489, -0.00917184
-0.54896694, 0.63023776, -0.54896694
0.54172027, 0.02942127
-0.0092892, 0.66692489, 0.00975108
-0.54896694, 0.63023776, 0.54896694
0.53225881, 0.02942127
0.00963372, 0.66692489, 0.00975108
0.54896694, 0.63023776, 0.54896694
0.53225881, 0.02469057
0.01000004, 0.66032577, 0.01000004
0.72179329, -0.67815179, 0.13818781
0.53213435, 0.02459896
-0.01000004, 0.66032577, 0.01000004
-0.72179329, -0.67815179, 0.13818781
0.53213435, 0.02959895
-0.01000004, 0.66032577, -0.01000004
-0.72179329, -0.67815179, -0.13818781
0.54213434, 0.02959895
-0.00551956, 0.68664014, 0.0138558
-0.90356153, 0.39915159, 0.15567492
0.6269387, 0.05076361
-0.00551956, 0.68664014, -0.0138558
-0.90356153, 0.39915159, -0.15567492
0.64079452, 0.05076361
-0.01000004, 0.66032577, -0.01000004
-0.72179329, -0.67815179, -0.13818781
0.6388666, 0.05734223
0.00551956, 0.68664014, -0.0138558
0.90356153, 0.39915159, -0.15567492
0.64079452, 0.05076361
0.00551956, 0.68664014, 0.0138558
0.90356153, 0.39915159, 0.15567492
0.6269387, 0.05076361
0.01000004, 0.66032577, 0.01000004
0.72179329, -0.67815179, 0.13818781
0.62886655, 0.05734223
0.00551956, 0.74336964, -0.01000004
0.70912808, 0.07321391, -0.70122379
0.6388666, 0.03658128
0.00551956, 0.74336964, 0.01000004
0.70912808, 0.07321391, 0.70122379
0.62886655, 0.03658128
0.00551956, 0.70120764, 0.05168178
0.82778406, 0.37424847, -0.41795099
0.60802573, 0.04712176
0.01000004, 0.67741573, 0.05168178
0.73873103, -0.54048282, 0.40263069
0.60802573, 0.05306971
-0.00551956, 0.70120764, 0.05168178
-0.82778406, 0.37424847, -0.41795099
0.51129347, 0.02847886
0.00551956, 0.70120764, 0.05168178
0.82778406, 0.37424847, -0.41795099
0.51129347, 0.02571911
0.00551956, 0.68664014, 0.0138558
0.90356153, 0.39915159, 0.15567492
0.53020644, 0.02571911
-0.01000004, 0.67741573, 0.05168178
-0.73873103, -0.54048282, 0.40263069
0.60802573, 0.05306971
-0.00551956, 0.70120764, 0.05168178
-0.82778406, 0.37424847, -0.41795099
0.60802573, 0.04712176
0.01000004, 0.67741573, 0.05168178
0.73873103, -0.54048282, 0.40263069
0.51129347, 0.02459896
-0.01000004, 0.67741573, 0.05168178
-0.73873103, -0.54048282, 0.40263069
0.51129347, 0.02959895
0.00551956, 0.72655034, 0.07237485
0.69988096, 0.06497391, 0.71126437
0.51596087, 0.0536226
0.0, 0.81023061, 0.06202832
0.0, 1.0, 0.0
0.55780101, 0.05500245
-0.00551956, 0.72655034, 0.07237485
-0.69988096, 0.06497391, 0.71126437
0.51596087, 0.05638242
0.01000004, 0.67741573, -0.05168178
0.73873103, -0.54048282, -0.40263069
0.65970749, 0.05306971
0.00551956, 0.70120764, -0.05168178
0.82778406, 0.37424847, 0.41795099
0.65970749, 0.04712176
-0.01000004, 0.67741573, -0.05168178
-0.73873103, -0.54048282, -0.40263069
0.56297523, 0.02959895
0.01000004, 0.67741573, -0.05168178
0.73873103, -0.54048282, -0.40263069
0.56297523, 0.02459896
0.01000004, 0.66032577, -0.01000004
0.72179329, -0.67815179, -0.13818781
0.54213434, 0.02459896
-0.00551956, 0.70120764, -0.05168178
-0.82778406, 0.37424847, 0.41795099
0.65970749, 0.04712176
-0.01000004, 0.67741573, -0.05168178
-0.73873103, -0.54048282, -0.40263069
0.65970749, 0.05306971
0.00551956, 0.70120764, -0.05168178
0.82778406, 0.37424847, 0.41795099
0.56297523, 0.02571911
-0.00551956, 0.70120764, -0.05168178
-0.82778406, 0.37424847, 0.41795099
0.56297523, 0.02847886
-0.00551956, 0.68664014, -0.0138558
-0.90356153, 0.39915159, -0.15567492
0.54406226, 0.02847886
-0.00551956, 0.72655034, -0.05168178
-0.69988096, 0.06497391, 0.71126437
0.65970749, 0.04078609
-0.00551956, 0.72655034, -0.07237485
-0.69988096, 0.06497391, -0.71126437
0.67005402, 0.04078609
-0.00551956, 0.72655034, -0.07237485
-0.69988096, 0.06497391, -0.71126437
0.51596087, 0.05638242
0.00551956, 0.72655034, -0.07237485
0.69988096, 0.06497391, -0.71126437
0.51596087, 0.0536226
0.00551956, 0.69741577, -0.07237485
0.61381876, -0.28003785, -0.73805964
0.50139362, 0.0536226
-0.00551956, 0.69741577, -0.07237485
-0.61381876, -0.28003785, -0.73805964
0.67005402, 0.04806972
-0.00551956, 0.74336964, -0.01000004
-0.70912808, 0.07321391, -0.70122379
0.52437049, 0.05638242
0.00551956, 0.74336964, -0.01000004
0.70912808, 0.07321391, -0.70122379
0.52437049, 0.0536226
0.00551956, 0.68664014, -0.0138558
0.90356153, 0.39915159, -0.15567492
0.49600577, 0.0536226
-0.00551956, 0.74336964, 0.01000004
-0.70912808, 0.07321391, 0.70122379
0.62886655, 0.03658128
-0.00551956, 0.74336964, -0.01000004
-0.70912808, 0.07321391, -0.70122379
0.6388666, 0.03658128
0.00551956, 0.74336964, 0.01000004
0.70912808, 0.07321391, 0.70122379
0.52437049, 0.0536226
-0.00551956, 0.74336964, 0.01000004
-0.70912808, 0.07321391, 0.70122379
0.52437049, 0.05638242
-0.00551956, 0.68664014, 0.0138558
-0.90356153, 0.39915159, 0.15567492
0.49600577, 0.05638242
-0.00551956, 0.72655034, 0.07237485
-0.69988096, 0.06497391, 0.71126437
0.5976792, 0.04078609
0.0, 0.81023061, 0.06202832
0.0, 1.0, 0.0
0.60285246, 0.01986599
-0.00551956, 0.72655034, 0.05168178
-0.69988096, 0.06497391, -0.71126437
0.60802573, 0.04078609
0.00551956, 0.69741577, 0.07237485
0.61381876, -0.28003785, 0.73805964
0.50094694, 0.02571911
-0.00551956, 0.69741577, 0.07237485
-0.61381876, -0.28003785, 0.73805964
0.50094694, 0.02847886
-0.00551956, 0.69741577, 0.07237485
-0.61381876, -0.28003785, 0.73805964
0.5976792, 0.04806972
-0.00551956, 0.72655034, 0.05168178
-0.69988096, 0.06497391, -0.71126437
0.51596087, 0.05638242
0.00551956, 0.72655034, 0.05168178
0.69988096, 0.06497391, -0.71126437
0.51596087, 0.0536226
0.00551956, 0.70120764, 0.05168178
0.82778406, 0.37424847, -0.41795099
0.50328952, 0.0536226
0.00551956, 0.72655034, -0.07237485
0.69988096, 0.06497391, -0.71126437
0.67005402, 0.04078609
0.00551956, 0.72655034, -0.05168178
0.69988096, 0.06497391, 0.71126437
0.65970749, 0.04078609
0.00551956, 0.72655034, -0.05168178
0.69988096, 0.06497391, 0.71126437
0.51596087, 0.0536226
-0.00551956, 0.72655034, -0.05168178
-0.69988096, 0.06497391, 0.71126437
0.51596087, 0.05638242
-0.00551956, 0.70120764, -0.05168178
-0.82778406, 0.37424847, 0.41795099
0.50328952, 0.05638242
-0.0, 0.81023061, -0.06202832
0.0, 1.0, 0.0
0.55780101, 0.05500245
-0.0, 0.81023061, -0.06202832
0.0, 1.0, 0.0
0.66488075, 0.01986599
0.0, 0.85156786, 0.0
0.0, 1.0, 0.0
0.57846963, 0.05500245
0.0, 0.85156786, 0.0
0.0, 1.0, 0.0
0.63386661, 0.00953174
0.00551956, 0.72655034, 0.05168178
0.69988096, 0.06497391, -0.71126437
0.60802573, 0.04078609
0.00551956, 0.72655034, 0.07237485
0.69988096, 0.06497391, 0.71126437
0.5976792, 0.04078609
0.00551956, 0.69741577, 0.07237485
0.61381876, -0.28003785, 0.73805964
0.5976792, 0.04806972
-0.00551956, 0.69741577, 0.07237485
-0.61381876, -0.28003785, 0.73805964
0.50139362, 0.05638242
0.00551956, 0.69741577, -0.07237485
0.61381876, -0.28003785, -0.73805964
0.67005402, 0.04806972
-0.00551956, 0.69741577, -0.07237485
-0.61381876, -0.28003785, -0.73805964
0.57332176, 0.02847886
0.00551956, 0.69741577, -0.07237485
0.61381876, -0.28003785, -0.73805964
0.57332176, 0.02571911
-0.00890802, 0.66192025, 1.064e-05
-0.77636033, 0.63023776, 0.0
0.08036764, 0.13806939
-0.00638517, 0.66192025, -0.00608007
-0.54896694, 0.63023776, -0.54896694
0.08683376, 0.13806939
-0.00638513, -0.15361762, -0.00608007
-0.54896694, -0.63023776, -0.54896694
0.08683376, 0.57097709
-0.00638517, 0.66192025, -0.00608007
-0.54896694, 0.63023776, -0.54896694
0.93903607, 0.6188933
-0.00029446, 0.66192025, -0.00860292
0.0, 0.63023776, -0.77636033
0.93903607, 0.61566025
-0.00029442, -0.15361762, -0.00860292
0.0, -0.63023776, -0.77636033
0.07322057, 0.61566025
0.00579625, 0.66192025, -0.00608007
0.54896694, 0.63023776, -0.54896694
0.93903607, 0.61242718
0.00579629, -0.15361762, -0.00608007
0.54896694, -0.63023776, -0.54896694
0.07322057, 0.61242706
0.00579625, 0.66192025, -0.00608007
0.54896694, 0.63023776, -0.54896694
0.08683376, 0.13806939
0.00831911, 0.66192025, 1.064e-05
0.77636033, 0.63023776, 0.0
0.08036764, 0.13806939
0.00831914, -0.15361762, 1.064e-05
0.77636033, -0.63023776, 0.0
0.08036764, 0.57097709
0.00579625, 0.66192025, 0.00610135
0.54896694, 0.63023776, 0.54896694
0.07390137, 0.13806939
0.00579629, -0.15361762, 0.00610135
0.54896694, -0.63023776, 0.54896694
0.07390137, 0.57097709
0.00579625, 0.66192025, 0.00610135
0.54896694, 0.63023776, 0.54896694
0.93903607, 0.61242718
-0.00029446, 0.66192025, 0.00862421
0.0, 0.63023776, 0.77636033
0.93903607, 0.61566025
-0.00029442, -0.15361762, 0.00862421
0.0, -0.63023776, 0.77636033
0.07322057, 0.61566025
0.00579625, 0.66192025, 0.00610135
0.54896694, 0.63023776, 0.54896694
0.53408366, 0.02564991
0.00831911, 0.66192025, 1.064e-05
0.77636033, 0.63023776, 0.0
0.53712904, 0.02501917
-0.00029446, 0.66192025, -0.00860292
0.0, 0.63023776, -0.77636033
0.54143584, 0.02717257
-0.00638517, 0.66192025, 0.00610135
-0.54896694, 0.63023776, 0.54896694
0.07390137, 0.13806939
-0.00890799, -0.15361762, 1.064e-05
-0.77636033, -0.63023776, 0.0
0.08036764, 0.57097709
-0.00638517, 0.66192025, 0.00610135
-0.54896694, 0.63023776, 0.54896694
0.93903607, 0.6188933
-0.00638513, -0.15361762, 0.00610135
-0.54896694, -0.63023776, 0.54896694
0.07322057, 0.6188933
0.00579629, -0.15361762, -0.00608007
0.54896694, -0.63023776, -0.54896694
0.25935179, 0.42332071
0.00579629, -0.15361762, 0.00610135
0.54896694, -0.63023776, 0.54896694
0.24641941, 0.42332071
-0.00638513, -0.15361762, 0.00610135
-0.54896694, -0.63023776, 0.54896694
0.24641941, 0.42978692
-0.0092892, 0.66692489, -0.00917184
-0.54896694, 0.63023776, -0.54896694
0.48614818, 0.05732477
-0.0092892, 0.66692489, -0.00917184
-0.54896694, 0.63023776, -0.54896694
0.63845253, 0.05569243
-0.0092892, 0.66692489, 0.00975108
-0.54896694, 0.63023776, 0.54896694
0.48614818, 0.05732477
0.00963371, 0.61345071, -0.00917184
0.54896694, -0.63023776, -0.54896694
0.54172027, 0.02469057
0.01355278, 0.61345071, 0.00028962
0.77636033, -0.63023776, 0.0
0.53698957, 0.02371079
0.00963371, 0.61345071, 0.00975108
0.54896694, -0.63023776, 0.54896694
0.53225881, 0.02469057
-0.0092892, 0.61345071, 0.00975108
-0.54896694, -0.63023776, 0.54896694
0.53225881, 0.02942127
-0.01320827, 0.61345071, 0.00028962
-0.77636033, -0.63023776, 0.0
0.53698957, 0.03040099
0.00963372, 0.66692489, 0.00975108
0.54896694, 0.63023776, 0.54896694
0.62899107, 0.05569243
0.01355278, 0.66692489, 0.00028962
0.77636033, 0.63023776, 0.0
0.53698957, 0.02371079
0.00963372, 0.66692489, -0.00917184
0.54896694, 0.63023776, -0.54896694
0.54172027, 0.02469051
0.00017226, 0.66692489, -0.01309091
0.0, 0.63023776, -0.77636033
0.54367977, 0.02705592
-0.01320826, 0.66692489, 0.00028962
-0.77636033, 0.63023776, 0.0
0.53698957, 0.03040099
0.00017226, 0.66692489, 0.01367014
0.0, 0.63023776, 0.77636033
0.53029931, 0.02705592
-0.01000004, 0.66032577, 0.01000004
-0.72179329, -0.67815179, 0.13818781
0.62886655, 0.05734223
0.01000004, 0.66032577, -0.01000004
0.72179329, -0.67815179, -0.13818781
0.6388666, 0.05734223
-0.00551956, 0.68664014, 0.0138558
-0.90356153, 0.39915159, 0.15567492
0.53020644, 0.02847886
0.00551956, 0.68664014, -0.0138558
0.90356153, 0.39915159, -0.15567492
0.54406226, 0.02571911
-0.00551956, 0.69741577, -0.07237485
-0.61381876, -0.28003785, -0.73805964
0.50139362, 0.05638242
-0.00551956, 0.68664014, -0.0138558
-0.90356153, 0.39915159, -0.15567492
0.49600577, 0.05638242
0.00551956, 0.68664014, 0.0138558
0.90356153, 0.39915159, 0.15567492
0.49600577, 0.0536226
-0.00551956, 0.70120764, 0.05168178
-0.82778406, 0.37424847, -0.41795099
0.50328952, 0.05638242
0.00551956, 0.70120764, -0.05168178
0.82778406, 0.37424847, 0.41795099
0.50328952, 0.0536226
0.00551956, 0.69741577, 0.07237485
0.61381876, -0.28003785, 0.73805964
0.50139362, 0.0536226
-0.00638513, -0.15361762, -0.00608007
-0.54896694, -0.63023776, -0.54896694
0.07322057, 0.6188933
0.00579629, -0.15361762, -0.00608007
0.54896694, -0.63023776, -0.54896694
0.08683376, 0.57097709
0.00579629, -0.15361762, 0.00610135
0.54896694, -0.63023776, 0.54896694
0.07322057, 0.61242706
-0.00638517, 0.66192025, -0.00608007
-0.54896694, 0.63023776, -0.54896694
0.54017437, 0.02869523
-0.00890802, 0.66192025, 1.064e-05
-0.77636033, 0.63023776, 0.0
0.53712904, 0.02932596
-0.00638517, 0.66192025, 0.00610135
-0.54896694, 0.63023776, 0.54896694
0.53408366, 0.02869523
-0.00029446, 0.66192025, 0.00862421
0.0, 0.63023776, 0.77636033
0.53282225, 0.02717257
0.00579625, 0.66192025, -0.00608007
0.54896694, 0.63023776, -0.54896694
0.54017437, 0.02564991
-0.00638513, -0.15361762, 0.00610135
-0.54896694, -0.63023776, 0.54896694
0.07390137, 0.57097709
-0.00890799, -0.15361762, 1.064e-05
-0.77636033, -0.63023776, 0.0
0.2528857, 0.43112618
-0.00638513, -0.15361762, -0.00608007
-0.54896694, -0.63023776, -0.54896694
0.25935179, 0.42978692
-0.00029442, -0.15361762, -0.00860292
0.0, -0.63023776, -0.77636033
0.2620303, 0.42655391
0.00831914, -0.15361762, 1.064e-05
0.77636033, -0.63023776, 0.0
0.2528857, 0.42198157
-0.00029442, -0.15361762, 0.00862421
0.0, -0.63023776, 0.77636033
0.24374105, 0.42655391
# Number of Faces:
122
# Face Data:
0, 1, 2
3, 4, 5
6, 5, 7
8, 9, 10
9, 11, 12
13, 14, 15
16, 17, 18
19, 0, 20
14, 21, 22
23, 24, 25
26, 27, 28
29, 30, 31
32, 33, 34
35, 36, 33
33, 37, 38
39, 40, 41
42, 43, 29
44, 45, 27
46, 47, 48
49, 50, 32
51, 52, 53
30, 54, 55
56, 57, 58
54, 59, 60
61, 62, 63
54, 64, 55
65, 66, 67
68, 69, 30
70, 71, 72
73, 74, 75
73, 75, 43
76, 77, 45
42, 78, 43
79, 80, 81
82, 83, 50
84, 85, 86
84, 87, 85
59, 88, 60
61, 87, 62
82, 88, 83
70, 89, 71
68, 90, 69
65, 89, 66
35, 90, 36
91, 74, 92
79, 47, 80
37, 93, 38
46, 48, 94
37, 91, 92
49, 95, 50
96, 97, 52
98, 99, 100
101, 102, 103
102, 104, 105
106, 107, 108
107, 109, 110
111, 112, 113
114, 115, 116
117, 98, 118
112, 119, 120
121, 122, 123
20, 0, 2
6, 3, 5
124, 6, 7
125, 8, 10
10, 9, 12
126, 13, 15
18, 127, 128
128, 129, 16
16, 130, 131
131, 17, 16
18, 128, 16
132, 19, 20
15, 14, 22
25, 133, 23
134, 135, 23
23, 136, 24
24, 137, 25
133, 134, 23
53, 26, 28
138, 29, 31
139, 32, 34
32, 35, 33
34, 33, 38
140, 39, 41
138, 42, 29
26, 44, 27
139, 49, 32
28, 51, 53
31, 30, 55
141, 56, 58
64, 54, 60
142, 61, 63
143, 65, 67
29, 68, 30
144, 70, 72
78, 73, 43
44, 76, 45
145, 79, 81
95, 82, 50
146, 84, 86
147, 46, 94
93, 37, 92
51, 96, 52
118, 98, 100
148, 101, 103
103, 102, 105
149, 106, 108
108, 107, 110
150, 111, 113
116, 151, 152
152, 153, 116
154, 114, 116
115, 155, 116
116, 153, 154
156, 117, 118
113, 112, 120
123, 157, 158
158, 159, 123
121, 160, 122
122, 161, 123
123, 159, 121
